
DATA_PATH, n, d, k: /home/hrgat/Namizje/Shudian/2021.0096-master/src/clustering_c++/git_instances/3-spiral.txt 312 2 5
LOG_PATH: /home/hrgat/Namizje/Shudian/2021.0096-master/src/clustering_c++/git_instances_results/3-spiral_5.txt

BRANCH_AND_BOUND_TOL: 0.0001
BRANCH_AND_BOUND_PARALLEL: 2
BRANCH_AND_BOUND_MAX_NODES: 100
BRANCH_AND_BOUND_VISITING_STRATEGY: 0

SDP_SOLVER_SESSION_THREADS_ROOT: 24
SDP_SOLVER_SESSION_THREADS: 24
SDP_SOLVER_FOLDER: /home/hrgat/Namizje/Shudian/SDPNAL+v1.0/
SDP_SOLVER_TOL: 1e-05
SDP_SOLVER_VERBOSE: 1
SDP_SOLVER_MAX_CP_ITER_ROOT: 40
SDP_SOLVER_MAX_CP_ITER: 20
SDP_SOLVER_CP_TOL: 1e-05
SDP_SOLVER_MAX_INEQ: 100000
SDP_SOLVER_INHERIT_PERC: 1
SDP_SOLVER_EPS_INEQ: 0.0001
SDP_SOLVER_EPS_ACTIVE: 1e-06
SDP_SOLVER_MAX_PAIR_INEQ: 100000
SDP_SOLVER_PAIR_PERC: 0.05
SDP_SOLVER_MAX_TRIANGLE_INEQ: 100000
SDP_SOLVER_TRIANGLE_PERC: 0.05

KMEANS_SDP_BASED: 1
KMEANS_MAX_ITER: 100
KMEANS_N_START: 50
KMEANS_VERBOSE: 0


|    N| NODE_PAR|    NODE|      LB_PAR|          LB|  FLAG|  TIME (s)| CP_ITER| CP_FLAG|   CP_INEQ|     PAIR  TRIANGLE    CLIQUE|         GUB|     I      J|     NODE_GAP|          GAP|  OPEN|
|  312|       -1|       0|        -inf|     7351.82|     0|       907|      17|      -3|      5646|  378.588      3945       312|    7352.09*|    -1     -1|   3.5979e-05|   3.5979e-05|     0|

WALL_TIME: 913 sec
N_NODES: 1
AVG_INEQ: 4635.59
AVG_CP_ITER: 17
ROOT_GAP: 3.5979e-05
GAP: 0
BEST: 7352.09

[matrix size: 312x5; n_nonzero: 312; density: 20.0%]

     (10, 0)          1.0000
     (11, 0)          1.0000
     (12, 0)          1.0000
     (13, 0)          1.0000
     (14, 0)          1.0000
     (15, 0)          1.0000
     (16, 0)          1.0000
     (17, 0)          1.0000
     (18, 0)          1.0000
     (19, 0)          1.0000
     (20, 0)          1.0000
     (21, 0)          1.0000
     (22, 0)          1.0000
     (23, 0)          1.0000
     (24, 0)          1.0000
     (25, 0)          1.0000
     (26, 0)          1.0000
     (27, 0)          1.0000
     (28, 0)          1.0000
    (149, 0)          1.0000
    (150, 0)          1.0000
    (151, 0)          1.0000
    (152, 0)          1.0000
    (153, 0)          1.0000
    (154, 0)          1.0000
    (155, 0)          1.0000
    (156, 0)          1.0000
    (157, 0)          1.0000
    (158, 0)          1.0000
    (159, 0)          1.0000
    (160, 0)          1.0000
    (161, 0)          1.0000
    (162, 0)          1.0000
    (163, 0)          1.0000
    (164, 0)          1.0000
    (165, 0)          1.0000
    (166, 0)          1.0000
    (167, 0)          1.0000
    (168, 0)          1.0000
    (169, 0)          1.0000
    (170, 0)          1.0000
    (283, 0)          1.0000
    (284, 0)          1.0000
    (285, 0)          1.0000
    (286, 0)          1.0000
    (287, 0)          1.0000
    (288, 0)          1.0000
    (289, 0)          1.0000
    (290, 0)          1.0000
    (291, 0)          1.0000
    (292, 0)          1.0000
    (293, 0)          1.0000
    (294, 0)          1.0000
    (295, 0)          1.0000
    (296, 0)          1.0000
    (297, 0)          1.0000
    (298, 0)          1.0000
    (299, 0)          1.0000
    (300, 0)          1.0000
    (301, 0)          1.0000
    (302, 0)          1.0000
    (303, 0)          1.0000
    (304, 0)          1.0000
    (305, 0)          1.0000
    (306, 0)          1.0000
    (307, 0)          1.0000
    (308, 0)          1.0000
    (309, 0)          1.0000
    (310, 0)          1.0000
    (311, 0)          1.0000
     (29, 1)          1.0000
     (30, 1)          1.0000
     (31, 1)          1.0000
     (32, 1)          1.0000
     (33, 1)          1.0000
     (34, 1)          1.0000
     (35, 1)          1.0000
     (36, 1)          1.0000
     (37, 1)          1.0000
     (38, 1)          1.0000
     (39, 1)          1.0000
     (40, 1)          1.0000
     (41, 1)          1.0000
     (42, 1)          1.0000
     (43, 1)          1.0000
     (44, 1)          1.0000
     (45, 1)          1.0000
     (46, 1)          1.0000
     (47, 1)          1.0000
    (171, 1)          1.0000
    (172, 1)          1.0000
    (173, 1)          1.0000
    (174, 1)          1.0000
    (175, 1)          1.0000
    (176, 1)          1.0000
    (177, 1)          1.0000
    (178, 1)          1.0000
    (179, 1)          1.0000
    (180, 1)          1.0000
    (181, 1)          1.0000
    (182, 1)          1.0000
    (183, 1)          1.0000
    (184, 1)          1.0000
    (207, 1)          1.0000
    (208, 1)          1.0000
    (209, 1)          1.0000
    (210, 1)          1.0000
    (211, 1)          1.0000
    (212, 1)          1.0000
    (213, 1)          1.0000
    (214, 1)          1.0000
    (215, 1)          1.0000
    (216, 1)          1.0000
    (217, 1)          1.0000
    (218, 1)          1.0000
    (219, 1)          1.0000
    (220, 1)          1.0000
    (221, 1)          1.0000
    (222, 1)          1.0000
     (69, 2)          1.0000
     (70, 2)          1.0000
     (71, 2)          1.0000
     (72, 2)          1.0000
     (73, 2)          1.0000
     (74, 2)          1.0000
     (75, 2)          1.0000
     (76, 2)          1.0000
     (77, 2)          1.0000
     (78, 2)          1.0000
     (79, 2)          1.0000
     (80, 2)          1.0000
     (81, 2)          1.0000
     (82, 2)          1.0000
     (83, 2)          1.0000
     (84, 2)          1.0000
     (85, 2)          1.0000
    (106, 2)          1.0000
    (107, 2)          1.0000
    (108, 2)          1.0000
    (109, 2)          1.0000
    (110, 2)          1.0000
    (111, 2)          1.0000
    (112, 2)          1.0000
    (113, 2)          1.0000
    (114, 2)          1.0000
    (115, 2)          1.0000
    (116, 2)          1.0000
    (117, 2)          1.0000
    (118, 2)          1.0000
    (119, 2)          1.0000
    (120, 2)          1.0000
    (121, 2)          1.0000
    (122, 2)          1.0000
    (123, 2)          1.0000
    (124, 2)          1.0000
    (125, 2)          1.0000
    (126, 2)          1.0000
    (241, 2)          1.0000
    (242, 2)          1.0000
    (243, 2)          1.0000
    (244, 2)          1.0000
    (245, 2)          1.0000
    (246, 2)          1.0000
    (247, 2)          1.0000
    (248, 2)          1.0000
    (249, 2)          1.0000
    (250, 2)          1.0000
    (251, 2)          1.0000
    (252, 2)          1.0000
    (253, 2)          1.0000
    (254, 2)          1.0000
    (255, 2)          1.0000
    (256, 2)          1.0000
    (257, 2)          1.0000
    (258, 2)          1.0000
    (259, 2)          1.0000
    (260, 2)          1.0000
     (48, 3)          1.0000
     (49, 3)          1.0000
     (50, 3)          1.0000
     (51, 3)          1.0000
     (52, 3)          1.0000
     (53, 3)          1.0000
     (54, 3)          1.0000
     (55, 3)          1.0000
     (56, 3)          1.0000
     (57, 3)          1.0000
     (58, 3)          1.0000
     (59, 3)          1.0000
     (60, 3)          1.0000
     (61, 3)          1.0000
     (62, 3)          1.0000
     (63, 3)          1.0000
     (64, 3)          1.0000
     (65, 3)          1.0000
     (66, 3)          1.0000
     (67, 3)          1.0000
     (68, 3)          1.0000
    (185, 3)          1.0000
    (186, 3)          1.0000
    (187, 3)          1.0000
    (188, 3)          1.0000
    (189, 3)          1.0000
    (190, 3)          1.0000
    (191, 3)          1.0000
    (192, 3)          1.0000
    (193, 3)          1.0000
    (194, 3)          1.0000
    (195, 3)          1.0000
    (196, 3)          1.0000
    (197, 3)          1.0000
    (198, 3)          1.0000
    (199, 3)          1.0000
    (200, 3)          1.0000
    (201, 3)          1.0000
    (202, 3)          1.0000
    (203, 3)          1.0000
    (204, 3)          1.0000
    (205, 3)          1.0000
    (206, 3)          1.0000
    (223, 3)          1.0000
    (224, 3)          1.0000
    (225, 3)          1.0000
    (226, 3)          1.0000
    (227, 3)          1.0000
    (228, 3)          1.0000
    (229, 3)          1.0000
    (230, 3)          1.0000
    (231, 3)          1.0000
    (232, 3)          1.0000
    (233, 3)          1.0000
    (234, 3)          1.0000
    (235, 3)          1.0000
    (236, 3)          1.0000
    (237, 3)          1.0000
    (238, 3)          1.0000
    (239, 3)          1.0000
    (240, 3)          1.0000
      (0, 4)          1.0000
      (1, 4)          1.0000
      (2, 4)          1.0000
      (3, 4)          1.0000
      (4, 4)          1.0000
      (5, 4)          1.0000
      (6, 4)          1.0000
      (7, 4)          1.0000
      (8, 4)          1.0000
      (9, 4)          1.0000
     (86, 4)          1.0000
     (87, 4)          1.0000
     (88, 4)          1.0000
     (89, 4)          1.0000
     (90, 4)          1.0000
     (91, 4)          1.0000
     (92, 4)          1.0000
     (93, 4)          1.0000
     (94, 4)          1.0000
     (95, 4)          1.0000
     (96, 4)          1.0000
     (97, 4)          1.0000
     (98, 4)          1.0000
     (99, 4)          1.0000
    (100, 4)          1.0000
    (101, 4)          1.0000
    (102, 4)          1.0000
    (103, 4)          1.0000
    (104, 4)          1.0000
    (105, 4)          1.0000
    (127, 4)          1.0000
    (128, 4)          1.0000
    (129, 4)          1.0000
    (130, 4)          1.0000
    (131, 4)          1.0000
    (132, 4)          1.0000
    (133, 4)          1.0000
    (134, 4)          1.0000
    (135, 4)          1.0000
    (136, 4)          1.0000
    (137, 4)          1.0000
    (138, 4)          1.0000
    (139, 4)          1.0000
    (140, 4)          1.0000
    (141, 4)          1.0000
    (142, 4)          1.0000
    (143, 4)          1.0000
    (144, 4)          1.0000
    (145, 4)          1.0000
    (146, 4)          1.0000
    (147, 4)          1.0000
    (148, 4)          1.0000
    (261, 4)          1.0000
    (262, 4)          1.0000
    (263, 4)          1.0000
    (264, 4)          1.0000
    (265, 4)          1.0000
    (266, 4)          1.0000
    (267, 4)          1.0000
    (268, 4)          1.0000
    (269, 4)          1.0000
    (270, 4)          1.0000
    (271, 4)          1.0000
    (272, 4)          1.0000
    (273, 4)          1.0000
    (274, 4)          1.0000
    (275, 4)          1.0000
    (276, 4)          1.0000
    (277, 4)          1.0000
    (278, 4)          1.0000
    (279, 4)          1.0000
    (280, 4)          1.0000
    (281, 4)          1.0000
    (282, 4)          1.0000

