
DATA_PATH, n, d, k: /home/hrgat/Namizje/Shudian/2021.0096-master/src/clustering_c++/git_instances/3-spiral.txt 312 2 4
LOG_PATH: /home/hrgat/Namizje/Shudian/2021.0096-master/src/clustering_c++/git_instances_results/3-spiral_4.txt

BRANCH_AND_BOUND_TOL: 0.0001
BRANCH_AND_BOUND_PARALLEL: 2
BRANCH_AND_BOUND_MAX_NODES: 100
BRANCH_AND_BOUND_VISITING_STRATEGY: 0

SDP_SOLVER_SESSION_THREADS_ROOT: 24
SDP_SOLVER_SESSION_THREADS: 24
SDP_SOLVER_FOLDER: /home/hrgat/Namizje/Shudian/SDPNAL+v1.0/
SDP_SOLVER_TOL: 1e-05
SDP_SOLVER_VERBOSE: 1
SDP_SOLVER_MAX_CP_ITER_ROOT: 40
SDP_SOLVER_MAX_CP_ITER: 20
SDP_SOLVER_CP_TOL: 1e-05
SDP_SOLVER_MAX_INEQ: 100000
SDP_SOLVER_INHERIT_PERC: 1
SDP_SOLVER_EPS_INEQ: 0.0001
SDP_SOLVER_EPS_ACTIVE: 1e-06
SDP_SOLVER_MAX_PAIR_INEQ: 100000
SDP_SOLVER_PAIR_PERC: 0.05
SDP_SOLVER_MAX_TRIANGLE_INEQ: 100000
SDP_SOLVER_TRIANGLE_PERC: 0.05

KMEANS_SDP_BASED: 1
KMEANS_MAX_ITER: 100
KMEANS_N_START: 50
KMEANS_VERBOSE: 0


|    N| NODE_PAR|    NODE|      LB_PAR|          LB|  FLAG|  TIME (s)| CP_ITER| CP_FLAG|   CP_INEQ|     PAIR  TRIANGLE    CLIQUE|         GUB|     I      J|     NODE_GAP|          GAP|  OPEN|
|  312|       -1|       0|        -inf|     9198.08|     0|       770|      14|       3|      5538|  413.143      4516       312|     9200.4*|    -1     -1|  0.000251382|  0.000251382|     0|
|  312|        0|       1|     9198.08|     9199.85|     0|        87|       0|       2|      5538|        0         0         0|      9200.4|     8    148|  5.90482e-05|  5.90482e-05|     0|
|  311|        0|       2|     9198.08|     9198.63|     0|       363|       3|      -3|      8931|  1.33333      4218       311|      9200.4|     8    148|  0.000192384|  0.000192384|     0|
|  311|        2|       3|     9198.63|     9199.15|     0|       635|       2|      -3|      7743|        0     937.5       311|      9200.4|    58    226|  0.000135672|  0.000135672|     0|
|  311|        3|       4|     9199.15|     9199.15|    -3|       194|       1|      -3|      7743|        0      5000       311|      9200.4|    83     84|  0.000135672|  0.000135672|     1|
|  310|        2|       5|     9198.63|     9199.94|     0|      1344|       4|       2|      9140|    17.75      3111       310|      9200.4|    58    226|    4.919e-05|  0.000135672|     2|
|  311|        4|       6|     9199.15|     9200.47|     0|        58|       0|       2|      7743|        0         0         0|      9200.4|   122    256| -8.29614e-06|  0.000135672|     1|
|  310|        3|       7|     9199.15|     9200.32|     0|       741|       3|       2|      6747|  16.3333      2833       310|      9200.4|    83     84|   8.1252e-06|   8.1252e-06|     0|
|  310|        4|       8|     9199.15|     9201.72|     0|       237|       2|       2|      8397|        0      5000       310|      9200.4|   122    256| -0.000143469| -0.000143469|     0|

WALL_TIME: 2799 sec
N_NODES: 9
AVG_INEQ: 3137.67
AVG_CP_ITER: 3.22222
ROOT_GAP: 0.000251382
GAP: 0
BEST: 9200.4

[matrix size: 312x4; n_nonzero: 312; density: 25.0%]

      (9, 0)          1.0000
     (10, 0)          1.0000
     (11, 0)          1.0000
     (12, 0)          1.0000
     (13, 0)          1.0000
     (14, 0)          1.0000
     (15, 0)          1.0000
     (16, 0)          1.0000
     (17, 0)          1.0000
     (18, 0)          1.0000
     (19, 0)          1.0000
     (20, 0)          1.0000
     (21, 0)          1.0000
     (22, 0)          1.0000
     (23, 0)          1.0000
     (24, 0)          1.0000
     (25, 0)          1.0000
     (26, 0)          1.0000
     (27, 0)          1.0000
     (28, 0)          1.0000
     (29, 0)          1.0000
     (30, 0)          1.0000
     (31, 0)          1.0000
    (148, 0)          1.0000
    (149, 0)          1.0000
    (150, 0)          1.0000
    (151, 0)          1.0000
    (152, 0)          1.0000
    (153, 0)          1.0000
    (154, 0)          1.0000
    (155, 0)          1.0000
    (156, 0)          1.0000
    (157, 0)          1.0000
    (158, 0)          1.0000
    (159, 0)          1.0000
    (160, 0)          1.0000
    (161, 0)          1.0000
    (162, 0)          1.0000
    (163, 0)          1.0000
    (164, 0)          1.0000
    (165, 0)          1.0000
    (166, 0)          1.0000
    (167, 0)          1.0000
    (168, 0)          1.0000
    (169, 0)          1.0000
    (170, 0)          1.0000
    (171, 0)          1.0000
    (172, 0)          1.0000
    (282, 0)          1.0000
    (283, 0)          1.0000
    (284, 0)          1.0000
    (285, 0)          1.0000
    (286, 0)          1.0000
    (287, 0)          1.0000
    (288, 0)          1.0000
    (289, 0)          1.0000
    (290, 0)          1.0000
    (291, 0)          1.0000
    (292, 0)          1.0000
    (293, 0)          1.0000
    (294, 0)          1.0000
    (295, 0)          1.0000
    (296, 0)          1.0000
    (297, 0)          1.0000
    (298, 0)          1.0000
    (299, 0)          1.0000
    (300, 0)          1.0000
    (301, 0)          1.0000
    (302, 0)          1.0000
    (303, 0)          1.0000
    (304, 0)          1.0000
    (305, 0)          1.0000
    (306, 0)          1.0000
    (307, 0)          1.0000
    (308, 0)          1.0000
    (309, 0)          1.0000
    (310, 0)          1.0000
    (311, 0)          1.0000
      (0, 1)          1.0000
      (1, 1)          1.0000
      (2, 1)          1.0000
      (3, 1)          1.0000
      (4, 1)          1.0000
      (5, 1)          1.0000
      (6, 1)          1.0000
      (7, 1)          1.0000
      (8, 1)          1.0000
     (84, 1)          1.0000
     (85, 1)          1.0000
     (86, 1)          1.0000
     (87, 1)          1.0000
     (88, 1)          1.0000
     (89, 1)          1.0000
     (90, 1)          1.0000
     (91, 1)          1.0000
     (92, 1)          1.0000
     (93, 1)          1.0000
     (94, 1)          1.0000
     (95, 1)          1.0000
     (96, 1)          1.0000
     (97, 1)          1.0000
     (98, 1)          1.0000
     (99, 1)          1.0000
    (100, 1)          1.0000
    (101, 1)          1.0000
    (102, 1)          1.0000
    (103, 1)          1.0000
    (104, 1)          1.0000
    (105, 1)          1.0000
    (123, 1)          1.0000
    (124, 1)          1.0000
    (125, 1)          1.0000
    (126, 1)          1.0000
    (127, 1)          1.0000
    (128, 1)          1.0000
    (129, 1)          1.0000
    (130, 1)          1.0000
    (131, 1)          1.0000
    (132, 1)          1.0000
    (133, 1)          1.0000
    (134, 1)          1.0000
    (135, 1)          1.0000
    (136, 1)          1.0000
    (137, 1)          1.0000
    (138, 1)          1.0000
    (139, 1)          1.0000
    (140, 1)          1.0000
    (141, 1)          1.0000
    (142, 1)          1.0000
    (143, 1)          1.0000
    (144, 1)          1.0000
    (145, 1)          1.0000
    (146, 1)          1.0000
    (147, 1)          1.0000
    (258, 1)          1.0000
    (259, 1)          1.0000
    (260, 1)          1.0000
    (261, 1)          1.0000
    (262, 1)          1.0000
    (263, 1)          1.0000
    (264, 1)          1.0000
    (265, 1)          1.0000
    (266, 1)          1.0000
    (267, 1)          1.0000
    (268, 1)          1.0000
    (269, 1)          1.0000
    (270, 1)          1.0000
    (271, 1)          1.0000
    (272, 1)          1.0000
    (273, 1)          1.0000
    (274, 1)          1.0000
    (275, 1)          1.0000
    (276, 1)          1.0000
    (277, 1)          1.0000
    (278, 1)          1.0000
    (279, 1)          1.0000
    (280, 1)          1.0000
    (281, 1)          1.0000
     (59, 2)          1.0000
     (60, 2)          1.0000
     (61, 2)          1.0000
     (62, 2)          1.0000
     (63, 2)          1.0000
     (64, 2)          1.0000
     (65, 2)          1.0000
     (66, 2)          1.0000
     (67, 2)          1.0000
     (68, 2)          1.0000
     (69, 2)          1.0000
     (70, 2)          1.0000
     (71, 2)          1.0000
     (72, 2)          1.0000
     (73, 2)          1.0000
     (74, 2)          1.0000
     (75, 2)          1.0000
     (76, 2)          1.0000
     (77, 2)          1.0000
     (78, 2)          1.0000
     (79, 2)          1.0000
     (80, 2)          1.0000
     (81, 2)          1.0000
     (82, 2)          1.0000
     (83, 2)          1.0000
    (106, 2)          1.0000
    (107, 2)          1.0000
    (108, 2)          1.0000
    (109, 2)          1.0000
    (110, 2)          1.0000
    (111, 2)          1.0000
    (112, 2)          1.0000
    (113, 2)          1.0000
    (114, 2)          1.0000
    (115, 2)          1.0000
    (116, 2)          1.0000
    (117, 2)          1.0000
    (118, 2)          1.0000
    (119, 2)          1.0000
    (120, 2)          1.0000
    (121, 2)          1.0000
    (122, 2)          1.0000
    (198, 2)          1.0000
    (199, 2)          1.0000
    (200, 2)          1.0000
    (201, 2)          1.0000
    (202, 2)          1.0000
    (203, 2)          1.0000
    (204, 2)          1.0000
    (205, 2)          1.0000
    (206, 2)          1.0000
    (232, 2)          1.0000
    (233, 2)          1.0000
    (234, 2)          1.0000
    (235, 2)          1.0000
    (236, 2)          1.0000
    (237, 2)          1.0000
    (238, 2)          1.0000
    (239, 2)          1.0000
    (240, 2)          1.0000
    (241, 2)          1.0000
    (242, 2)          1.0000
    (243, 2)          1.0000
    (244, 2)          1.0000
    (245, 2)          1.0000
    (246, 2)          1.0000
    (247, 2)          1.0000
    (248, 2)          1.0000
    (249, 2)          1.0000
    (250, 2)          1.0000
    (251, 2)          1.0000
    (252, 2)          1.0000
    (253, 2)          1.0000
    (254, 2)          1.0000
    (255, 2)          1.0000
    (256, 2)          1.0000
    (257, 2)          1.0000
     (32, 3)          1.0000
     (33, 3)          1.0000
     (34, 3)          1.0000
     (35, 3)          1.0000
     (36, 3)          1.0000
     (37, 3)          1.0000
     (38, 3)          1.0000
     (39, 3)          1.0000
     (40, 3)          1.0000
     (41, 3)          1.0000
     (42, 3)          1.0000
     (43, 3)          1.0000
     (44, 3)          1.0000
     (45, 3)          1.0000
     (46, 3)          1.0000
     (47, 3)          1.0000
     (48, 3)          1.0000
     (49, 3)          1.0000
     (50, 3)          1.0000
     (51, 3)          1.0000
     (52, 3)          1.0000
     (53, 3)          1.0000
     (54, 3)          1.0000
     (55, 3)          1.0000
     (56, 3)          1.0000
     (57, 3)          1.0000
     (58, 3)          1.0000
    (173, 3)          1.0000
    (174, 3)          1.0000
    (175, 3)          1.0000
    (176, 3)          1.0000
    (177, 3)          1.0000
    (178, 3)          1.0000
    (179, 3)          1.0000
    (180, 3)          1.0000
    (181, 3)          1.0000
    (182, 3)          1.0000
    (183, 3)          1.0000
    (184, 3)          1.0000
    (185, 3)          1.0000
    (186, 3)          1.0000
    (187, 3)          1.0000
    (188, 3)          1.0000
    (189, 3)          1.0000
    (190, 3)          1.0000
    (191, 3)          1.0000
    (192, 3)          1.0000
    (193, 3)          1.0000
    (194, 3)          1.0000
    (195, 3)          1.0000
    (196, 3)          1.0000
    (197, 3)          1.0000
    (207, 3)          1.0000
    (208, 3)          1.0000
    (209, 3)          1.0000
    (210, 3)          1.0000
    (211, 3)          1.0000
    (212, 3)          1.0000
    (213, 3)          1.0000
    (214, 3)          1.0000
    (215, 3)          1.0000
    (216, 3)          1.0000
    (217, 3)          1.0000
    (218, 3)          1.0000
    (219, 3)          1.0000
    (220, 3)          1.0000
    (221, 3)          1.0000
    (222, 3)          1.0000
    (223, 3)          1.0000
    (224, 3)          1.0000
    (225, 3)          1.0000
    (226, 3)          1.0000
    (227, 3)          1.0000
    (228, 3)          1.0000
    (229, 3)          1.0000
    (230, 3)          1.0000
    (231, 3)          1.0000

