
DATA_PATH, n, d, k: /home/hrgat/Namizje/Shudian/2021.0096-master/src/clustering_c++/git_instances/3MC.txt 400 2 4
LOG_PATH: /home/hrgat/Namizje/Shudian/2021.0096-master/src/clustering_c++/git_instances_results/3MC_4.txt

BRANCH_AND_BOUND_TOL: 0.0001
BRANCH_AND_BOUND_PARALLEL: 2
BRANCH_AND_BOUND_MAX_NODES: 100
BRANCH_AND_BOUND_VISITING_STRATEGY: 0

SDP_SOLVER_SESSION_THREADS_ROOT: 24
SDP_SOLVER_SESSION_THREADS: 24
SDP_SOLVER_FOLDER: /home/hrgat/Namizje/Shudian/SDPNAL+v1.0/
SDP_SOLVER_TOL: 1e-05
SDP_SOLVER_VERBOSE: 1
SDP_SOLVER_MAX_CP_ITER_ROOT: 40
SDP_SOLVER_MAX_CP_ITER: 20
SDP_SOLVER_CP_TOL: 1e-05
SDP_SOLVER_MAX_INEQ: 100000
SDP_SOLVER_INHERIT_PERC: 1
SDP_SOLVER_EPS_INEQ: 0.0001
SDP_SOLVER_EPS_ACTIVE: 1e-06
SDP_SOLVER_MAX_PAIR_INEQ: 100000
SDP_SOLVER_PAIR_PERC: 0.05
SDP_SOLVER_MAX_TRIANGLE_INEQ: 100000
SDP_SOLVER_TRIANGLE_PERC: 0.05

KMEANS_SDP_BASED: 1
KMEANS_MAX_ITER: 100
KMEANS_N_START: 50
KMEANS_VERBOSE: 0


|    N| NODE_PAR|    NODE|      LB_PAR|          LB|  FLAG|  TIME (s)| CP_ITER| CP_FLAG|   CP_INEQ|     PAIR  TRIANGLE    CLIQUE|         GUB|     I      J|     NODE_GAP|          GAP|  OPEN|
|  400|       -1|       0|        -inf|     1221.45|     0|      2079|      12|      -3|     14419|      930      5000       400|    1221.71*|    -1     -1|  0.000216549|  0.000216549|     0|
|  400|        0|       1|     1221.45|     1221.68|     0|       388|       0|       2|     14419|        0         0         0|     1221.71|   243    274|  2.94096e-05|  2.94096e-05|     0|
|  399|        0|       2|     1221.45|     1221.51|     0|      1652|       5|      -3|     14783|    176.2      5000       399|     1221.71|   243    274|  0.000166422|  0.000166422|     0|
|  399|        2|       3|     1221.51|     1221.67|     0|       277|       0|       2|     14783|        0         0         0|     1221.71|    14     43|  3.83782e-05|  3.83782e-05|     0|
|  398|        2|       4|     1221.51|     1221.51|     0|       895|       3|      -3|     14233|  176.333      5000       398|     1221.71|    14     43|  0.000166422|  0.000166422|     0|
|  397|        4|       5|     1221.51|     1221.76|     0|      1506|       3|       2|     14444|      147      5000       397|     1221.71|    14     31| -3.86407e-05| -3.86407e-05|     0|
|  398|        4|       6|     1221.51|     1221.71|     0|      1536|       0|       2|     14233|        0         0         0|     1221.71|    14     31|  5.08635e-06|  5.08635e-06|     0|

WALL_TIME: 6188 sec
N_NODES: 7
AVG_INEQ: 3289.08
AVG_CP_ITER: 3.28571
ROOT_GAP: 0.000216549
GAP: 0
BEST: 1221.71

[matrix size: 400x4; n_nonzero: 400; density: 25.0%]

      (0, 0)          1.0000
      (1, 0)          1.0000
      (2, 0)          1.0000
      (3, 0)          1.0000
      (5, 0)          1.0000
      (6, 0)          1.0000
      (8, 0)          1.0000
      (9, 0)          1.0000
     (10, 0)          1.0000
     (11, 0)          1.0000
     (12, 0)          1.0000
     (13, 0)          1.0000
     (14, 0)          1.0000
     (15, 0)          1.0000
     (16, 0)          1.0000
     (18, 0)          1.0000
     (19, 0)          1.0000
     (21, 0)          1.0000
     (23, 0)          1.0000
     (24, 0)          1.0000
     (25, 0)          1.0000
     (27, 0)          1.0000
     (28, 0)          1.0000
     (29, 0)          1.0000
     (32, 0)          1.0000
     (36, 0)          1.0000
     (37, 0)          1.0000
     (38, 0)          1.0000
     (39, 0)          1.0000
     (41, 0)          1.0000
     (42, 0)          1.0000
     (44, 0)          1.0000
     (46, 0)          1.0000
     (47, 0)          1.0000
     (48, 0)          1.0000
     (50, 0)          1.0000
     (51, 0)          1.0000
     (52, 0)          1.0000
     (55, 0)          1.0000
     (56, 0)          1.0000
     (57, 0)          1.0000
     (58, 0)          1.0000
     (59, 0)          1.0000
     (60, 0)          1.0000
     (62, 0)          1.0000
     (63, 0)          1.0000
     (64, 0)          1.0000
     (65, 0)          1.0000
     (67, 0)          1.0000
     (68, 0)          1.0000
     (70, 0)          1.0000
     (71, 0)          1.0000
     (73, 0)          1.0000
     (74, 0)          1.0000
     (75, 0)          1.0000
     (76, 0)          1.0000
     (77, 0)          1.0000
     (78, 0)          1.0000
     (80, 0)          1.0000
     (81, 0)          1.0000
     (82, 0)          1.0000
     (83, 0)          1.0000
     (85, 0)          1.0000
     (86, 0)          1.0000
     (88, 0)          1.0000
     (90, 0)          1.0000
     (94, 0)          1.0000
     (98, 0)          1.0000
    (100, 0)          1.0000
    (101, 0)          1.0000
    (102, 0)          1.0000
    (103, 0)          1.0000
    (104, 0)          1.0000
    (107, 0)          1.0000
    (109, 0)          1.0000
    (110, 0)          1.0000
    (111, 0)          1.0000
    (113, 0)          1.0000
    (114, 0)          1.0000
    (118, 0)          1.0000
    (119, 0)          1.0000
    (120, 1)          1.0000
    (121, 1)          1.0000
    (126, 1)          1.0000
    (127, 1)          1.0000
    (130, 1)          1.0000
    (131, 1)          1.0000
    (133, 1)          1.0000
    (134, 1)          1.0000
    (137, 1)          1.0000
    (138, 1)          1.0000
    (139, 1)          1.0000
    (143, 1)          1.0000
    (144, 1)          1.0000
    (147, 1)          1.0000
    (148, 1)          1.0000
    (149, 1)          1.0000
    (152, 1)          1.0000
    (154, 1)          1.0000
    (156, 1)          1.0000
    (157, 1)          1.0000
    (161, 1)          1.0000
    (162, 1)          1.0000
    (163, 1)          1.0000
    (166, 1)          1.0000
    (167, 1)          1.0000
    (168, 1)          1.0000
    (169, 1)          1.0000
    (170, 1)          1.0000
    (171, 1)          1.0000
    (173, 1)          1.0000
    (176, 1)          1.0000
    (179, 1)          1.0000
    (181, 1)          1.0000
    (185, 1)          1.0000
    (186, 1)          1.0000
    (187, 1)          1.0000
    (189, 1)          1.0000
    (193, 1)          1.0000
    (195, 1)          1.0000
    (196, 1)          1.0000
    (198, 1)          1.0000
    (200, 1)          1.0000
    (202, 1)          1.0000
    (203, 1)          1.0000
    (206, 1)          1.0000
    (207, 1)          1.0000
    (210, 1)          1.0000
    (212, 1)          1.0000
    (214, 1)          1.0000
    (216, 1)          1.0000
    (219, 1)          1.0000
    (220, 1)          1.0000
    (221, 1)          1.0000
    (222, 1)          1.0000
    (225, 1)          1.0000
    (226, 1)          1.0000
    (227, 1)          1.0000
    (229, 1)          1.0000
    (230, 1)          1.0000
    (231, 1)          1.0000
    (232, 1)          1.0000
    (234, 1)          1.0000
    (235, 1)          1.0000
    (237, 1)          1.0000
    (239, 1)          1.0000
    (240, 1)          1.0000
    (241, 1)          1.0000
    (243, 1)          1.0000
    (244, 1)          1.0000
    (245, 1)          1.0000
    (247, 1)          1.0000
    (248, 1)          1.0000
    (251, 1)          1.0000
    (252, 1)          1.0000
    (253, 1)          1.0000
    (254, 1)          1.0000
    (259, 1)          1.0000
    (260, 1)          1.0000
    (261, 1)          1.0000
    (264, 1)          1.0000
    (266, 1)          1.0000
    (267, 1)          1.0000
    (268, 1)          1.0000
    (270, 1)          1.0000
    (271, 1)          1.0000
    (273, 1)          1.0000
    (275, 1)          1.0000
    (277, 1)          1.0000
    (278, 1)          1.0000
    (279, 1)          1.0000
    (280, 1)          1.0000
    (281, 1)          1.0000
    (284, 1)          1.0000
    (289, 1)          1.0000
      (4, 2)          1.0000
      (7, 2)          1.0000
     (17, 2)          1.0000
     (20, 2)          1.0000
     (22, 2)          1.0000
     (26, 2)          1.0000
     (30, 2)          1.0000
     (31, 2)          1.0000
     (33, 2)          1.0000
     (34, 2)          1.0000
     (35, 2)          1.0000
     (40, 2)          1.0000
     (43, 2)          1.0000
     (45, 2)          1.0000
     (49, 2)          1.0000
     (53, 2)          1.0000
     (54, 2)          1.0000
     (61, 2)          1.0000
     (66, 2)          1.0000
     (69, 2)          1.0000
     (72, 2)          1.0000
     (79, 2)          1.0000
     (84, 2)          1.0000
     (87, 2)          1.0000
     (89, 2)          1.0000
     (91, 2)          1.0000
     (92, 2)          1.0000
     (93, 2)          1.0000
     (95, 2)          1.0000
     (96, 2)          1.0000
     (97, 2)          1.0000
     (99, 2)          1.0000
    (105, 2)          1.0000
    (106, 2)          1.0000
    (108, 2)          1.0000
    (112, 2)          1.0000
    (115, 2)          1.0000
    (116, 2)          1.0000
    (117, 2)          1.0000
    (122, 2)          1.0000
    (123, 2)          1.0000
    (124, 2)          1.0000
    (125, 2)          1.0000
    (128, 2)          1.0000
    (129, 2)          1.0000
    (132, 2)          1.0000
    (135, 2)          1.0000
    (136, 2)          1.0000
    (140, 2)          1.0000
    (141, 2)          1.0000
    (142, 2)          1.0000
    (145, 2)          1.0000
    (146, 2)          1.0000
    (150, 2)          1.0000
    (151, 2)          1.0000
    (153, 2)          1.0000
    (155, 2)          1.0000
    (158, 2)          1.0000
    (159, 2)          1.0000
    (160, 2)          1.0000
    (164, 2)          1.0000
    (165, 2)          1.0000
    (172, 2)          1.0000
    (174, 2)          1.0000
    (175, 2)          1.0000
    (177, 2)          1.0000
    (178, 2)          1.0000
    (180, 2)          1.0000
    (182, 2)          1.0000
    (183, 2)          1.0000
    (184, 2)          1.0000
    (188, 2)          1.0000
    (190, 2)          1.0000
    (191, 2)          1.0000
    (192, 2)          1.0000
    (194, 2)          1.0000
    (197, 2)          1.0000
    (199, 2)          1.0000
    (201, 2)          1.0000
    (204, 2)          1.0000
    (205, 2)          1.0000
    (208, 2)          1.0000
    (209, 2)          1.0000
    (211, 2)          1.0000
    (213, 2)          1.0000
    (215, 2)          1.0000
    (217, 2)          1.0000
    (218, 2)          1.0000
    (223, 2)          1.0000
    (224, 2)          1.0000
    (228, 2)          1.0000
    (233, 2)          1.0000
    (236, 2)          1.0000
    (238, 2)          1.0000
    (242, 2)          1.0000
    (246, 2)          1.0000
    (249, 2)          1.0000
    (250, 2)          1.0000
    (255, 2)          1.0000
    (256, 2)          1.0000
    (257, 2)          1.0000
    (258, 2)          1.0000
    (262, 2)          1.0000
    (263, 2)          1.0000
    (265, 2)          1.0000
    (269, 2)          1.0000
    (272, 2)          1.0000
    (274, 2)          1.0000
    (276, 2)          1.0000
    (282, 2)          1.0000
    (283, 2)          1.0000
    (285, 2)          1.0000
    (286, 2)          1.0000
    (287, 2)          1.0000
    (288, 2)          1.0000
    (290, 3)          1.0000
    (291, 3)          1.0000
    (292, 3)          1.0000
    (293, 3)          1.0000
    (294, 3)          1.0000
    (295, 3)          1.0000
    (296, 3)          1.0000
    (297, 3)          1.0000
    (298, 3)          1.0000
    (299, 3)          1.0000
    (300, 3)          1.0000
    (301, 3)          1.0000
    (302, 3)          1.0000
    (303, 3)          1.0000
    (304, 3)          1.0000
    (305, 3)          1.0000
    (306, 3)          1.0000
    (307, 3)          1.0000
    (308, 3)          1.0000
    (309, 3)          1.0000
    (310, 3)          1.0000
    (311, 3)          1.0000
    (312, 3)          1.0000
    (313, 3)          1.0000
    (314, 3)          1.0000
    (315, 3)          1.0000
    (316, 3)          1.0000
    (317, 3)          1.0000
    (318, 3)          1.0000
    (319, 3)          1.0000
    (320, 3)          1.0000
    (321, 3)          1.0000
    (322, 3)          1.0000
    (323, 3)          1.0000
    (324, 3)          1.0000
    (325, 3)          1.0000
    (326, 3)          1.0000
    (327, 3)          1.0000
    (328, 3)          1.0000
    (329, 3)          1.0000
    (330, 3)          1.0000
    (331, 3)          1.0000
    (332, 3)          1.0000
    (333, 3)          1.0000
    (334, 3)          1.0000
    (335, 3)          1.0000
    (336, 3)          1.0000
    (337, 3)          1.0000
    (338, 3)          1.0000
    (339, 3)          1.0000
    (340, 3)          1.0000
    (341, 3)          1.0000
    (342, 3)          1.0000
    (343, 3)          1.0000
    (344, 3)          1.0000
    (345, 3)          1.0000
    (346, 3)          1.0000
    (347, 3)          1.0000
    (348, 3)          1.0000
    (349, 3)          1.0000
    (350, 3)          1.0000
    (351, 3)          1.0000
    (352, 3)          1.0000
    (353, 3)          1.0000
    (354, 3)          1.0000
    (355, 3)          1.0000
    (356, 3)          1.0000
    (357, 3)          1.0000
    (358, 3)          1.0000
    (359, 3)          1.0000
    (360, 3)          1.0000
    (361, 3)          1.0000
    (362, 3)          1.0000
    (363, 3)          1.0000
    (364, 3)          1.0000
    (365, 3)          1.0000
    (366, 3)          1.0000
    (367, 3)          1.0000
    (368, 3)          1.0000
    (369, 3)          1.0000
    (370, 3)          1.0000
    (371, 3)          1.0000
    (372, 3)          1.0000
    (373, 3)          1.0000
    (374, 3)          1.0000
    (375, 3)          1.0000
    (376, 3)          1.0000
    (377, 3)          1.0000
    (378, 3)          1.0000
    (379, 3)          1.0000
    (380, 3)          1.0000
    (381, 3)          1.0000
    (382, 3)          1.0000
    (383, 3)          1.0000
    (384, 3)          1.0000
    (385, 3)          1.0000
    (386, 3)          1.0000
    (387, 3)          1.0000
    (388, 3)          1.0000
    (389, 3)          1.0000
    (390, 3)          1.0000
    (391, 3)          1.0000
    (392, 3)          1.0000
    (393, 3)          1.0000
    (394, 3)          1.0000
    (395, 3)          1.0000
    (396, 3)          1.0000
    (397, 3)          1.0000
    (398, 3)          1.0000
    (399, 3)          1.0000

