
DATA_PATH, n, d, k: /home/hrgat/Namizje/Shudian/2021.0096-master/src/clustering_c++/git_instances/blobs.txt 300 2 3
LOG_PATH: /home/hrgat/Namizje/Shudian/2021.0096-master/src/clustering_c++/git_instances_results/blobs_3.txt

BRANCH_AND_BOUND_TOL: 0.0001
BRANCH_AND_BOUND_PARALLEL: 2
BRANCH_AND_BOUND_MAX_NODES: 100
BRANCH_AND_BOUND_VISITING_STRATEGY: 0

SDP_SOLVER_SESSION_THREADS_ROOT: 24
SDP_SOLVER_SESSION_THREADS: 24
SDP_SOLVER_FOLDER: /home/hrgat/Namizje/Shudian/SDPNAL+v1.0/
SDP_SOLVER_TOL: 1e-05
SDP_SOLVER_VERBOSE: 1
SDP_SOLVER_MAX_CP_ITER_ROOT: 40
SDP_SOLVER_MAX_CP_ITER: 20
SDP_SOLVER_CP_TOL: 1e-05
SDP_SOLVER_MAX_INEQ: 100000
SDP_SOLVER_INHERIT_PERC: 1
SDP_SOLVER_EPS_INEQ: 0.0001
SDP_SOLVER_EPS_ACTIVE: 1e-06
SDP_SOLVER_MAX_PAIR_INEQ: 100000
SDP_SOLVER_PAIR_PERC: 0.05
SDP_SOLVER_MAX_TRIANGLE_INEQ: 100000
SDP_SOLVER_TRIANGLE_PERC: 0.05

KMEANS_SDP_BASED: 1
KMEANS_MAX_ITER: 100
KMEANS_N_START: 50
KMEANS_VERBOSE: 0


|    N| NODE_PAR|    NODE|      LB_PAR|          LB|  FLAG|  TIME (s)| CP_ITER| CP_FLAG|   CP_INEQ|     PAIR  TRIANGLE    CLIQUE|         GUB|     I      J|     NODE_GAP|          GAP|  OPEN|
|  300|       -1|       0|        -inf|     144.761|     0|       250|       4|       2|      5800|    590.5      5000       300|     144.77*|    -1     -1|  6.06069e-05|  6.06069e-05|     0|

WALL_TIME: 256 sec
N_NODES: 1
AVG_INEQ: 5890.5
AVG_CP_ITER: 4
ROOT_GAP: 6.06069e-05
GAP: 0
BEST: 144.77

[matrix size: 300x3; n_nonzero: 300; density: 33.3%]

      (1, 0)          1.0000
      (6, 0)          1.0000
      (7, 0)          1.0000
     (10, 0)          1.0000
     (15, 0)          1.0000
     (16, 0)          1.0000
     (17, 0)          1.0000
     (18, 0)          1.0000
     (19, 0)          1.0000
     (24, 0)          1.0000
     (26, 0)          1.0000
     (28, 0)          1.0000
     (31, 0)          1.0000
     (34, 0)          1.0000
     (42, 0)          1.0000
     (45, 0)          1.0000
     (46, 0)          1.0000
     (47, 0)          1.0000
     (48, 0)          1.0000
     (52, 0)          1.0000
     (60, 0)          1.0000
     (63, 0)          1.0000
     (64, 0)          1.0000
     (65, 0)          1.0000
     (67, 0)          1.0000
     (71, 0)          1.0000
     (74, 0)          1.0000
     (75, 0)          1.0000
     (79, 0)          1.0000
     (82, 0)          1.0000
     (87, 0)          1.0000
     (88, 0)          1.0000
     (97, 0)          1.0000
     (99, 0)          1.0000
    (107, 0)          1.0000
    (113, 0)          1.0000
    (117, 0)          1.0000
    (119, 0)          1.0000
    (127, 0)          1.0000
    (128, 0)          1.0000
    (129, 0)          1.0000
    (131, 0)          1.0000
    (132, 0)          1.0000
    (137, 0)          1.0000
    (140, 0)          1.0000
    (141, 0)          1.0000
    (144, 0)          1.0000
    (147, 0)          1.0000
    (161, 0)          1.0000
    (164, 0)          1.0000
    (165, 0)          1.0000
    (166, 0)          1.0000
    (171, 0)          1.0000
    (172, 0)          1.0000
    (177, 0)          1.0000
    (178, 0)          1.0000
    (180, 0)          1.0000
    (184, 0)          1.0000
    (187, 0)          1.0000
    (193, 0)          1.0000
    (195, 0)          1.0000
    (197, 0)          1.0000
    (199, 0)          1.0000
    (202, 0)          1.0000
    (208, 0)          1.0000
    (209, 0)          1.0000
    (215, 0)          1.0000
    (218, 0)          1.0000
    (224, 0)          1.0000
    (225, 0)          1.0000
    (226, 0)          1.0000
    (230, 0)          1.0000
    (231, 0)          1.0000
    (232, 0)          1.0000
    (234, 0)          1.0000
    (241, 0)          1.0000
    (243, 0)          1.0000
    (244, 0)          1.0000
    (247, 0)          1.0000
    (249, 0)          1.0000
    (250, 0)          1.0000
    (251, 0)          1.0000
    (254, 0)          1.0000
    (255, 0)          1.0000
    (266, 0)          1.0000
    (267, 0)          1.0000
    (274, 0)          1.0000
    (276, 0)          1.0000
    (279, 0)          1.0000
    (280, 0)          1.0000
    (281, 0)          1.0000
    (283, 0)          1.0000
    (285, 0)          1.0000
    (288, 0)          1.0000
    (291, 0)          1.0000
    (295, 0)          1.0000
    (298, 0)          1.0000
    (299, 0)          1.0000
      (2, 1)          1.0000
      (5, 1)          1.0000
      (8, 1)          1.0000
     (13, 1)          1.0000
     (27, 1)          1.0000
     (29, 1)          1.0000
     (30, 1)          1.0000
     (33, 1)          1.0000
     (35, 1)          1.0000
     (36, 1)          1.0000
     (37, 1)          1.0000
     (38, 1)          1.0000
     (44, 1)          1.0000
     (53, 1)          1.0000
     (54, 1)          1.0000
     (55, 1)          1.0000
     (56, 1)          1.0000
     (58, 1)          1.0000
     (61, 1)          1.0000
     (62, 1)          1.0000
     (66, 1)          1.0000
     (68, 1)          1.0000
     (70, 1)          1.0000
     (76, 1)          1.0000
     (77, 1)          1.0000
     (80, 1)          1.0000
     (83, 1)          1.0000
     (84, 1)          1.0000
     (90, 1)          1.0000
     (92, 1)          1.0000
     (94, 1)          1.0000
     (96, 1)          1.0000
    (105, 1)          1.0000
    (106, 1)          1.0000
    (108, 1)          1.0000
    (109, 1)          1.0000
    (110, 1)          1.0000
    (111, 1)          1.0000
    (112, 1)          1.0000
    (115, 1)          1.0000
    (118, 1)          1.0000
    (120, 1)          1.0000
    (121, 1)          1.0000
    (122, 1)          1.0000
    (123, 1)          1.0000
    (124, 1)          1.0000
    (125, 1)          1.0000
    (133, 1)          1.0000
    (135, 1)          1.0000
    (138, 1)          1.0000
    (142, 1)          1.0000
    (146, 1)          1.0000
    (148, 1)          1.0000
    (149, 1)          1.0000
    (150, 1)          1.0000
    (154, 1)          1.0000
    (156, 1)          1.0000
    (162, 1)          1.0000
    (167, 1)          1.0000
    (183, 1)          1.0000
    (186, 1)          1.0000
    (189, 1)          1.0000
    (190, 1)          1.0000
    (191, 1)          1.0000
    (194, 1)          1.0000
    (203, 1)          1.0000
    (204, 1)          1.0000
    (205, 1)          1.0000
    (206, 1)          1.0000
    (211, 1)          1.0000
    (212, 1)          1.0000
    (213, 1)          1.0000
    (220, 1)          1.0000
    (221, 1)          1.0000
    (223, 1)          1.0000
    (229, 1)          1.0000
    (233, 1)          1.0000
    (236, 1)          1.0000
    (237, 1)          1.0000
    (239, 1)          1.0000
    (240, 1)          1.0000
    (252, 1)          1.0000
    (257, 1)          1.0000
    (258, 1)          1.0000
    (259, 1)          1.0000
    (260, 1)          1.0000
    (268, 1)          1.0000
    (271, 1)          1.0000
    (272, 1)          1.0000
    (273, 1)          1.0000
    (275, 1)          1.0000
    (277, 1)          1.0000
    (278, 1)          1.0000
    (282, 1)          1.0000
    (286, 1)          1.0000
    (289, 1)          1.0000
    (290, 1)          1.0000
    (292, 1)          1.0000
    (293, 1)          1.0000
    (294, 1)          1.0000
    (297, 1)          1.0000
      (0, 2)          1.0000
      (3, 2)          1.0000
      (4, 2)          1.0000
      (9, 2)          1.0000
     (11, 2)          1.0000
     (12, 2)          1.0000
     (14, 2)          1.0000
     (20, 2)          1.0000
     (21, 2)          1.0000
     (22, 2)          1.0000
     (23, 2)          1.0000
     (25, 2)          1.0000
     (32, 2)          1.0000
     (39, 2)          1.0000
     (40, 2)          1.0000
     (41, 2)          1.0000
     (43, 2)          1.0000
     (49, 2)          1.0000
     (50, 2)          1.0000
     (51, 2)          1.0000
     (57, 2)          1.0000
     (59, 2)          1.0000
     (69, 2)          1.0000
     (72, 2)          1.0000
     (73, 2)          1.0000
     (78, 2)          1.0000
     (81, 2)          1.0000
     (85, 2)          1.0000
     (86, 2)          1.0000
     (89, 2)          1.0000
     (91, 2)          1.0000
     (93, 2)          1.0000
     (95, 2)          1.0000
     (98, 2)          1.0000
    (100, 2)          1.0000
    (101, 2)          1.0000
    (102, 2)          1.0000
    (103, 2)          1.0000
    (104, 2)          1.0000
    (114, 2)          1.0000
    (116, 2)          1.0000
    (126, 2)          1.0000
    (130, 2)          1.0000
    (134, 2)          1.0000
    (136, 2)          1.0000
    (139, 2)          1.0000
    (143, 2)          1.0000
    (145, 2)          1.0000
    (151, 2)          1.0000
    (152, 2)          1.0000
    (153, 2)          1.0000
    (155, 2)          1.0000
    (157, 2)          1.0000
    (158, 2)          1.0000
    (159, 2)          1.0000
    (160, 2)          1.0000
    (163, 2)          1.0000
    (168, 2)          1.0000
    (169, 2)          1.0000
    (170, 2)          1.0000
    (173, 2)          1.0000
    (174, 2)          1.0000
    (175, 2)          1.0000
    (176, 2)          1.0000
    (179, 2)          1.0000
    (181, 2)          1.0000
    (182, 2)          1.0000
    (185, 2)          1.0000
    (188, 2)          1.0000
    (192, 2)          1.0000
    (196, 2)          1.0000
    (198, 2)          1.0000
    (200, 2)          1.0000
    (201, 2)          1.0000
    (207, 2)          1.0000
    (210, 2)          1.0000
    (214, 2)          1.0000
    (216, 2)          1.0000
    (217, 2)          1.0000
    (219, 2)          1.0000
    (222, 2)          1.0000
    (227, 2)          1.0000
    (228, 2)          1.0000
    (235, 2)          1.0000
    (238, 2)          1.0000
    (242, 2)          1.0000
    (245, 2)          1.0000
    (246, 2)          1.0000
    (248, 2)          1.0000
    (253, 2)          1.0000
    (256, 2)          1.0000
    (261, 2)          1.0000
    (262, 2)          1.0000
    (263, 2)          1.0000
    (264, 2)          1.0000
    (265, 2)          1.0000
    (269, 2)          1.0000
    (270, 2)          1.0000
    (284, 2)          1.0000
    (287, 2)          1.0000
    (296, 2)          1.0000

