
DATA_PATH, n, d, k: /home/hrgat/Namizje/Shudian/2021.0096-master/src/clustering_c++/git_instances/flame.txt 240 2 5
LOG_PATH: /home/hrgat/Namizje/Shudian/2021.0096-master/src/clustering_c++/git_instances_results/flame_5.txt

BRANCH_AND_BOUND_TOL: 0.0001
BRANCH_AND_BOUND_PARALLEL: 2
BRANCH_AND_BOUND_MAX_NODES: 100
BRANCH_AND_BOUND_VISITING_STRATEGY: 0

SDP_SOLVER_SESSION_THREADS_ROOT: 24
SDP_SOLVER_SESSION_THREADS: 24
SDP_SOLVER_FOLDER: /home/hrgat/Namizje/Shudian/SDPNAL+v1.0/
SDP_SOLVER_TOL: 1e-05
SDP_SOLVER_VERBOSE: 1
SDP_SOLVER_MAX_CP_ITER_ROOT: 40
SDP_SOLVER_MAX_CP_ITER: 20
SDP_SOLVER_CP_TOL: 1e-05
SDP_SOLVER_MAX_INEQ: 100000
SDP_SOLVER_INHERIT_PERC: 1
SDP_SOLVER_EPS_INEQ: 0.0001
SDP_SOLVER_EPS_ACTIVE: 1e-06
SDP_SOLVER_MAX_PAIR_INEQ: 100000
SDP_SOLVER_PAIR_PERC: 0.05
SDP_SOLVER_MAX_TRIANGLE_INEQ: 100000
SDP_SOLVER_TRIANGLE_PERC: 0.05

KMEANS_SDP_BASED: 1
KMEANS_MAX_ITER: 100
KMEANS_N_START: 50
KMEANS_VERBOSE: 0


|    N| NODE_PAR|    NODE|      LB_PAR|          LB|  FLAG|  TIME (s)| CP_ITER| CP_FLAG|   CP_INEQ|     PAIR  TRIANGLE    CLIQUE|         GUB|     I      J|     NODE_GAP|          GAP|  OPEN|
|  240|       -1|       0|        -inf|      1019.4|     0|       216|      10|      -3|      8576|    271.5      5000       240|     1023.1*|    -1     -1|    0.0036155|    0.0036155|     0|
|  239|        0|       1|      1019.4|     1020.35|     0|       183|       1|      -3|      8286|       17      5000       239|      1023.1|    17    169|   0.00268424|   0.00268424|     0|
|  240|        0|       2|      1019.4|      1020.5|     0|       267|       3|      -3|      6695|        0      2581       240|      1023.1|    17    169|   0.00253891|   0.00268424|     1|
|  239|        1|       3|     1020.35|     1021.41|     0|       276|       4|      -3|      4315|        0      1742       239|    1022.82*|     1      6|   0.00138184|   0.00227352|     2|
|  238|        1|       4|     1020.35|     1022.28|     0|       242|       3|      -3|      8428|  20.3333      5000       238|     1022.82|     1      6|   0.00053462|   0.00227352|     3|
|  240|        2|       5|      1020.5|     1021.37|     0|       114|       1|      -3|      6695|        0      3197       240|     1022.8*|     2    168|   0.00139874|   0.00135565|     4|
|  239|        2|       6|      1020.5|      1021.5|     0|       152|       1|      -3|      6499|        0      5000       239|      1022.8|     2    168|   0.00126988|   0.00139874|     5|
|  240|        5|       7|     1021.37|     1021.54|     0|       160|       1|      -3|      6695|        0      4271       240|      1022.8|   153    168|   0.00122909|   0.00135565|     6|
|  239|        3|       8|     1021.41|     1022.02|     0|       139|       1|      -3|      4315|        0      5000       239|      1022.8|   139    191|  0.000757757|   0.00135565|     7|
|  239|        5|       9|     1021.37|     1022.91|     0|       313|       1|       2|      9044|       12      5000       239|      1022.8|   153    168| -0.000113435|   0.00126988|     8|
|  238|        3|      10|     1021.41|      1022.6|     0|       131|       1|      -3|      4234|        0      5000       238|      1022.8|   139    191|  0.000190125|   0.00126988|     7|
|  239|        6|      11|      1021.5|     1022.28|     0|       205|       2|      -3|      9075|        0      3693       239|      1022.8|   124    173|  0.000507823|   0.00122909|     8|
|  238|        6|      12|      1021.5|     1022.88|     0|       313|       1|       2|      8820|       29      5000       238|      1022.8|   124    173| -8.23839e-05|   0.00122909|     9|
|  240|        7|      13|     1021.54|     1022.06|     0|       252|       2|      -3|      9357|        0      3035       240|      1022.8|   158    174|  0.000720134|  0.000757757|     8|
|  239|        7|      14|     1021.54|     1022.42|     0|       370|       3|      -3|      8715|  11.3333      4574       239|      1022.8|   158    174|  0.000364497|  0.000757757|     9|
|  239|        8|      15|     1022.02|      1022.6|     0|       265|       4|      -3|      4240|        0      1812       239|      1022.8|   158    160|  0.000197258|  0.000720134|    10|
|  238|        8|      16|     1022.02|     1022.02|     0|       177|       1|      -3|      4093|        0      5000       238|      1022.8|   158    160|  0.000757757|  0.000720134|    11|
|  240|       13|      17|     1022.06|     1022.56|     0|       320|       2|      -3|      5568|        0    1822.5       240|      1022.8|    46     47|  0.000227753|  0.000757757|    12|
|  238|       16|      18|     1022.02|     1022.41|     0|       313|       2|      -3|      8260|      0.5      3313       238|    1022.72*|   154    167|  0.000309568|  0.000649262|    13|
|  237|       16|      19|     1022.02|     1022.81|     0|       276|       2|       2|      8166|      8.5      5000       237|     1022.72|   154    167| -8.55438e-05|  0.000437516|    14|
|  238|        4|      20|     1022.28|     1022.94|     0|       103|       0|       2|      8428|        0         0         0|     1022.72|     9    193| -0.000207783|  0.000437516|    13|
|  239|       13|      21|     1022.06|      1022.5|     0|       425|       3|      -3|      8372|        1      4836       239|     1022.72|    46     47|  0.000214857|  0.000436935|    12|
|  237|        4|      22|     1022.28|     1025.54|     0|       237|       0|       2|      8216|        0         0         0|     1022.72|     9    193|  -0.00275437|  0.000436935|    13|
|  239|       11|      23|     1022.28|     1022.71|    -3|       261|       0|       2|      9075|        0         0         0|     1022.72|   104    108|  1.89034e-05|  0.000309568|    12|
|  238|       11|      24|     1022.28|     1023.15|     0|       314|       1|       2|      9227|        0      5000       238|     1022.72|   104    108| -0.000420794|  0.000309568|    11|
|  238|       18|      25|     1022.41|     1022.41|    -3|       232|       1|      -3|      8260|        0       391       238|     1022.72|   180    204|  0.000309568|  0.000293599|    10|
|  237|       18|      26|     1022.41|     1022.63|     0|       285|       1|       2|      8944|       34      5000       237|     1022.72|   180    204|  9.43126e-05|  0.000309568|    11|
|  238|       25|      27|     1022.41|     1022.45|     0|       302|       1|      -3|      8260|        0      1972       238|     1022.72|   155    185|  0.000264709|  0.000293599|    10|
|  237|       25|      28|     1022.41|     1022.48|     0|       221|       2|      -3|      4223|      7.5      3159       237|     1022.72|   155    185|  0.000235178|  0.000293599|    11|
|  239|       14|      29|     1022.42|     1023.45|     0|       192|       0|       2|      8715|        0         0         0|     1022.72|   173    191| -0.000706532|  0.000264709|    12|
|  238|       27|      30|     1022.45|     1022.63|     0|       194|       0|       2|      8260|        0         0         0|     1022.72|    37     47|  8.88336e-05|  0.000264709|    11|
|  238|       14|      31|     1022.42|     1022.91|     0|       411|       2|       2|      5833|        0      3425       238|     1022.72|   173    191| -0.000177443|  0.000235178|    10|
|  237|       28|      32|     1022.48|     1022.61|     0|       175|       2|      -3|      3710|       24      2751       237|     1022.72|    47    152|  0.000116359|  0.000235178|     9|
|  237|       27|      33|     1022.45|     1022.98|     0|       255|       2|       2|      7912|     20.5      5000       237|     1022.72|    37     47| -0.000251397|  0.000214857|    10|
|  236|       28|      34|     1022.48|     1023.52|     0|       250|       2|       2|      6843|       31      5000       236|     1022.72|    47    152| -0.000774253|  0.000214857|     9|
|  239|       21|      35|      1022.5|     1022.64|     0|       253|       0|       2|      8372|        0         0         0|     1022.72|   155    206|  8.08359e-05|  0.000156846|     8|
|  238|       21|      36|      1022.5|      1022.9|     0|       153|       0|       2|      8093|        0         0         0|     1022.72|   155    206| -0.000167383|  0.000156846|     7|
|  240|       17|      37|     1022.56|     1022.68|     0|       168|       0|       2|      5568|        0         0         0|     1022.72|   156    192|  4.59353e-05|  0.000126348|     6|
|  239|       17|      38|     1022.56|     1022.77|     0|       110|       0|       2|      4943|        0         0         0|     1022.72|   156    192| -4.24285e-05|  0.000126348|     5|
|  239|       15|      39|      1022.6|      1022.6|     0|        98|       1|      -3|      4240|        0       337       239|     1022.72|   157    168|  0.000121251|  0.000119215|     4|
|  238|       15|      40|      1022.6|      1022.6|    -3|       119|       1|      -3|      3763|        0      2348       238|     1022.72|   157    168|  0.000126348|  0.000121251|     5|
|  239|       39|      41|      1022.6|     1022.99|     0|       127|       0|       2|      4240|        0         0         0|     1022.72|   154    163| -0.000257883|  0.000126348|     6|
|  238|       40|      42|      1022.6|     1023.13|     0|        71|       0|       2|      3763|        0         0         0|     1022.72|   161    204| -0.000394933|  0.000121251|     5|
|  237|       40|      43|      1022.6|     1022.95|    -1|        59|       0|       2|      3615|        0         0         0|     1022.72|   161    204| -0.000221829|  0.000119215|     4|
|  238|       10|      44|      1022.6|      1022.9|     0|        53|       0|       2|      4234|        0         0         0|     1022.72|   157    168| -0.000174468|  0.000119215|     3|
|  237|       10|      45|      1022.6|     1024.49|     0|        67|       0|       2|      3882|        0         0         0|     1022.72|   157    168|  -0.00172273|  0.000116359|     2|
|  238|       39|      46|      1022.6|     1022.73|     0|       150|       2|       2|      6305|        0    3074.5       238|     1022.72|   154    163| -9.76584e-06|  0.000116359|     1|
|  237|       32|      47|     1022.61|     1022.81|     0|        50|       0|       2|      3710|        0         0         0|     1022.72|   202    203| -8.06869e-05| -8.06869e-05|     0|
|  236|       32|      48|     1022.61|     1022.61|    -3|        69|       1|      -3|      3281|       88      5000       236|     1022.72|   202    203|  0.000116359|  0.000116359|     0|
|  235|       48|      49|     1022.61|     1023.15|     0|        74|       0|       2|      3248|        0         0         0|     1022.72|   199    202| -0.000419837| -0.000419837|     0|
|  236|       48|      50|     1022.61|     1022.61|    -3|        91|       1|      -3|      3281|      117      5000       236|     1022.72|   199    202|  0.000116359|  0.000116359|     0|
|  236|       50|      51|     1022.61|     1023.04|     0|        60|       0|       2|      3281|        0         0         0|     1022.72|   202    204| -0.000305624| -0.000305624|     0|
|  235|       50|      52|     1022.61|     1023.34|     0|       105|       1|       2|      7103|      133      5000       235|     1022.72|   202    204| -0.000600108| -0.000600108|     0|

WALL_TIME: 5501 sec
N_NODES: 53
AVG_INEQ: 2768.61
AVG_CP_ITER: 1.32075
ROOT_GAP: 0.0036155
GAP: 0
BEST: 1022.72

[matrix size: 240x5; n_nonzero: 240; density: 20.0%]

    (106, 0)          1.0000
    (107, 0)          1.0000
    (108, 0)          1.0000
    (109, 0)          1.0000
    (110, 0)          1.0000
    (111, 0)          1.0000
    (112, 0)          1.0000
    (113, 0)          1.0000
    (114, 0)          1.0000
    (115, 0)          1.0000
    (116, 0)          1.0000
    (117, 0)          1.0000
    (118, 0)          1.0000
    (119, 0)          1.0000
    (120, 0)          1.0000
    (121, 0)          1.0000
    (122, 0)          1.0000
    (123, 0)          1.0000
    (124, 0)          1.0000
    (125, 0)          1.0000
    (126, 0)          1.0000
    (127, 0)          1.0000
    (128, 0)          1.0000
    (129, 0)          1.0000
    (130, 0)          1.0000
    (131, 0)          1.0000
    (132, 0)          1.0000
    (133, 0)          1.0000
    (134, 0)          1.0000
    (135, 0)          1.0000
    (136, 0)          1.0000
    (137, 0)          1.0000
    (138, 0)          1.0000
    (139, 0)          1.0000
    (140, 0)          1.0000
    (141, 0)          1.0000
    (142, 0)          1.0000
    (143, 0)          1.0000
    (144, 0)          1.0000
    (145, 0)          1.0000
    (146, 0)          1.0000
    (147, 0)          1.0000
    (148, 0)          1.0000
      (2, 1)          1.0000
      (3, 1)          1.0000
      (4, 1)          1.0000
      (5, 1)          1.0000
      (6, 1)          1.0000
      (7, 1)          1.0000
      (8, 1)          1.0000
      (9, 1)          1.0000
     (10, 1)          1.0000
     (11, 1)          1.0000
     (12, 1)          1.0000
     (13, 1)          1.0000
     (14, 1)          1.0000
     (15, 1)          1.0000
     (16, 1)          1.0000
     (17, 1)          1.0000
     (18, 1)          1.0000
     (19, 1)          1.0000
     (20, 1)          1.0000
     (21, 1)          1.0000
     (22, 1)          1.0000
     (23, 1)          1.0000
     (24, 1)          1.0000
     (25, 1)          1.0000
     (26, 1)          1.0000
     (27, 1)          1.0000
     (28, 1)          1.0000
     (29, 1)          1.0000
     (30, 1)          1.0000
     (31, 1)          1.0000
     (32, 1)          1.0000
     (33, 1)          1.0000
     (34, 1)          1.0000
     (35, 1)          1.0000
     (36, 1)          1.0000
     (37, 1)          1.0000
     (38, 1)          1.0000
     (39, 1)          1.0000
     (46, 1)          1.0000
    (153, 1)          1.0000
    (163, 1)          1.0000
    (168, 1)          1.0000
    (169, 1)          1.0000
     (40, 2)          1.0000
     (41, 2)          1.0000
     (42, 2)          1.0000
     (43, 2)          1.0000
     (44, 2)          1.0000
     (45, 2)          1.0000
     (47, 2)          1.0000
     (48, 2)          1.0000
     (49, 2)          1.0000
     (50, 2)          1.0000
     (51, 2)          1.0000
     (52, 2)          1.0000
     (53, 2)          1.0000
     (54, 2)          1.0000
     (55, 2)          1.0000
     (56, 2)          1.0000
     (57, 2)          1.0000
     (58, 2)          1.0000
     (59, 2)          1.0000
     (60, 2)          1.0000
     (61, 2)          1.0000
     (62, 2)          1.0000
     (63, 2)          1.0000
     (64, 2)          1.0000
     (65, 2)          1.0000
     (66, 2)          1.0000
     (67, 2)          1.0000
     (68, 2)          1.0000
     (69, 2)          1.0000
     (70, 2)          1.0000
     (71, 2)          1.0000
     (72, 2)          1.0000
     (73, 2)          1.0000
     (74, 2)          1.0000
     (75, 2)          1.0000
     (76, 2)          1.0000
     (77, 2)          1.0000
     (78, 2)          1.0000
     (79, 2)          1.0000
     (80, 2)          1.0000
     (81, 2)          1.0000
     (82, 2)          1.0000
     (83, 2)          1.0000
     (84, 2)          1.0000
     (85, 2)          1.0000
     (86, 2)          1.0000
     (87, 2)          1.0000
     (88, 2)          1.0000
     (89, 2)          1.0000
     (90, 2)          1.0000
     (91, 2)          1.0000
     (92, 2)          1.0000
     (93, 2)          1.0000
     (94, 2)          1.0000
     (95, 2)          1.0000
     (96, 2)          1.0000
     (97, 2)          1.0000
     (98, 2)          1.0000
     (99, 2)          1.0000
    (100, 2)          1.0000
    (101, 2)          1.0000
    (102, 2)          1.0000
    (103, 2)          1.0000
    (104, 2)          1.0000
    (105, 2)          1.0000
    (149, 2)          1.0000
    (150, 2)          1.0000
      (0, 3)          1.0000
      (1, 3)          1.0000
    (182, 3)          1.0000
    (183, 3)          1.0000
    (184, 3)          1.0000
    (185, 3)          1.0000
    (187, 3)          1.0000
    (194, 3)          1.0000
    (195, 3)          1.0000
    (196, 3)          1.0000
    (197, 3)          1.0000
    (198, 3)          1.0000
    (199, 3)          1.0000
    (200, 3)          1.0000
    (201, 3)          1.0000
    (202, 3)          1.0000
    (203, 3)          1.0000
    (204, 3)          1.0000
    (205, 3)          1.0000
    (208, 3)          1.0000
    (209, 3)          1.0000
    (210, 3)          1.0000
    (211, 3)          1.0000
    (212, 3)          1.0000
    (213, 3)          1.0000
    (214, 3)          1.0000
    (215, 3)          1.0000
    (216, 3)          1.0000
    (217, 3)          1.0000
    (218, 3)          1.0000
    (219, 3)          1.0000
    (220, 3)          1.0000
    (221, 3)          1.0000
    (222, 3)          1.0000
    (223, 3)          1.0000
    (224, 3)          1.0000
    (225, 3)          1.0000
    (226, 3)          1.0000
    (227, 3)          1.0000
    (228, 3)          1.0000
    (229, 3)          1.0000
    (230, 3)          1.0000
    (231, 3)          1.0000
    (232, 3)          1.0000
    (233, 3)          1.0000
    (234, 3)          1.0000
    (235, 3)          1.0000
    (236, 3)          1.0000
    (237, 3)          1.0000
    (238, 3)          1.0000
    (239, 3)          1.0000
    (151, 4)          1.0000
    (152, 4)          1.0000
    (154, 4)          1.0000
    (155, 4)          1.0000
    (156, 4)          1.0000
    (157, 4)          1.0000
    (158, 4)          1.0000
    (159, 4)          1.0000
    (160, 4)          1.0000
    (161, 4)          1.0000
    (162, 4)          1.0000
    (164, 4)          1.0000
    (165, 4)          1.0000
    (166, 4)          1.0000
    (167, 4)          1.0000
    (170, 4)          1.0000
    (171, 4)          1.0000
    (172, 4)          1.0000
    (173, 4)          1.0000
    (174, 4)          1.0000
    (175, 4)          1.0000
    (176, 4)          1.0000
    (177, 4)          1.0000
    (178, 4)          1.0000
    (179, 4)          1.0000
    (180, 4)          1.0000
    (181, 4)          1.0000
    (186, 4)          1.0000
    (188, 4)          1.0000
    (189, 4)          1.0000
    (190, 4)          1.0000
    (191, 4)          1.0000
    (192, 4)          1.0000
    (193, 4)          1.0000
    (206, 4)          1.0000
    (207, 4)          1.0000

