
DATA_PATH, n, d, k: /home/hrgat/Namizje/Shudian/2021.0096-master/src/clustering_c++/git_instances/glass.txt 214 9 5
LOG_PATH: /home/hrgat/Namizje/Shudian/2021.0096-master/src/clustering_c++/git_instances_results/glass_5.txt

BRANCH_AND_BOUND_TOL: 0.0001
BRANCH_AND_BOUND_PARALLEL: 2
BRANCH_AND_BOUND_MAX_NODES: 100
BRANCH_AND_BOUND_VISITING_STRATEGY: 0

SDP_SOLVER_SESSION_THREADS_ROOT: 24
SDP_SOLVER_SESSION_THREADS: 24
SDP_SOLVER_FOLDER: /home/hrgat/Namizje/Shudian/SDPNAL+v1.0/
SDP_SOLVER_TOL: 1e-05
SDP_SOLVER_VERBOSE: 1
SDP_SOLVER_MAX_CP_ITER_ROOT: 40
SDP_SOLVER_MAX_CP_ITER: 20
SDP_SOLVER_CP_TOL: 1e-05
SDP_SOLVER_MAX_INEQ: 100000
SDP_SOLVER_INHERIT_PERC: 1
SDP_SOLVER_EPS_INEQ: 0.0001
SDP_SOLVER_EPS_ACTIVE: 1e-06
SDP_SOLVER_MAX_PAIR_INEQ: 100000
SDP_SOLVER_PAIR_PERC: 0.05
SDP_SOLVER_MAX_TRIANGLE_INEQ: 100000
SDP_SOLVER_TRIANGLE_PERC: 0.05

KMEANS_SDP_BASED: 1
KMEANS_MAX_ITER: 100
KMEANS_N_START: 50
KMEANS_VERBOSE: 0


|    N| NODE_PAR|    NODE|      LB_PAR|          LB|  FLAG|  TIME (s)| CP_ITER| CP_FLAG|   CP_INEQ|     PAIR  TRIANGLE    CLIQUE|         GUB|     I      J|     NODE_GAP|          GAP|  OPEN|
|  214|       -1|       0|        -inf|     393.089|    -3|        87|       3|      -3|      7131|  1046.67      3333       214|    400.532*|    -1     -1|    0.0185816|    0.0185816|     0|
|  213|        0|       1|     393.089|     398.313|    -3|       238|       2|      -3|      7495|      752      5000       213|     400.532|    42    142|   0.00553873|   0.00553873|     0|
|  213|        1|       2|     398.313|     400.553|     0|       229|       2|       2|      6258|      266      5000       213|     400.532|    33     42| -5.39416e-05|   0.00553873|     1|
|  214|        0|       3|     393.089|     400.103|     0|       490|       4|      -3|      6186|   410.75      5000       214|    400.279*|    42    142|  0.000438318|  0.000438318|     0|
|  214|        3|       4|     400.103|      400.15|    -1|       208|       1|      -3|      6186|       37      5000       214|    400.259*|   163    200|  0.000271736|  0.000388582|     1|
|  212|        1|       5|     398.313|     400.307|     0|       334|       4|      -3|      6023|    174.5      5000       212|     400.259|    33     42| -0.000119403|  0.000271736|     2|
|  214|        4|       6|      400.15|     400.171|     0|       168|       1|      -3|      6186|       37      5000       214|     400.259|    23    106|  0.000219897|  0.000271736|     1|
|  213|        3|       7|     400.103|     400.103|     0|       350|       3|      -3|      6099|  169.667      5000       213|     400.259|   163    200|  0.000388582|  0.000219897|     2|
|  213|        7|       8|     400.103|     400.136|     0|       158|       1|      -3|      6099|      232      5000       213|     400.259|    23    193|  0.000307968|  0.000388582|     3|
|  213|        4|       9|      400.15|      400.15|     0|       251|       2|      -3|      6755|     96.5      5000       213|     400.259|    23    106|  0.000271736|  0.000307968|     4|
|  213|        8|      10|     400.136|     400.136|     0|       164|       1|      -3|      6099|      236      5000       213|     400.259|    23    201|  0.000307968|  0.000307968|     5|
|  212|        7|      11|     400.103|     400.103|    -3|       185|       1|      -3|      6039|      278      5000       212|     400.259|    23    193|  0.000388582|  0.000307968|     6|
|  212|        8|      12|     400.136|     400.358|     0|       165|       1|       2|      7494|      284      5000       212|     400.259|    23    201| -0.000246403|  0.000388582|     7|
|  212|       11|      13|     400.103|     400.186|     0|       168|       1|      -3|      6039|      363      5000       212|     400.259|    23    169|  0.000182884|  0.000307968|     6|
|  213|       10|      14|     400.136|     400.271|     0|       114|       0|       2|      6099|        0         0         0|     400.259|    22    193| -2.98119e-05|  0.000307968|     7|
|  211|       11|      15|     400.103|      400.15|     0|       168|       1|      -3|      5822|      471      5000       211|     400.259|    23    169|  0.000272014|  0.000271736|     6|
|  212|       10|      16|     400.136|     400.434|     0|       126|       0|       2|      6033|        0         0         0|     400.259|    22    193| -0.000437892|  0.000272014|     7|
|  211|       15|      17|      400.15|     400.276|     0|       108|       0|       2|      5822|        0         0         0|     400.259|   106    199| -4.34032e-05|  0.000271736|     6|
|  210|       15|      18|      400.15|      400.41|     0|       235|       2|       2|      6655|      622      5000       210|     400.259|   106    199| -0.000377986|  0.000271736|     5|
|  213|        9|      19|      400.15|      400.15|     0|       241|       1|      -3|      6755|        0      1670       213|     400.259|    89    113|  0.000271736|  0.000219897|     4|
|  213|       19|      20|      400.15|     400.246|     0|       146|       0|       2|      6755|        0         0         0|     400.259|    75    192|  3.23395e-05|  0.000271736|     5|
|  212|        9|      21|      400.15|     400.357|     0|       359|       4|       2|      6934|      171      5000       212|     400.259|    89    113| -0.000244582|  0.000219897|     4|
|  212|       19|      22|      400.15|     400.284|     0|       287|       2|       2|      6380|    319.5      5000       212|     400.259|    75    192|  -6.2192e-05|  0.000219897|     3|
|  214|        6|      23|     400.171|     400.211|    -3|       182|       1|      -3|      6186|       37      5000       214|     400.259|   114    186|  0.000120536|  0.000182884|     2|
|  213|        6|      24|     400.171|     400.171|     0|       188|       1|      -3|      5501|       37      5000       213|     400.259|   114    186|  0.000219897|  0.000182884|     3|
|  212|       13|      25|     400.186|     400.203|     0|       176|       1|      -3|      6039|      260      5000       212|     400.259|   114    200|  0.000139066|  0.000219897|     4|
|  213|       24|      26|     400.171|     400.171|     0|       193|       1|      -3|      5501|       37      5000       213|     400.259|    58     92|  0.000219897|  0.000182884|     5|
|  212|       24|      27|     400.171|     400.887|     0|       201|       1|       2|      7929|       88      5000       212|     400.259|    58     92|  -0.00156995|  0.000219897|     6|
|  212|       26|      28|     400.171|     402.852|    -1|        93|       0|       2|      5390|        0         0         0|     400.259|     2     74|  -0.00647882|  0.000182884|     5|
|  213|       26|      29|     400.171|     400.171|     0|       251|       2|      -3|      7616|       55      5000       213|     400.259|     2     74|  0.000219897|  0.000139066|     4|
|  211|       13|      30|     400.186|     400.278|     0|       219|       2|       2|      6270|      370      5000       211|     400.259|   114    200| -4.84481e-05|  0.000219897|     5|
|  212|       29|      31|     400.171|     403.828|     0|        96|       0|       2|      7366|        0         0         0|     400.259|     2    100|  -0.00891769|  0.000139066|     4|
|  213|       29|      32|     400.171|     400.208|     0|       231|       1|      -3|      7616|       73      5000       213|     400.259|     2    100|  0.000127457|  0.000139066|     3|
|  211|       25|      33|     400.203|     400.555|     0|       112|       0|       2|      5882|        0         0         0|     400.259|    89    114| -0.000739317|  0.000127457|     4|
|  212|       25|      34|     400.203|     400.259|     0|       113|       0|       2|      6039|        0         0         0|     400.259|    89    114| -6.04602e-07|  0.000127457|     3|
|  213|       32|      35|     400.208|     400.227|     0|       129|       0|       2|      7616|        0         0         0|     400.259|    68    182|  7.98502e-05|  0.000120536|     2|
|  212|       32|      36|     400.208|     401.087|     0|       129|       0|       2|      7392|        0         0         0|     400.259|    68    182|  -0.00206764|  0.000120536|     1|
|  214|       23|      37|     400.211|     400.235|     0|        87|       0|       2|      6186|        0         0         0|     400.259|    60    110|  5.96047e-05|  5.96047e-05|     0|
|  213|       23|      38|     400.211|     400.576|     0|        93|       0|       2|      4994|        0         0         0|     400.259|    60    110| -0.000791543| -0.000791543|     0|

WALL_TIME: 3885 sec
N_NODES: 39
AVG_INEQ: 3658.14
AVG_CP_ITER: 1.20513
ROOT_GAP: 0.0185816
GAP: 0
BEST: 400.259

[matrix size: 214x5; n_nonzero: 214; density: 20.0%]

      (2, 0)          1.0000
    (142, 0)          1.0000
    (179, 0)          1.0000
      (0, 1)          1.0000
      (3, 1)          1.0000
      (5, 1)          1.0000
      (6, 1)          1.0000
      (7, 1)          1.0000
      (8, 1)          1.0000
     (11, 1)          1.0000
     (13, 1)          1.0000
     (15, 1)          1.0000
     (17, 1)          1.0000
     (19, 1)          1.0000
     (20, 1)          1.0000
     (21, 1)          1.0000
     (23, 1)          1.0000
     (26, 1)          1.0000
     (30, 1)          1.0000
     (31, 1)          1.0000
     (33, 1)          1.0000
     (34, 1)          1.0000
     (35, 1)          1.0000
     (36, 1)          1.0000
     (37, 1)          1.0000
     (38, 1)          1.0000
     (39, 1)          1.0000
     (40, 1)          1.0000
     (42, 1)          1.0000
     (44, 1)          1.0000
     (46, 1)          1.0000
     (47, 1)          1.0000
     (48, 1)          1.0000
     (50, 1)          1.0000
     (51, 1)          1.0000
     (52, 1)          1.0000
     (53, 1)          1.0000
     (54, 1)          1.0000
     (55, 1)          1.0000
     (56, 1)          1.0000
     (57, 1)          1.0000
     (60, 1)          1.0000
     (62, 1)          1.0000
     (64, 1)          1.0000
     (65, 1)          1.0000
     (70, 1)          1.0000
     (73, 1)          1.0000
     (74, 1)          1.0000
     (78, 1)          1.0000
     (79, 1)          1.0000
     (84, 1)          1.0000
     (85, 1)          1.0000
     (86, 1)          1.0000
     (87, 1)          1.0000
     (89, 1)          1.0000
     (90, 1)          1.0000
     (93, 1)          1.0000
     (94, 1)          1.0000
     (95, 1)          1.0000
     (96, 1)          1.0000
     (98, 1)          1.0000
     (99, 1)          1.0000
    (101, 1)          1.0000
    (103, 1)          1.0000
    (105, 1)          1.0000
    (107, 1)          1.0000
    (111, 1)          1.0000
    (112, 1)          1.0000
    (115, 1)          1.0000
    (116, 1)          1.0000
    (117, 1)          1.0000
    (119, 1)          1.0000
    (121, 1)          1.0000
    (124, 1)          1.0000
    (126, 1)          1.0000
    (127, 1)          1.0000
    (128, 1)          1.0000
    (130, 1)          1.0000
    (131, 1)          1.0000
    (132, 1)          1.0000
    (136, 1)          1.0000
    (138, 1)          1.0000
    (140, 1)          1.0000
    (141, 1)          1.0000
    (143, 1)          1.0000
    (145, 1)          1.0000
    (146, 1)          1.0000
    (147, 1)          1.0000
    (150, 1)          1.0000
    (151, 1)          1.0000
    (152, 1)          1.0000
    (153, 1)          1.0000
    (154, 1)          1.0000
    (156, 1)          1.0000
    (158, 1)          1.0000
    (161, 1)          1.0000
    (162, 1)          1.0000
    (166, 1)          1.0000
    (167, 1)          1.0000
    (172, 1)          1.0000
    (174, 1)          1.0000
    (175, 1)          1.0000
    (176, 1)          1.0000
    (177, 1)          1.0000
    (178, 1)          1.0000
    (180, 1)          1.0000
    (181, 1)          1.0000
    (182, 1)          1.0000
    (183, 1)          1.0000
    (184, 1)          1.0000
    (187, 1)          1.0000
    (191, 1)          1.0000
    (192, 1)          1.0000
    (193, 1)          1.0000
    (194, 1)          1.0000
    (195, 1)          1.0000
    (197, 1)          1.0000
    (200, 1)          1.0000
    (201, 1)          1.0000
    (202, 1)          1.0000
    (203, 1)          1.0000
    (205, 1)          1.0000
    (206, 1)          1.0000
    (207, 1)          1.0000
    (208, 1)          1.0000
    (210, 1)          1.0000
    (211, 1)          1.0000
    (213, 1)          1.0000
      (9, 2)          1.0000
     (10, 2)          1.0000
     (16, 2)          1.0000
     (24, 2)          1.0000
     (27, 2)          1.0000
     (28, 2)          1.0000
     (43, 2)          1.0000
     (49, 2)          1.0000
     (59, 2)          1.0000
     (63, 2)          1.0000
     (66, 2)          1.0000
     (76, 2)          1.0000
     (88, 2)          1.0000
     (92, 2)          1.0000
    (108, 2)          1.0000
    (123, 2)          1.0000
    (125, 2)          1.0000
    (134, 2)          1.0000
    (135, 2)          1.0000
    (137, 2)          1.0000
    (148, 2)          1.0000
    (155, 2)          1.0000
    (165, 2)          1.0000
    (173, 2)          1.0000
    (185, 2)          1.0000
    (190, 2)          1.0000
    (198, 2)          1.0000
    (209, 2)          1.0000
     (12, 3)          1.0000
     (25, 3)          1.0000
     (32, 3)          1.0000
     (41, 3)          1.0000
     (45, 3)          1.0000
     (58, 3)          1.0000
     (69, 3)          1.0000
     (83, 3)          1.0000
     (91, 3)          1.0000
     (97, 3)          1.0000
    (109, 3)          1.0000
    (122, 3)          1.0000
    (133, 3)          1.0000
    (164, 3)          1.0000
    (168, 3)          1.0000
    (188, 3)          1.0000
    (189, 3)          1.0000
    (196, 3)          1.0000
    (199, 3)          1.0000
      (1, 4)          1.0000
      (4, 4)          1.0000
     (14, 4)          1.0000
     (18, 4)          1.0000
     (22, 4)          1.0000
     (29, 4)          1.0000
     (61, 4)          1.0000
     (67, 4)          1.0000
     (68, 4)          1.0000
     (71, 4)          1.0000
     (72, 4)          1.0000
     (75, 4)          1.0000
     (77, 4)          1.0000
     (80, 4)          1.0000
     (81, 4)          1.0000
     (82, 4)          1.0000
    (100, 4)          1.0000
    (102, 4)          1.0000
    (104, 4)          1.0000
    (106, 4)          1.0000
    (110, 4)          1.0000
    (113, 4)          1.0000
    (114, 4)          1.0000
    (118, 4)          1.0000
    (120, 4)          1.0000
    (129, 4)          1.0000
    (139, 4)          1.0000
    (144, 4)          1.0000
    (149, 4)          1.0000
    (157, 4)          1.0000
    (159, 4)          1.0000
    (160, 4)          1.0000
    (163, 4)          1.0000
    (169, 4)          1.0000
    (170, 4)          1.0000
    (171, 4)          1.0000
    (186, 4)          1.0000
    (204, 4)          1.0000
    (212, 4)          1.0000

