
DATA_PATH, n, d, k: /home/hrgat/Namizje/Shudian/2021.0096-master/src/clustering_c++/git_instances/haberman.txt 306 3 2
LOG_PATH: /home/hrgat/Namizje/Shudian/2021.0096-master/src/clustering_c++/git_instances_results/haberman_2.txt

BRANCH_AND_BOUND_TOL: 0.0001
BRANCH_AND_BOUND_PARALLEL: 2
BRANCH_AND_BOUND_MAX_NODES: 100
BRANCH_AND_BOUND_VISITING_STRATEGY: 0

SDP_SOLVER_SESSION_THREADS_ROOT: 24
SDP_SOLVER_SESSION_THREADS: 24
SDP_SOLVER_FOLDER: /home/hrgat/Namizje/Shudian/SDPNAL+v1.0/
SDP_SOLVER_TOL: 1e-05
SDP_SOLVER_VERBOSE: 1
SDP_SOLVER_MAX_CP_ITER_ROOT: 40
SDP_SOLVER_MAX_CP_ITER: 20
SDP_SOLVER_CP_TOL: 1e-05
SDP_SOLVER_MAX_INEQ: 100000
SDP_SOLVER_INHERIT_PERC: 1
SDP_SOLVER_EPS_INEQ: 0.0001
SDP_SOLVER_EPS_ACTIVE: 1e-06
SDP_SOLVER_MAX_PAIR_INEQ: 100000
SDP_SOLVER_PAIR_PERC: 0.05
SDP_SOLVER_MAX_TRIANGLE_INEQ: 100000
SDP_SOLVER_TRIANGLE_PERC: 0.05

KMEANS_SDP_BASED: 1
KMEANS_MAX_ITER: 100
KMEANS_N_START: 50
KMEANS_VERBOSE: 0


|    N| NODE_PAR|    NODE|      LB_PAR|          LB|  FLAG|  TIME (s)| CP_ITER| CP_FLAG|   CP_INEQ|     PAIR  TRIANGLE    CLIQUE|         GUB|     I      J|     NODE_GAP|          GAP|  OPEN|
|  306|       -1|       0|        -inf|     30492.1|     0|       911|      17|      -3|     11631|      755      4758       306|      30507*|    -1     -1|   0.00048782|   0.00048782|     0|
|  306|        0|       1|     30492.1|     30495.1|     0|       592|       1|      -3|     11631|        0         0       306|       30507|   159    161|  0.000391442|  0.000391442|     0|
|  305|        0|       2|     30492.1|     30495.7|     0|       813|       3|      -3|     10846|  46.6667      4676       305|       30507|   159    161|  0.000372188|  0.000391442|     1|
|  306|        1|       3|     30495.1|     30496.8|     0|       434|       2|      -3|     11282|        0         0       306|       30507|   157    179|  0.000336258|  0.000372188|     2|
|  305|        2|       4|     30495.7|     30495.7|    -3|       423|       1|      -3|     10846|        0      2603       305|       30507|   157    160|  0.000372188|  0.000372188|     3|
|  305|        1|       5|     30495.1|     30496.2|     0|       727|       2|      -3|     10810|       70      5000       305|       30507|   157    179|  0.000355557|  0.000372188|     4|
|  305|        4|       6|     30495.7|     30509.7|     0|       322|       0|       2|     10846|        0         0         0|       30507|   159    161| -8.94314e-05|  0.000372188|     5|
|  304|        2|       7|     30495.7|     30495.8|     0|       510|       3|      -3|      9583|  46.6667      5000       304|       30507|   157    160|  0.000366272|  0.000355557|     4|
|  304|        7|       8|     30495.8|     30495.8|    -3|       253|       1|      -3|      9583|        0      5000       304|       30507|   164    175|  0.000366272|  0.000366272|     5|
|  304|        4|       9|     30495.7|     30499.9|     0|       510|       3|      -3|     10355|       29      3794       304|       30507|   159    161|  0.000232981|  0.000366272|     6|
|  304|        8|      10|     30495.8|     30511.4|     0|       343|       1|       2|      9593|        0      5000       304|       30507|   162    188| -0.000143461|  0.000366272|     7|
|  303|        7|      11|     30495.8|     30495.8|     0|       664|       2|      -3|      9402|       70      5000       303|       30507|   164    175|  0.000366272|  0.000355557|     6|
|  303|        8|      12|     30495.8|     30503.1|     0|       590|       4|      -3|      5674|     34.5      2567       303|       30507|   162    188|  0.000129452|  0.000366272|     7|
|  303|       11|      13|     30495.8|     30501.9|     0|       442|       2|      -3|      9369|        0      5000       303|       30507|   163    178|   0.00016941|  0.000355557|     8|
|  305|        5|      14|     30496.2|     30498.8|     0|       544|       1|      -3|     10810|        0         0       305|       30507|   157    166|  0.000267882|  0.000355557|     9|
|  302|       11|      15|     30495.8|     30495.8|     0|       642|       2|       3|      9400|      142      5000       302|       30507|   163    178|  0.000366272|  0.000336258|    10|
|  302|       15|      16|     30495.8|     30507.2|     0|       275|       1|       2|      9400|        0         0       302|       30507|   130    160|  -5.1152e-06|  0.000366272|    11|
|  304|        5|      17|     30496.2|     30505.6|     0|       455|       2|       2|     10890|       70      5000       304|       30507|   157    166|  4.62864e-05|  0.000336258|    10|
|  306|        3|      18|     30496.8|     30505.9|     0|       209|       1|       2|     11282|        0         0       306|       30507|   166    173|  3.80432e-05|  0.000336258|     9|
|  301|       15|      19|     30495.8|     30504.5|     0|       590|       2|       2|      8842|     77.5      4478       301|       30507|   130    160|  8.14903e-05|  0.000267882|     8|
|  305|        3|      20|     30496.8|       30505|     0|       572|       2|       2|      8486|       70      3575       305|       30507|   166    173|  6.59592e-05|  0.000267882|     7|
|  305|       14|      21|     30498.8|     30500.2|     0|       437|       1|      -3|     10810|        0         0       305|       30507|   157    164|  0.000222746|  0.000232981|     6|
|  304|       14|      22|     30498.8|     30506.3|     0|       298|       2|       2|      7651|        1      2566       304|       30507|   157    164|  2.32414e-05|  0.000232981|     7|
|  304|        9|      23|     30499.9|     30508.3|     0|       296|       0|       2|     10355|        0         0         0|       30507|   159    160| -4.27455e-05|  0.000222746|     6|
|  305|       21|      24|     30500.2|     30510.7|     0|       250|       0|       2|     10810|        0         0         0|       30507|   165    192| -0.000120138|  0.000222746|     5|
|  303|        9|      25|     30499.9|       30504|     0|       404|       3|       2|      9423|        0      5000       303|       30507|   159    160|  9.95944e-05|   0.00016941|     4|
|  303|       13|      26|     30501.9|     30504.4|     0|       423|       1|       2|      9164|        0      5000       303|       30507|   158    165|  8.52393e-05|   0.00016941|     3|
|  304|       21|      27|     30500.2|     30507.8|     0|       524|       1|       2|     10911|      140      5000       304|       30507|   165    192| -2.56205e-05|  0.000129452|     2|
|  303|       12|      28|     30503.1|     30510.9|     0|        89|       0|       2|      5674|        0         0         0|       30507|   159    163| -0.000127448|  0.000129452|     1|
|  302|       12|      29|     30503.1|     30504.5|     0|       321|       2|       2|      9315|       70      5000       302|       30507|   159    163|  8.25071e-05|  8.25071e-05|     0|
|  302|       13|      30|     30501.9|     30502.2|     0|       513|       2|      -3|      9146|       70      5000       302|       30507|   158    165|  0.000159591|  0.000159591|     0|
|  302|       30|      31|     30502.2|     30506.2|     0|       204|       0|       2|      9146|        0         0         0|       30507|   162    183|  2.72589e-05|  2.72589e-05|     0|
|  301|       30|      32|     30502.2|       30503|     0|       379|       2|      -3|      9066|       70      5000       301|       30507|   162    183|  0.000131504|  0.000131504|     0|
|  300|       32|      33|       30503|     30508.1|     0|       286|       1|       2|      9095|      153      5000       300|       30507|   154    160| -3.38829e-05| -3.38829e-05|     0|
|  301|       32|      34|       30503|       30503|    -3|       290|       1|      -3|      9066|        0      5000       301|       30507|   154    160|  0.000131504|  0.000131504|     0|
|  301|       34|      35|       30503|     30511.8|     0|       199|       1|       2|      7103|        0       384       301|       30507|   142    161| -0.000157455| -0.000157455|     0|
|  300|       34|      36|       30503|     30511.1|     0|       229|       1|       2|      8818|        2      5000       300|       30507|   142    161| -0.000134402| -0.000134402|     0|

WALL_TIME: 8644 sec
N_NODES: 37
AVG_INEQ: 3406.14
AVG_CP_ITER: 1.91892
ROOT_GAP: 0.00048782
GAP: 0
BEST: 30507

[matrix size: 306x2; n_nonzero: 306; density: 50.0%]

      (0, 0)          1.0000
      (1, 0)          1.0000
      (2, 0)          1.0000
      (3, 0)          1.0000
      (4, 0)          1.0000
      (5, 0)          1.0000
      (6, 0)          1.0000
      (7, 0)          1.0000
      (8, 0)          1.0000
      (9, 0)          1.0000
     (10, 0)          1.0000
     (11, 0)          1.0000
     (12, 0)          1.0000
     (13, 0)          1.0000
     (14, 0)          1.0000
     (15, 0)          1.0000
     (16, 0)          1.0000
     (17, 0)          1.0000
     (18, 0)          1.0000
     (19, 0)          1.0000
     (20, 0)          1.0000
     (21, 0)          1.0000
     (22, 0)          1.0000
     (23, 0)          1.0000
     (24, 0)          1.0000
     (25, 0)          1.0000
     (26, 0)          1.0000
     (27, 0)          1.0000
     (28, 0)          1.0000
     (29, 0)          1.0000
     (30, 0)          1.0000
     (31, 0)          1.0000
     (32, 0)          1.0000
     (33, 0)          1.0000
     (34, 0)          1.0000
     (35, 0)          1.0000
     (36, 0)          1.0000
     (37, 0)          1.0000
     (38, 0)          1.0000
     (39, 0)          1.0000
     (40, 0)          1.0000
     (41, 0)          1.0000
     (42, 0)          1.0000
     (43, 0)          1.0000
     (44, 0)          1.0000
     (45, 0)          1.0000
     (46, 0)          1.0000
     (47, 0)          1.0000
     (48, 0)          1.0000
     (49, 0)          1.0000
     (50, 0)          1.0000
     (51, 0)          1.0000
     (52, 0)          1.0000
     (53, 0)          1.0000
     (54, 0)          1.0000
     (55, 0)          1.0000
     (56, 0)          1.0000
     (57, 0)          1.0000
     (58, 0)          1.0000
     (59, 0)          1.0000
     (60, 0)          1.0000
     (61, 0)          1.0000
     (62, 0)          1.0000
     (63, 0)          1.0000
     (64, 0)          1.0000
     (65, 0)          1.0000
     (66, 0)          1.0000
     (67, 0)          1.0000
     (68, 0)          1.0000
     (69, 0)          1.0000
     (70, 0)          1.0000
     (71, 0)          1.0000
     (72, 0)          1.0000
     (73, 0)          1.0000
     (74, 0)          1.0000
     (75, 0)          1.0000
     (76, 0)          1.0000
     (77, 0)          1.0000
     (78, 0)          1.0000
     (79, 0)          1.0000
     (80, 0)          1.0000
     (81, 0)          1.0000
     (82, 0)          1.0000
     (83, 0)          1.0000
     (84, 0)          1.0000
     (85, 0)          1.0000
     (86, 0)          1.0000
     (87, 0)          1.0000
     (88, 0)          1.0000
     (89, 0)          1.0000
     (90, 0)          1.0000
     (91, 0)          1.0000
     (92, 0)          1.0000
     (93, 0)          1.0000
     (94, 0)          1.0000
     (95, 0)          1.0000
     (96, 0)          1.0000
     (97, 0)          1.0000
     (98, 0)          1.0000
     (99, 0)          1.0000
    (100, 0)          1.0000
    (101, 0)          1.0000
    (102, 0)          1.0000
    (103, 0)          1.0000
    (104, 0)          1.0000
    (105, 0)          1.0000
    (106, 0)          1.0000
    (107, 0)          1.0000
    (108, 0)          1.0000
    (109, 0)          1.0000
    (110, 0)          1.0000
    (111, 0)          1.0000
    (112, 0)          1.0000
    (113, 0)          1.0000
    (114, 0)          1.0000
    (115, 0)          1.0000
    (116, 0)          1.0000
    (117, 0)          1.0000
    (118, 0)          1.0000
    (119, 0)          1.0000
    (120, 0)          1.0000
    (121, 0)          1.0000
    (122, 0)          1.0000
    (123, 0)          1.0000
    (124, 0)          1.0000
    (125, 0)          1.0000
    (126, 0)          1.0000
    (127, 0)          1.0000
    (128, 0)          1.0000
    (129, 0)          1.0000
    (130, 0)          1.0000
    (131, 0)          1.0000
    (132, 0)          1.0000
    (133, 0)          1.0000
    (134, 0)          1.0000
    (135, 0)          1.0000
    (136, 0)          1.0000
    (137, 0)          1.0000
    (138, 0)          1.0000
    (139, 0)          1.0000
    (140, 0)          1.0000
    (141, 0)          1.0000
    (142, 0)          1.0000
    (143, 0)          1.0000
    (144, 0)          1.0000
    (145, 0)          1.0000
    (146, 0)          1.0000
    (147, 0)          1.0000
    (148, 0)          1.0000
    (149, 0)          1.0000
    (150, 0)          1.0000
    (151, 0)          1.0000
    (152, 0)          1.0000
    (153, 0)          1.0000
    (154, 0)          1.0000
    (155, 0)          1.0000
    (156, 0)          1.0000
    (157, 0)          1.0000
    (158, 0)          1.0000
    (159, 0)          1.0000
    (162, 0)          1.0000
    (163, 0)          1.0000
    (164, 0)          1.0000
    (165, 0)          1.0000
    (166, 0)          1.0000
    (160, 1)          1.0000
    (161, 1)          1.0000
    (167, 1)          1.0000
    (168, 1)          1.0000
    (169, 1)          1.0000
    (170, 1)          1.0000
    (171, 1)          1.0000
    (172, 1)          1.0000
    (173, 1)          1.0000
    (174, 1)          1.0000
    (175, 1)          1.0000
    (176, 1)          1.0000
    (177, 1)          1.0000
    (178, 1)          1.0000
    (179, 1)          1.0000
    (180, 1)          1.0000
    (181, 1)          1.0000
    (182, 1)          1.0000
    (183, 1)          1.0000
    (184, 1)          1.0000
    (185, 1)          1.0000
    (186, 1)          1.0000
    (187, 1)          1.0000
    (188, 1)          1.0000
    (189, 1)          1.0000
    (190, 1)          1.0000
    (191, 1)          1.0000
    (192, 1)          1.0000
    (193, 1)          1.0000
    (194, 1)          1.0000
    (195, 1)          1.0000
    (196, 1)          1.0000
    (197, 1)          1.0000
    (198, 1)          1.0000
    (199, 1)          1.0000
    (200, 1)          1.0000
    (201, 1)          1.0000
    (202, 1)          1.0000
    (203, 1)          1.0000
    (204, 1)          1.0000
    (205, 1)          1.0000
    (206, 1)          1.0000
    (207, 1)          1.0000
    (208, 1)          1.0000
    (209, 1)          1.0000
    (210, 1)          1.0000
    (211, 1)          1.0000
    (212, 1)          1.0000
    (213, 1)          1.0000
    (214, 1)          1.0000
    (215, 1)          1.0000
    (216, 1)          1.0000
    (217, 1)          1.0000
    (218, 1)          1.0000
    (219, 1)          1.0000
    (220, 1)          1.0000
    (221, 1)          1.0000
    (222, 1)          1.0000
    (223, 1)          1.0000
    (224, 1)          1.0000
    (225, 1)          1.0000
    (226, 1)          1.0000
    (227, 1)          1.0000
    (228, 1)          1.0000
    (229, 1)          1.0000
    (230, 1)          1.0000
    (231, 1)          1.0000
    (232, 1)          1.0000
    (233, 1)          1.0000
    (234, 1)          1.0000
    (235, 1)          1.0000
    (236, 1)          1.0000
    (237, 1)          1.0000
    (238, 1)          1.0000
    (239, 1)          1.0000
    (240, 1)          1.0000
    (241, 1)          1.0000
    (242, 1)          1.0000
    (243, 1)          1.0000
    (244, 1)          1.0000
    (245, 1)          1.0000
    (246, 1)          1.0000
    (247, 1)          1.0000
    (248, 1)          1.0000
    (249, 1)          1.0000
    (250, 1)          1.0000
    (251, 1)          1.0000
    (252, 1)          1.0000
    (253, 1)          1.0000
    (254, 1)          1.0000
    (255, 1)          1.0000
    (256, 1)          1.0000
    (257, 1)          1.0000
    (258, 1)          1.0000
    (259, 1)          1.0000
    (260, 1)          1.0000
    (261, 1)          1.0000
    (262, 1)          1.0000
    (263, 1)          1.0000
    (264, 1)          1.0000
    (265, 1)          1.0000
    (266, 1)          1.0000
    (267, 1)          1.0000
    (268, 1)          1.0000
    (269, 1)          1.0000
    (270, 1)          1.0000
    (271, 1)          1.0000
    (272, 1)          1.0000
    (273, 1)          1.0000
    (274, 1)          1.0000
    (275, 1)          1.0000
    (276, 1)          1.0000
    (277, 1)          1.0000
    (278, 1)          1.0000
    (279, 1)          1.0000
    (280, 1)          1.0000
    (281, 1)          1.0000
    (282, 1)          1.0000
    (283, 1)          1.0000
    (284, 1)          1.0000
    (285, 1)          1.0000
    (286, 1)          1.0000
    (287, 1)          1.0000
    (288, 1)          1.0000
    (289, 1)          1.0000
    (290, 1)          1.0000
    (291, 1)          1.0000
    (292, 1)          1.0000
    (293, 1)          1.0000
    (294, 1)          1.0000
    (295, 1)          1.0000
    (296, 1)          1.0000
    (297, 1)          1.0000
    (298, 1)          1.0000
    (299, 1)          1.0000
    (300, 1)          1.0000
    (301, 1)          1.0000
    (302, 1)          1.0000
    (303, 1)          1.0000
    (304, 1)          1.0000
    (305, 1)          1.0000

