
DATA_PATH, n, d, k: /home/hrgat/Namizje/Shudian/2021.0096-master/src/clustering_c++/git_instances/haberman.txt 306 3 3
LOG_PATH: /home/hrgat/Namizje/Shudian/2021.0096-master/src/clustering_c++/git_instances_results/haberman_3.txt

BRANCH_AND_BOUND_TOL: 0.0001
BRANCH_AND_BOUND_PARALLEL: 2
BRANCH_AND_BOUND_MAX_NODES: 100
BRANCH_AND_BOUND_VISITING_STRATEGY: 0

SDP_SOLVER_SESSION_THREADS_ROOT: 24
SDP_SOLVER_SESSION_THREADS: 24
SDP_SOLVER_FOLDER: /home/hrgat/Namizje/Shudian/SDPNAL+v1.0/
SDP_SOLVER_TOL: 1e-05
SDP_SOLVER_VERBOSE: 1
SDP_SOLVER_MAX_CP_ITER_ROOT: 40
SDP_SOLVER_MAX_CP_ITER: 20
SDP_SOLVER_CP_TOL: 1e-05
SDP_SOLVER_MAX_INEQ: 100000
SDP_SOLVER_INHERIT_PERC: 1
SDP_SOLVER_EPS_INEQ: 0.0001
SDP_SOLVER_EPS_ACTIVE: 1e-06
SDP_SOLVER_MAX_PAIR_INEQ: 100000
SDP_SOLVER_PAIR_PERC: 0.05
SDP_SOLVER_MAX_TRIANGLE_INEQ: 100000
SDP_SOLVER_TRIANGLE_PERC: 0.05

KMEANS_SDP_BASED: 1
KMEANS_MAX_ITER: 100
KMEANS_N_START: 50
KMEANS_VERBOSE: 0


|    N| NODE_PAR|    NODE|      LB_PAR|          LB|  FLAG|  TIME (s)| CP_ITER| CP_FLAG|   CP_INEQ|     PAIR  TRIANGLE    CLIQUE|         GUB|     I      J|     NODE_GAP|          GAP|  OPEN|
|  306|       -1|       0|        -inf|     21130.8|     0|      1346|      23|      -3|     19967|      415      5000       306|    21164.6*|    -1     -1|   0.00159636|   0.00159636|     0|
|  305|        0|       1|     21130.8|     21149.5|     0|      1415|       5|      -3|     18762|     19.8      4031       305|     21164.6|    66    106|  0.000710837|  0.000710837|     0|
|  306|        0|       2|     21130.8|     21144.9|     0|      1479|       5|      -3|     18221|       10      4415       306|     21164.6|    66    106|  0.000931857|  0.000710837|     1|
|  306|        2|       3|     21144.9|     21147.3|     0|       622|       1|      -3|     18221|       23      5000       306|     21164.6|   169    170|  0.000817106|  0.000931857|     2|
|  305|        1|       4|     21149.5|     21149.5|     0|       874|       2|      -3|     14758|        0      3058       305|     21164.6|    66    173|  0.000710837|  0.000817106|     3|
|  306|        3|       5|     21147.3|     21147.8|     0|       652|       1|      -3|     18221|       23      5000       306|     21164.6|   167    176|  0.000793272|  0.000817106|     4|
|  305|        2|       6|     21144.9|     21144.9|     0|      1184|       5|      -3|     16314|       50      4760       305|     21164.6|   169    170|  0.000931857|  0.000793272|     5|
|  305|        3|       7|     21147.3|     21164.8|     0|       797|       3|       2|     16206|       22      5000       305|     21164.6|   167    176| -1.13156e-05|  0.000931857|     6|
|  305|        6|       8|     21144.9|     21144.9|     0|       747|       1|      -3|     16314|        0      5000       305|     21164.6|   175    177|  0.000931857|  0.000793272|     5|
|  304|        6|       9|     21144.9|     21144.9|     0|      1364|       5|      -3|     11287|       24      4001       304|     21164.6|   175    177|  0.000931857|  0.000931857|     6|
|  305|        8|      10|     21144.9|     21159.4|     0|      1072|       1|      -3|     16314|        0      5000       305|     21164.6|   136    175|  0.000246592|  0.000931857|     7|
|  304|        8|      11|     21144.9|     21210.2|     0|       719|       1|       2|     16280|       29      5000       304|     21164.6|   136    175|  -0.00215501|  0.000931857|     8|
|  304|        9|      12|     21144.9|     21144.9|     0|       743|       2|      -3|     16003|        0      2521       304|     21164.6|   109    136|  0.000931857|  0.000793272|     7|
|  303|        9|      13|     21144.9|     21209.6|     0|       588|       1|       2|     15835|       33      5000       303|     21164.6|   109    136|  -0.00212873|  0.000931857|     8|
|  304|       12|      14|     21144.9|     21146.3|     0|       724|       1|      -3|     16003|        0      5000       304|     21164.6|   159    169|  0.000863977|  0.000793272|     7|
|  303|       12|      15|     21144.9|     21144.9|     0|       978|       4|      -3|     14611|     19.5      5000       303|     21164.6|   159    169|  0.000931857|  0.000863977|     8|
|  304|       14|      16|     21146.3|     21152.9|     0|      1009|       3|      -3|     15171|       12      4162       304|     21164.6|   159    161|   0.00055244|  0.000931857|     9|
|  303|       15|      17|     21144.9|     21155.8|     0|       534|       1|      -3|     14611|       24      5000       303|     21164.6|   159    187|  0.000415991|  0.000863977|    10|
|  302|       15|      18|     21144.9|     21160.1|     0|       696|       2|      -3|     14019|       76      5000       302|     21164.6|   159    187|  0.000213216|  0.000793272|    11|
|  303|       14|      19|     21146.3|     21166.2|     0|       662|       1|       2|     15162|       29      5000       303|     21164.6|   159    161| -7.65324e-05|  0.000793272|    12|
|  306|        5|      20|     21147.8|     21153.8|     0|       621|       1|      -3|     18221|       23      5000       306|     21164.6|   167    171|  0.000508212|  0.000710837|    11|
|  305|        5|      21|     21147.8|     21170.5|     0|       794|       3|       2|     15544|  27.6667      5000       305|     21164.6|   167    171| -0.000280914|  0.000710837|    12|
|  304|        1|      22|     21149.5|     21149.5|     0|       508|       1|      -3|     18420|       28      5000       304|     21164.6|    66    173|  0.000710837|  0.000710837|    11|
|  305|        4|      23|     21149.5|     21160.6|     0|       947|       3|      -3|     17347|        0      5000       305|     21164.6|   175    179|  0.000189586|  0.000710837|    12|
|  304|        4|      24|     21149.5|     21155.9|     0|      1178|       4|      -3|     17215|     42.5      5000       304|     21164.6|   175    179|  0.000411711|  0.000710837|    13|
|  304|       22|      25|     21149.5|     21164.2|     0|       415|       0|       2|     18420|        0         0         0|     21164.6|   174    212|  2.05014e-05|   0.00055244|    14|
|  303|       22|      26|     21149.5|     21149.5|     0|       517|       1|      -3|     17598|       28      5000       303|     21164.6|   174    212|  0.000710837|   0.00055244|    13|
|  304|       16|      27|     21152.9|     21165.1|     0|       753|       2|       2|     14543|     61.5      5000       304|     21164.6|   169    170| -2.28134e-05|  0.000710837|    14|
|  303|       26|      28|     21149.5|     21157.2|     0|       496|       1|      -3|     17598|       27      5000       303|     21164.6|   169    206|  0.000349886|   0.00055244|    13|
|  302|       26|      29|     21149.5|     21149.5|     0|       451|       1|      -3|     16738|       28      5000       302|     21164.6|   169    206|  0.000710837|  0.000508212|    14|
|  303|       16|      30|     21152.9|     21162.9|     0|       567|       1|       2|     14347|      105      5000       303|     21164.6|   169    170|  7.94167e-05|  0.000710837|    15|
|  302|       29|      31|     21149.5|     21149.5|    -3|       581|       1|      -3|     16738|       56      5000       302|     21164.6|   158    190|  0.000710837|  0.000508212|    14|
|  301|       29|      32|     21149.5|       21175|     0|       522|       1|       2|     16761|      171      5000       301|     21164.6|   158    190| -0.000491209|  0.000710837|    15|
|  302|       31|      33|     21149.5|     21163.8|     0|       453|       0|       2|     16738|        0         0         0|     21164.6|   170    234|  3.82762e-05|  0.000508212|    14|
|  306|       20|      34|     21153.8|     21163.7|     0|       460|       0|       2|     18221|        0         0         0|     21164.6|   170    190|  4.02493e-05|  0.000508212|    13|
|  301|       31|      35|     21149.5|     21160.9|     0|       859|       2|      -3|     16168|      110      5000       301|     21164.6|   170    234|  0.000172342|  0.000415991|    12|
|  303|       17|      36|     21155.8|     21176.9|     0|       608|       1|       2|     15859|       24      5000       303|     21164.6|   187    195| -0.000580128|  0.000415991|    13|
|  305|       20|      37|     21153.8|     21159.6|     0|       754|       2|      -3|     16292|       55      5000       305|     21164.6|   170    190|  0.000237584|  0.000411711|    12|
|  302|       17|      38|     21155.8|     21210.2|     0|       558|       1|       2|     15154|       52      5000       302|     21164.6|   187    195|  -0.00215663|  0.000411711|    13|
|  304|       24|      39|     21155.9|     21166.1|     0|      1173|       4|       2|     11537|        0      2528       304|     21164.6|   170    206| -6.94363e-05|  0.000349886|    12|
|  303|       24|      40|     21155.9|     21158.9|    -3|       984|       1|      -3|     16560|      120      5000       303|     21164.6|   170    206|  0.000269251|  0.000349886|    11|
|  303|       28|      41|     21157.2|     21170.3|     0|       376|       0|       2|     17598|        0         0         0|     21164.6|    85    169| -0.000269888|  0.000269251|    12|
|  302|       28|      42|     21157.2|     21196.8|     0|       523|       1|       2|     16717|       85      5000       302|     21164.6|    85    169|  -0.00152373|  0.000269251|    11|
|  303|       40|      43|     21158.9|     21158.9|     0|       738|       1|      -3|     16560|      120      5000       303|     21164.6|   158    180|  0.000269251|  0.000246592|    10|
|  302|       40|      44|     21158.9|     21158.9|    -3|       819|       1|      -3|     15942|      134      5000       302|     21164.6|   158    180|  0.000269251|  0.000269251|    11|
|  303|       43|      45|     21158.9|       21166|     0|       680|       0|       2|     16560|        0         0         0|     21164.6|   166    169| -6.49802e-05|  0.000269251|    12|
|  302|       43|      46|     21158.9|     21158.9|     0|       566|       2|      -3|     14960|     84.5      5000       302|     21164.6|   166    169|  0.000269251|  0.000269251|    11|
|  302|       44|      47|     21158.9|     21183.4|     0|       592|       0|       2|     15942|        0         0         0|     21164.6|   158    165| -0.000887378|  0.000269251|    12|
|  302|       46|      48|     21158.9|     21170.9|     0|       415|       0|       2|     14960|        0         0         0|     21164.6|   166    174| -0.000299681|  0.000269251|    11|
|  301|       44|      49|     21158.9|     21158.9|    -3|       700|       1|      -3|     15762|      120      5000       301|     21164.6|   158    165|  0.000269251|  0.000246592|    10|
|  301|       46|      50|     21158.9|     21172.2|     0|       623|       3|       2|     14743|  26.3333      5000       301|     21164.6|   166    174| -0.000360187|  0.000269251|    11|
|  301|       49|      51|     21158.9|     21190.4|     0|       600|       0|       2|     15762|        0         0         0|     21164.6|   158    163|   -0.0012198|  0.000246592|    10|
|  300|       49|      52|     21158.9|     21158.9|    -3|       667|       1|      -3|     15528|       44      5000       300|     21164.6|   158    163|  0.000269251|  0.000246592|     9|
|  305|       10|      53|     21159.4|     21159.4|    -3|       706|       1|      -3|     16314|        0      2177       305|     21164.6|   177    178|  0.000246592|  0.000269251|    10|
|  300|       52|      54|     21158.9|       21185|     0|       489|       0|       2|     15528|        0         0         0|     21164.6|   158    293| -0.000965602|  0.000246592|    11|
|  299|       52|      55|     21158.9|     21185.6|    -2|       347|       0|       2|     15315|        0         0         0|     21164.6|   158    293| -0.000994086|  0.000246592|    10|
|  305|       53|      56|     21159.4|     21173.2|     0|       592|       0|       2|     16314|        0         0         0|     21164.6|   170    175| -0.000407504|  0.000246592|     9|
|  304|       10|      57|     21159.4|     21159.4|     0|       913|       2|      -3|     15981|        1      5000       304|     21164.6|   177    178|  0.000246592|  0.000237584|     8|
|  304|       53|      58|     21159.4|     21162.4|     0|      1161|       4|      -3|     13720|        0      4507       304|     21164.6|   170    175|   0.00010396|  0.000246592|     9|
|  304|       57|      59|     21159.4|     21159.4|     0|      1007|       3|      -3|     15321|        0      4884       304|     21164.6|    31     66|  0.000246592|  0.000237584|    10|
|  304|       59|      60|     21159.4|     21165.9|     0|       483|       0|       2|     15321|        0         0         0|     21164.6|   170    178| -6.31993e-05|  0.000246592|    11|
|  303|       57|      61|     21159.4|     21166.4|     0|       661|       1|       2|     15659|        7      5000       303|     21164.6|    31     66| -8.59928e-05|  0.000237584|    10|
|  303|       59|      62|     21159.4|     21169.1|     0|       564|       1|       2|     15242|      148      5000       303|     21164.6|   170    178| -0.000213391|  0.000237584|     9|
|  305|       37|      63|     21159.6|     21159.6|     0|       577|       1|      -3|     16292|       72      5000       305|     21164.6|    85    169|  0.000237584|  0.000213216|     8|
|  305|       63|      64|     21159.6|     21167.8|     0|       403|       0|       2|     16292|        0         0         0|     21164.6|   176    208| -0.000150497|  0.000237584|     9|
|  304|       37|      65|     21159.6|     21181.7|     0|       674|       2|       2|     15922|       83      5000       304|     21164.6|    85    169| -0.000807829|  0.000213216|     8|
|  304|       63|      66|     21159.6|     21160.9|     0|       520|       1|      -3|     15916|       86      5000       304|     21164.6|   176    208|  0.000174998|  0.000213216|     7|
|  302|       18|      67|     21160.1|     21168.4|     0|       456|       0|       2|     14019|        0         0         0|     21164.6|   159    167| -0.000178164|  0.000189586|     8|
|  305|       23|      68|     21160.6|     21170.6|     0|       435|       0|       2|     17347|        0         0         0|     21164.6|   169    188|  -0.00028543|  0.000189586|     7|
|  301|       18|      69|     21160.1|     21163.2|     0|       642|       2|       2|     13950|     15.5      5000       301|     21164.6|   159    167|  6.68752e-05|  0.000174998|     6|
|  304|       66|      70|     21160.9|     21162.9|     0|       415|       0|       2|     15916|        0         0         0|     21164.6|   159    167|  7.78099e-05|  0.000174998|     5|
|  304|       23|      71|     21160.6|     21165.3|     0|      1115|       5|       2|     16187|       34      5000       304|     21164.6|   169    188| -3.40931e-05|  0.000172342|     4|
|  303|       66|      72|     21160.9|     21180.6|     0|       867|       2|       2|     14014|     93.5      5000       303|     21164.6|   159    167| -0.000757445|  0.000172342|     3|
|  301|       35|      73|     21160.9|     21160.9|    -3|       394|       1|      -3|     16168|      100      5000       301|     21164.6|   158    196|  0.000172342|   0.00010396|     2|
|  300|       35|      74|     21160.9|     21177.3|    -3|       474|       1|       2|     15069|       28      5000       300|     21164.6|   158    196| -0.000599338|  0.000172342|     3|
|  301|       73|      75|     21160.9|     21163.8|     0|       364|       0|       2|     16168|        0         0         0|     21164.6|   166    174|  3.61737e-05|   0.00010396|     2|
|  300|       73|      76|     21160.9|     21167.9|     0|       340|       0|       2|     15566|        0         0         0|     21164.6|   166    174|  -0.00015804|   0.00010396|     1|
|  304|       58|      77|     21162.4|     21164.9|     0|       551|       0|       2|     13720|        0         0         0|     21164.6|   159    259| -1.50059e-05| -1.50059e-05|     0|
|  303|       58|      78|     21162.4|     21180.4|     0|       361|       1|       2|     14561|       30      5000       303|     21164.6|   159    259| -0.000747769| -0.000747769|     0|

WALL_TIME: 28532 sec
N_NODES: 79
AVG_INEQ: 3890.26
AVG_CP_ITER: 1.73418
ROOT_GAP: 0.00159636
GAP: 0
BEST: 21164.6

[matrix size: 306x3; n_nonzero: 306; density: 33.3%]

    (169, 0)          1.0000
    (170, 0)          1.0000
    (171, 0)          1.0000
    (172, 0)          1.0000
    (173, 0)          1.0000
    (175, 0)          1.0000
    (176, 0)          1.0000
    (178, 0)          1.0000
    (179, 0)          1.0000
    (180, 0)          1.0000
    (182, 0)          1.0000
    (183, 0)          1.0000
    (184, 0)          1.0000
    (186, 0)          1.0000
    (187, 0)          1.0000
    (189, 0)          1.0000
    (190, 0)          1.0000
    (191, 0)          1.0000
    (192, 0)          1.0000
    (193, 0)          1.0000
    (194, 0)          1.0000
    (195, 0)          1.0000
    (196, 0)          1.0000
    (197, 0)          1.0000
    (199, 0)          1.0000
    (200, 0)          1.0000
    (201, 0)          1.0000
    (202, 0)          1.0000
    (203, 0)          1.0000
    (204, 0)          1.0000
    (205, 0)          1.0000
    (206, 0)          1.0000
    (207, 0)          1.0000
    (208, 0)          1.0000
    (209, 0)          1.0000
    (210, 0)          1.0000
    (211, 0)          1.0000
    (212, 0)          1.0000
    (213, 0)          1.0000
    (214, 0)          1.0000
    (216, 0)          1.0000
    (217, 0)          1.0000
    (218, 0)          1.0000
    (219, 0)          1.0000
    (220, 0)          1.0000
    (221, 0)          1.0000
    (222, 0)          1.0000
    (224, 0)          1.0000
    (225, 0)          1.0000
    (226, 0)          1.0000
    (228, 0)          1.0000
    (229, 0)          1.0000
    (230, 0)          1.0000
    (231, 0)          1.0000
    (232, 0)          1.0000
    (233, 0)          1.0000
    (234, 0)          1.0000
    (235, 0)          1.0000
    (236, 0)          1.0000
    (237, 0)          1.0000
    (238, 0)          1.0000
    (239, 0)          1.0000
    (241, 0)          1.0000
    (242, 0)          1.0000
    (243, 0)          1.0000
    (244, 0)          1.0000
    (245, 0)          1.0000
    (246, 0)          1.0000
    (247, 0)          1.0000
    (248, 0)          1.0000
    (249, 0)          1.0000
    (250, 0)          1.0000
    (251, 0)          1.0000
    (253, 0)          1.0000
    (255, 0)          1.0000
    (256, 0)          1.0000
    (257, 0)          1.0000
    (258, 0)          1.0000
    (259, 0)          1.0000
    (261, 0)          1.0000
    (262, 0)          1.0000
    (263, 0)          1.0000
    (264, 0)          1.0000
    (265, 0)          1.0000
    (266, 0)          1.0000
    (267, 0)          1.0000
    (268, 0)          1.0000
    (269, 0)          1.0000
    (270, 0)          1.0000
    (271, 0)          1.0000
    (272, 0)          1.0000
    (273, 0)          1.0000
    (274, 0)          1.0000
    (275, 0)          1.0000
    (276, 0)          1.0000
    (277, 0)          1.0000
    (278, 0)          1.0000
    (279, 0)          1.0000
    (280, 0)          1.0000
    (281, 0)          1.0000
    (282, 0)          1.0000
    (283, 0)          1.0000
    (284, 0)          1.0000
    (285, 0)          1.0000
    (286, 0)          1.0000
    (287, 0)          1.0000
    (288, 0)          1.0000
    (289, 0)          1.0000
    (290, 0)          1.0000
    (291, 0)          1.0000
    (292, 0)          1.0000
    (293, 0)          1.0000
    (294, 0)          1.0000
    (295, 0)          1.0000
    (296, 0)          1.0000
    (297, 0)          1.0000
    (298, 0)          1.0000
    (299, 0)          1.0000
    (300, 0)          1.0000
    (301, 0)          1.0000
    (302, 0)          1.0000
    (303, 0)          1.0000
    (304, 0)          1.0000
    (305, 0)          1.0000
      (0, 1)          1.0000
      (1, 1)          1.0000
      (2, 1)          1.0000
      (3, 1)          1.0000
      (4, 1)          1.0000
      (5, 1)          1.0000
      (6, 1)          1.0000
      (7, 1)          1.0000
      (8, 1)          1.0000
     (10, 1)          1.0000
     (11, 1)          1.0000
     (12, 1)          1.0000
     (13, 1)          1.0000
     (14, 1)          1.0000
     (15, 1)          1.0000
     (16, 1)          1.0000
     (17, 1)          1.0000
     (18, 1)          1.0000
     (19, 1)          1.0000
     (20, 1)          1.0000
     (21, 1)          1.0000
     (22, 1)          1.0000
     (23, 1)          1.0000
     (25, 1)          1.0000
     (26, 1)          1.0000
     (27, 1)          1.0000
     (28, 1)          1.0000
     (29, 1)          1.0000
     (30, 1)          1.0000
     (31, 1)          1.0000
     (32, 1)          1.0000
     (33, 1)          1.0000
     (34, 1)          1.0000
     (35, 1)          1.0000
     (36, 1)          1.0000
     (37, 1)          1.0000
     (38, 1)          1.0000
     (39, 1)          1.0000
     (40, 1)          1.0000
     (41, 1)          1.0000
     (42, 1)          1.0000
     (44, 1)          1.0000
     (45, 1)          1.0000
     (46, 1)          1.0000
     (47, 1)          1.0000
     (48, 1)          1.0000
     (49, 1)          1.0000
     (50, 1)          1.0000
     (51, 1)          1.0000
     (52, 1)          1.0000
     (53, 1)          1.0000
     (54, 1)          1.0000
     (55, 1)          1.0000
     (56, 1)          1.0000
     (57, 1)          1.0000
     (58, 1)          1.0000
     (60, 1)          1.0000
     (61, 1)          1.0000
     (63, 1)          1.0000
     (64, 1)          1.0000
     (65, 1)          1.0000
     (67, 1)          1.0000
     (68, 1)          1.0000
     (69, 1)          1.0000
     (70, 1)          1.0000
     (71, 1)          1.0000
     (72, 1)          1.0000
     (73, 1)          1.0000
     (74, 1)          1.0000
     (76, 1)          1.0000
     (77, 1)          1.0000
     (78, 1)          1.0000
     (80, 1)          1.0000
     (81, 1)          1.0000
     (82, 1)          1.0000
     (83, 1)          1.0000
     (84, 1)          1.0000
     (86, 1)          1.0000
     (87, 1)          1.0000
     (88, 1)          1.0000
     (89, 1)          1.0000
     (90, 1)          1.0000
     (91, 1)          1.0000
     (93, 1)          1.0000
     (94, 1)          1.0000
     (95, 1)          1.0000
     (97, 1)          1.0000
     (98, 1)          1.0000
     (99, 1)          1.0000
    (100, 1)          1.0000
    (101, 1)          1.0000
    (102, 1)          1.0000
    (103, 1)          1.0000
    (104, 1)          1.0000
    (105, 1)          1.0000
    (106, 1)          1.0000
    (107, 1)          1.0000
    (108, 1)          1.0000
    (109, 1)          1.0000
    (110, 1)          1.0000
    (111, 1)          1.0000
    (112, 1)          1.0000
    (113, 1)          1.0000
    (114, 1)          1.0000
    (115, 1)          1.0000
    (116, 1)          1.0000
    (117, 1)          1.0000
    (118, 1)          1.0000
    (119, 1)          1.0000
    (120, 1)          1.0000
    (121, 1)          1.0000
    (122, 1)          1.0000
    (123, 1)          1.0000
    (125, 1)          1.0000
    (126, 1)          1.0000
    (127, 1)          1.0000
    (128, 1)          1.0000
    (129, 1)          1.0000
    (130, 1)          1.0000
    (131, 1)          1.0000
    (132, 1)          1.0000
    (133, 1)          1.0000
    (134, 1)          1.0000
    (135, 1)          1.0000
    (137, 1)          1.0000
    (138, 1)          1.0000
    (139, 1)          1.0000
    (140, 1)          1.0000
    (141, 1)          1.0000
    (142, 1)          1.0000
    (143, 1)          1.0000
    (144, 1)          1.0000
    (145, 1)          1.0000
    (146, 1)          1.0000
    (147, 1)          1.0000
    (148, 1)          1.0000
    (149, 1)          1.0000
    (150, 1)          1.0000
    (151, 1)          1.0000
    (152, 1)          1.0000
    (153, 1)          1.0000
    (154, 1)          1.0000
    (155, 1)          1.0000
    (156, 1)          1.0000
    (157, 1)          1.0000
    (158, 1)          1.0000
    (159, 1)          1.0000
    (162, 1)          1.0000
    (163, 1)          1.0000
    (164, 1)          1.0000
    (165, 1)          1.0000
    (166, 1)          1.0000
      (9, 2)          1.0000
     (24, 2)          1.0000
     (43, 2)          1.0000
     (59, 2)          1.0000
     (62, 2)          1.0000
     (66, 2)          1.0000
     (75, 2)          1.0000
     (79, 2)          1.0000
     (85, 2)          1.0000
     (92, 2)          1.0000
     (96, 2)          1.0000
    (124, 2)          1.0000
    (136, 2)          1.0000
    (160, 2)          1.0000
    (161, 2)          1.0000
    (167, 2)          1.0000
    (168, 2)          1.0000
    (174, 2)          1.0000
    (177, 2)          1.0000
    (181, 2)          1.0000
    (185, 2)          1.0000
    (188, 2)          1.0000
    (198, 2)          1.0000
    (215, 2)          1.0000
    (223, 2)          1.0000
    (227, 2)          1.0000
    (240, 2)          1.0000
    (252, 2)          1.0000
    (254, 2)          1.0000
    (260, 2)          1.0000

