
DATA_PATH, n, d, k: /home/hrgat/Namizje/Shudian/2021.0096-master/src/clustering_c++/git_instances/lsun.txt 400 2 4
LOG_PATH: /home/hrgat/Namizje/Shudian/2021.0096-master/src/clustering_c++/git_instances_results/lsun_4.txt

BRANCH_AND_BOUND_TOL: 0.0001
BRANCH_AND_BOUND_PARALLEL: 2
BRANCH_AND_BOUND_MAX_NODES: 100
BRANCH_AND_BOUND_VISITING_STRATEGY: 0

SDP_SOLVER_SESSION_THREADS_ROOT: 24
SDP_SOLVER_SESSION_THREADS: 24
SDP_SOLVER_FOLDER: /home/hrgat/Namizje/Shudian/SDPNAL+v1.0/
SDP_SOLVER_TOL: 1e-05
SDP_SOLVER_VERBOSE: 1
SDP_SOLVER_MAX_CP_ITER_ROOT: 40
SDP_SOLVER_MAX_CP_ITER: 20
SDP_SOLVER_CP_TOL: 1e-05
SDP_SOLVER_MAX_INEQ: 100000
SDP_SOLVER_INHERIT_PERC: 1
SDP_SOLVER_EPS_INEQ: 0.0001
SDP_SOLVER_EPS_ACTIVE: 1e-06
SDP_SOLVER_MAX_PAIR_INEQ: 100000
SDP_SOLVER_PAIR_PERC: 0.05
SDP_SOLVER_MAX_TRIANGLE_INEQ: 100000
SDP_SOLVER_TRIANGLE_PERC: 0.05

KMEANS_SDP_BASED: 1
KMEANS_MAX_ITER: 100
KMEANS_N_START: 50
KMEANS_VERBOSE: 0


|    N| NODE_PAR|    NODE|      LB_PAR|          LB|  FLAG|  TIME (s)| CP_ITER| CP_FLAG|   CP_INEQ|     PAIR  TRIANGLE    CLIQUE|         GUB|     I      J|     NODE_GAP|          GAP|  OPEN|
|  400|       -1|       0|        -inf|     202.469|     0|      1051|       8|       3|     13025|      823      5000       400|    202.504*|    -1     -1|  0.000170715|  0.000170715|     0|
|  399|        0|       1|     202.469|     202.502|     0|       224|       0|       2|     11967|        0         0         0|     202.504|   211    323|  9.98062e-06|  9.98062e-06|     0|
|  400|        0|       2|     202.469|     202.492|     0|       293|       0|       2|     13025|        0         0         0|     202.504|   211    323|  5.76066e-05|  5.76066e-05|     0|

WALL_TIME: 1356 sec
N_NODES: 3
AVG_INEQ: 2074.33
AVG_CP_ITER: 2.66667
ROOT_GAP: 0.000170715
GAP: 0
BEST: 202.504

[matrix size: 400x4; n_nonzero: 400; density: 25.0%]

    (211, 0)          1.0000
    (300, 0)          1.0000
    (301, 0)          1.0000
    (302, 0)          1.0000
    (303, 0)          1.0000
    (304, 0)          1.0000
    (305, 0)          1.0000
    (306, 0)          1.0000
    (307, 0)          1.0000
    (308, 0)          1.0000
    (309, 0)          1.0000
    (310, 0)          1.0000
    (311, 0)          1.0000
    (312, 0)          1.0000
    (313, 0)          1.0000
    (314, 0)          1.0000
    (315, 0)          1.0000
    (316, 0)          1.0000
    (317, 0)          1.0000
    (318, 0)          1.0000
    (319, 0)          1.0000
    (320, 0)          1.0000
    (321, 0)          1.0000
    (322, 0)          1.0000
    (323, 0)          1.0000
    (324, 0)          1.0000
    (325, 0)          1.0000
    (326, 0)          1.0000
    (327, 0)          1.0000
    (328, 0)          1.0000
    (329, 0)          1.0000
    (330, 0)          1.0000
    (331, 0)          1.0000
    (332, 0)          1.0000
    (333, 0)          1.0000
    (334, 0)          1.0000
    (335, 0)          1.0000
    (336, 0)          1.0000
    (337, 0)          1.0000
    (338, 0)          1.0000
    (339, 0)          1.0000
    (340, 0)          1.0000
    (341, 0)          1.0000
    (342, 0)          1.0000
    (343, 0)          1.0000
    (344, 0)          1.0000
    (345, 0)          1.0000
    (346, 0)          1.0000
    (347, 0)          1.0000
    (348, 0)          1.0000
    (349, 0)          1.0000
    (350, 0)          1.0000
    (351, 0)          1.0000
    (352, 0)          1.0000
    (353, 0)          1.0000
    (354, 0)          1.0000
    (355, 0)          1.0000
    (356, 0)          1.0000
    (357, 0)          1.0000
    (358, 0)          1.0000
    (359, 0)          1.0000
    (360, 0)          1.0000
    (361, 0)          1.0000
    (362, 0)          1.0000
    (363, 0)          1.0000
    (364, 0)          1.0000
    (365, 0)          1.0000
    (366, 0)          1.0000
    (367, 0)          1.0000
    (368, 0)          1.0000
    (369, 0)          1.0000
    (370, 0)          1.0000
    (371, 0)          1.0000
    (372, 0)          1.0000
    (373, 0)          1.0000
    (374, 0)          1.0000
    (375, 0)          1.0000
    (376, 0)          1.0000
    (377, 0)          1.0000
    (378, 0)          1.0000
    (379, 0)          1.0000
    (380, 0)          1.0000
    (381, 0)          1.0000
    (382, 0)          1.0000
    (383, 0)          1.0000
    (384, 0)          1.0000
    (385, 0)          1.0000
    (386, 0)          1.0000
    (387, 0)          1.0000
    (388, 0)          1.0000
    (389, 0)          1.0000
    (390, 0)          1.0000
    (391, 0)          1.0000
    (392, 0)          1.0000
    (393, 0)          1.0000
    (394, 0)          1.0000
    (395, 0)          1.0000
    (396, 0)          1.0000
    (397, 0)          1.0000
    (398, 0)          1.0000
    (399, 0)          1.0000
      (0, 1)          1.0000
      (3, 1)          1.0000
      (5, 1)          1.0000
      (6, 1)          1.0000
      (7, 1)          1.0000
      (8, 1)          1.0000
     (11, 1)          1.0000
     (12, 1)          1.0000
     (15, 1)          1.0000
     (21, 1)          1.0000
     (26, 1)          1.0000
     (27, 1)          1.0000
     (28, 1)          1.0000
     (29, 1)          1.0000
     (30, 1)          1.0000
     (31, 1)          1.0000
     (33, 1)          1.0000
     (34, 1)          1.0000
     (35, 1)          1.0000
     (38, 1)          1.0000
     (40, 1)          1.0000
     (43, 1)          1.0000
     (47, 1)          1.0000
     (48, 1)          1.0000
     (49, 1)          1.0000
     (51, 1)          1.0000
     (52, 1)          1.0000
     (55, 1)          1.0000
     (57, 1)          1.0000
     (60, 1)          1.0000
     (62, 1)          1.0000
     (64, 1)          1.0000
     (73, 1)          1.0000
     (75, 1)          1.0000
     (76, 1)          1.0000
     (80, 1)          1.0000
     (84, 1)          1.0000
     (85, 1)          1.0000
     (86, 1)          1.0000
     (88, 1)          1.0000
     (91, 1)          1.0000
     (95, 1)          1.0000
     (98, 1)          1.0000
     (99, 1)          1.0000
    (100, 1)          1.0000
    (101, 1)          1.0000
    (103, 1)          1.0000
    (105, 1)          1.0000
    (108, 1)          1.0000
    (109, 1)          1.0000
    (113, 1)          1.0000
    (117, 1)          1.0000
    (120, 1)          1.0000
    (124, 1)          1.0000
    (131, 1)          1.0000
    (137, 1)          1.0000
    (138, 1)          1.0000
    (139, 1)          1.0000
    (140, 1)          1.0000
    (143, 1)          1.0000
    (144, 1)          1.0000
    (147, 1)          1.0000
    (148, 1)          1.0000
    (150, 1)          1.0000
    (151, 1)          1.0000
    (157, 1)          1.0000
    (163, 1)          1.0000
    (164, 1)          1.0000
    (166, 1)          1.0000
    (167, 1)          1.0000
    (168, 1)          1.0000
    (171, 1)          1.0000
    (174, 1)          1.0000
    (177, 1)          1.0000
    (178, 1)          1.0000
    (180, 1)          1.0000
    (181, 1)          1.0000
    (183, 1)          1.0000
    (185, 1)          1.0000
    (190, 1)          1.0000
    (191, 1)          1.0000
    (195, 1)          1.0000
    (198, 1)          1.0000
      (1, 2)          1.0000
      (2, 2)          1.0000
      (4, 2)          1.0000
      (9, 2)          1.0000
     (10, 2)          1.0000
     (13, 2)          1.0000
     (14, 2)          1.0000
     (16, 2)          1.0000
     (17, 2)          1.0000
     (18, 2)          1.0000
     (19, 2)          1.0000
     (20, 2)          1.0000
     (22, 2)          1.0000
     (23, 2)          1.0000
     (24, 2)          1.0000
     (25, 2)          1.0000
     (32, 2)          1.0000
     (36, 2)          1.0000
     (37, 2)          1.0000
     (39, 2)          1.0000
     (41, 2)          1.0000
     (42, 2)          1.0000
     (44, 2)          1.0000
     (45, 2)          1.0000
     (46, 2)          1.0000
     (50, 2)          1.0000
     (53, 2)          1.0000
     (54, 2)          1.0000
     (56, 2)          1.0000
     (58, 2)          1.0000
     (59, 2)          1.0000
     (61, 2)          1.0000
     (63, 2)          1.0000
     (65, 2)          1.0000
     (66, 2)          1.0000
     (67, 2)          1.0000
     (68, 2)          1.0000
     (69, 2)          1.0000
     (70, 2)          1.0000
     (71, 2)          1.0000
     (72, 2)          1.0000
     (74, 2)          1.0000
     (77, 2)          1.0000
     (78, 2)          1.0000
     (79, 2)          1.0000
     (81, 2)          1.0000
     (82, 2)          1.0000
     (83, 2)          1.0000
     (87, 2)          1.0000
     (89, 2)          1.0000
     (90, 2)          1.0000
     (92, 2)          1.0000
     (93, 2)          1.0000
     (94, 2)          1.0000
     (96, 2)          1.0000
     (97, 2)          1.0000
    (102, 2)          1.0000
    (104, 2)          1.0000
    (106, 2)          1.0000
    (107, 2)          1.0000
    (110, 2)          1.0000
    (111, 2)          1.0000
    (112, 2)          1.0000
    (114, 2)          1.0000
    (115, 2)          1.0000
    (116, 2)          1.0000
    (118, 2)          1.0000
    (119, 2)          1.0000
    (121, 2)          1.0000
    (122, 2)          1.0000
    (123, 2)          1.0000
    (125, 2)          1.0000
    (126, 2)          1.0000
    (127, 2)          1.0000
    (128, 2)          1.0000
    (129, 2)          1.0000
    (130, 2)          1.0000
    (132, 2)          1.0000
    (133, 2)          1.0000
    (134, 2)          1.0000
    (135, 2)          1.0000
    (136, 2)          1.0000
    (141, 2)          1.0000
    (142, 2)          1.0000
    (145, 2)          1.0000
    (146, 2)          1.0000
    (149, 2)          1.0000
    (152, 2)          1.0000
    (153, 2)          1.0000
    (154, 2)          1.0000
    (155, 2)          1.0000
    (156, 2)          1.0000
    (158, 2)          1.0000
    (159, 2)          1.0000
    (160, 2)          1.0000
    (161, 2)          1.0000
    (162, 2)          1.0000
    (165, 2)          1.0000
    (169, 2)          1.0000
    (170, 2)          1.0000
    (172, 2)          1.0000
    (173, 2)          1.0000
    (175, 2)          1.0000
    (176, 2)          1.0000
    (179, 2)          1.0000
    (182, 2)          1.0000
    (184, 2)          1.0000
    (186, 2)          1.0000
    (187, 2)          1.0000
    (188, 2)          1.0000
    (189, 2)          1.0000
    (192, 2)          1.0000
    (193, 2)          1.0000
    (194, 2)          1.0000
    (196, 2)          1.0000
    (197, 2)          1.0000
    (199, 2)          1.0000
    (204, 2)          1.0000
    (206, 2)          1.0000
    (217, 2)          1.0000
    (220, 2)          1.0000
    (228, 2)          1.0000
    (231, 2)          1.0000
    (241, 2)          1.0000
    (250, 2)          1.0000
    (256, 2)          1.0000
    (258, 2)          1.0000
    (260, 2)          1.0000
    (261, 2)          1.0000
    (265, 2)          1.0000
    (266, 2)          1.0000
    (267, 2)          1.0000
    (269, 2)          1.0000
    (272, 2)          1.0000
    (277, 2)          1.0000
    (281, 2)          1.0000
    (282, 2)          1.0000
    (286, 2)          1.0000
    (293, 2)          1.0000
    (297, 2)          1.0000
    (298, 2)          1.0000
    (200, 3)          1.0000
    (201, 3)          1.0000
    (202, 3)          1.0000
    (203, 3)          1.0000
    (205, 3)          1.0000
    (207, 3)          1.0000
    (208, 3)          1.0000
    (209, 3)          1.0000
    (210, 3)          1.0000
    (212, 3)          1.0000
    (213, 3)          1.0000
    (214, 3)          1.0000
    (215, 3)          1.0000
    (216, 3)          1.0000
    (218, 3)          1.0000
    (219, 3)          1.0000
    (221, 3)          1.0000
    (222, 3)          1.0000
    (223, 3)          1.0000
    (224, 3)          1.0000
    (225, 3)          1.0000
    (226, 3)          1.0000
    (227, 3)          1.0000
    (229, 3)          1.0000
    (230, 3)          1.0000
    (232, 3)          1.0000
    (233, 3)          1.0000
    (234, 3)          1.0000
    (235, 3)          1.0000
    (236, 3)          1.0000
    (237, 3)          1.0000
    (238, 3)          1.0000
    (239, 3)          1.0000
    (240, 3)          1.0000
    (242, 3)          1.0000
    (243, 3)          1.0000
    (244, 3)          1.0000
    (245, 3)          1.0000
    (246, 3)          1.0000
    (247, 3)          1.0000
    (248, 3)          1.0000
    (249, 3)          1.0000
    (251, 3)          1.0000
    (252, 3)          1.0000
    (253, 3)          1.0000
    (254, 3)          1.0000
    (255, 3)          1.0000
    (257, 3)          1.0000
    (259, 3)          1.0000
    (262, 3)          1.0000
    (263, 3)          1.0000
    (264, 3)          1.0000
    (268, 3)          1.0000
    (270, 3)          1.0000
    (271, 3)          1.0000
    (273, 3)          1.0000
    (274, 3)          1.0000
    (275, 3)          1.0000
    (276, 3)          1.0000
    (278, 3)          1.0000
    (279, 3)          1.0000
    (280, 3)          1.0000
    (283, 3)          1.0000
    (284, 3)          1.0000
    (285, 3)          1.0000
    (287, 3)          1.0000
    (288, 3)          1.0000
    (289, 3)          1.0000
    (290, 3)          1.0000
    (291, 3)          1.0000
    (292, 3)          1.0000
    (294, 3)          1.0000
    (295, 3)          1.0000
    (296, 3)          1.0000
    (299, 3)          1.0000

