
DATA_PATH, n, d, k: /home/hrgat/Namizje/Shudian/2021.0096-master/src/clustering_c++/git_instances/wine.txt 178 13 4
LOG_PATH: /home/hrgat/Namizje/Shudian/2021.0096-master/src/clustering_c++/git_instances_results/wine_4.txt

BRANCH_AND_BOUND_TOL: 0.0001
BRANCH_AND_BOUND_PARALLEL: 2
BRANCH_AND_BOUND_MAX_NODES: 100
BRANCH_AND_BOUND_VISITING_STRATEGY: 0

SDP_SOLVER_SESSION_THREADS_ROOT: 24
SDP_SOLVER_SESSION_THREADS: 24
SDP_SOLVER_FOLDER: /home/hrgat/Namizje/Shudian/SDPNAL+v1.0/
SDP_SOLVER_TOL: 1e-05
SDP_SOLVER_VERBOSE: 1
SDP_SOLVER_MAX_CP_ITER_ROOT: 40
SDP_SOLVER_MAX_CP_ITER: 20
SDP_SOLVER_CP_TOL: 1e-05
SDP_SOLVER_MAX_INEQ: 100000
SDP_SOLVER_INHERIT_PERC: 1
SDP_SOLVER_EPS_INEQ: 0.0001
SDP_SOLVER_EPS_ACTIVE: 1e-06
SDP_SOLVER_MAX_PAIR_INEQ: 100000
SDP_SOLVER_PAIR_PERC: 0.05
SDP_SOLVER_MAX_TRIANGLE_INEQ: 100000
SDP_SOLVER_TRIANGLE_PERC: 0.05

KMEANS_SDP_BASED: 1
KMEANS_MAX_ITER: 100
KMEANS_N_START: 50
KMEANS_VERBOSE: 0


|    N| NODE_PAR|    NODE|      LB_PAR|          LB|  FLAG|  TIME (s)| CP_ITER| CP_FLAG|   CP_INEQ|     PAIR  TRIANGLE    CLIQUE|         GUB|     I      J|     NODE_GAP|          GAP|  OPEN|
|  178|       -1|       0|        -inf| 1.33005e+06|    -3|       171|       6|      -3|      7322|    478.5      5000       178| 1.3319e+06*|    -1     -1|   0.00139327|   0.00139327|     0|
|  178|        0|       1| 1.33005e+06| 1.33155e+06|     0|        86|       1|      -3|      7322|        0       511       178|  1.3319e+06|    24     70|  0.000268302|  0.000268302|     0|
|  178|        1|       2| 1.33155e+06|  1.3318e+06|     0|        50|       1|       2|      7318|        0         0       178|  1.3319e+06|    36    144|  7.58723e-05|  0.000268302|     1|
|  177|        1|       3| 1.33155e+06| 1.33198e+06|     0|       108|       1|       2|      7233|       32      5000       177|  1.3319e+06|    36    144| -5.93741e-05| -5.93741e-05|     0|
|  177|        0|       4| 1.33005e+06|  1.3326e+06|     0|       260|       1|       2|      7454|      170      5000       177|  1.3319e+06|    24     70| -0.000525672| -0.000525672|     0|

WALL_TIME: 442 sec
N_NODES: 5
AVG_INEQ: 3415.9
AVG_CP_ITER: 2
ROOT_GAP: 0.00139327
GAP: 0
BEST: 1.3319e+06

[matrix size: 178x4; n_nonzero: 178; density: 25.0%]

     (59, 0)          1.0000
     (61, 0)          1.0000
     (63, 0)          1.0000
     (64, 0)          1.0000
     (66, 0)          1.0000
     (67, 0)          1.0000
     (71, 0)          1.0000
     (72, 0)          1.0000
     (75, 0)          1.0000
     (76, 0)          1.0000
     (77, 0)          1.0000
     (79, 0)          1.0000
     (80, 0)          1.0000
     (83, 0)          1.0000
     (84, 0)          1.0000
     (85, 0)          1.0000
     (86, 0)          1.0000
     (87, 0)          1.0000
     (90, 0)          1.0000
     (91, 0)          1.0000
     (92, 0)          1.0000
     (93, 0)          1.0000
     (94, 0)          1.0000
     (97, 0)          1.0000
     (99, 0)          1.0000
    (101, 0)          1.0000
    (102, 0)          1.0000
    (103, 0)          1.0000
    (105, 0)          1.0000
    (106, 0)          1.0000
    (107, 0)          1.0000
    (108, 0)          1.0000
    (110, 0)          1.0000
    (111, 0)          1.0000
    (113, 0)          1.0000
    (114, 0)          1.0000
    (115, 0)          1.0000
    (116, 0)          1.0000
    (117, 0)          1.0000
    (118, 0)          1.0000
    (119, 0)          1.0000
    (121, 0)          1.0000
    (122, 0)          1.0000
    (123, 0)          1.0000
    (124, 0)          1.0000
    (125, 0)          1.0000
    (126, 0)          1.0000
    (127, 0)          1.0000
    (128, 0)          1.0000
    (131, 0)          1.0000
    (132, 0)          1.0000
    (137, 0)          1.0000
    (142, 0)          1.0000
    (143, 0)          1.0000
    (146, 0)          1.0000
    (149, 0)          1.0000
    (150, 0)          1.0000
    (151, 0)          1.0000
    (152, 0)          1.0000
    (156, 0)          1.0000
    (160, 0)          1.0000
    (162, 0)          1.0000
    (165, 0)          1.0000
    (170, 0)          1.0000
    (171, 0)          1.0000
    (177, 0)          1.0000
      (2, 1)          1.0000
      (3, 1)          1.0000
      (5, 1)          1.0000
      (6, 1)          1.0000
      (7, 1)          1.0000
     (10, 1)          1.0000
     (11, 1)          1.0000
     (12, 1)          1.0000
     (14, 1)          1.0000
     (15, 1)          1.0000
     (16, 1)          1.0000
     (18, 1)          1.0000
     (26, 1)          1.0000
     (27, 1)          1.0000
     (30, 1)          1.0000
     (31, 1)          1.0000
     (33, 1)          1.0000
     (49, 1)          1.0000
     (51, 1)          1.0000
     (52, 1)          1.0000
     (53, 1)          1.0000
     (57, 1)          1.0000
     (58, 1)          1.0000
      (4, 2)          1.0000
     (19, 2)          1.0000
     (20, 2)          1.0000
     (21, 2)          1.0000
     (24, 2)          1.0000
     (25, 2)          1.0000
     (39, 2)          1.0000
     (40, 2)          1.0000
     (43, 2)          1.0000
     (60, 2)          1.0000
     (62, 2)          1.0000
     (65, 2)          1.0000
     (68, 2)          1.0000
     (69, 2)          1.0000
     (78, 2)          1.0000
     (81, 2)          1.0000
     (82, 2)          1.0000
     (88, 2)          1.0000
     (89, 2)          1.0000
     (96, 2)          1.0000
     (98, 2)          1.0000
    (100, 2)          1.0000
    (104, 2)          1.0000
    (109, 2)          1.0000
    (112, 2)          1.0000
    (120, 2)          1.0000
    (129, 2)          1.0000
    (130, 2)          1.0000
    (133, 2)          1.0000
    (134, 2)          1.0000
    (135, 2)          1.0000
    (136, 2)          1.0000
    (138, 2)          1.0000
    (139, 2)          1.0000
    (140, 2)          1.0000
    (141, 2)          1.0000
    (144, 2)          1.0000
    (145, 2)          1.0000
    (147, 2)          1.0000
    (148, 2)          1.0000
    (153, 2)          1.0000
    (154, 2)          1.0000
    (155, 2)          1.0000
    (158, 2)          1.0000
    (159, 2)          1.0000
    (161, 2)          1.0000
    (163, 2)          1.0000
    (164, 2)          1.0000
    (166, 2)          1.0000
    (167, 2)          1.0000
    (168, 2)          1.0000
    (169, 2)          1.0000
    (172, 2)          1.0000
    (173, 2)          1.0000
    (174, 2)          1.0000
    (175, 2)          1.0000
    (176, 2)          1.0000
      (0, 3)          1.0000
      (1, 3)          1.0000
      (8, 3)          1.0000
      (9, 3)          1.0000
     (13, 3)          1.0000
     (17, 3)          1.0000
     (22, 3)          1.0000
     (23, 3)          1.0000
     (28, 3)          1.0000
     (29, 3)          1.0000
     (32, 3)          1.0000
     (34, 3)          1.0000
     (35, 3)          1.0000
     (36, 3)          1.0000
     (37, 3)          1.0000
     (38, 3)          1.0000
     (41, 3)          1.0000
     (42, 3)          1.0000
     (44, 3)          1.0000
     (45, 3)          1.0000
     (46, 3)          1.0000
     (47, 3)          1.0000
     (48, 3)          1.0000
     (50, 3)          1.0000
     (54, 3)          1.0000
     (55, 3)          1.0000
     (56, 3)          1.0000
     (70, 3)          1.0000
     (73, 3)          1.0000
     (74, 3)          1.0000
     (95, 3)          1.0000
    (157, 3)          1.0000

