2 3 4 5 6
8 8 8 8 18
8 8 8 8 31
8 8 8 8 31
8 8 8 8 31
8 8 8 8 18
8 8 8 8 6
8 8 8 8 18
8 8 8 8 18
8 8 8 8 31
8 8 8 8 31
8 8 8 8 6
8 8 8 8 18
8 8 8 8 31
8 8 8 8 31
8 8 8 8 6
8 8 8 8 6
8 8 8 8 6
8 8 8 8 18
8 8 8 8 6
8 8 8 8 6
8 8 8 8 18
8 8 8 8 18
8 8 8 8 18
8 8 8 8 18
8 8 8 8 18
8 8 8 8 31
8 8 8 8 18
8 8 8 8 18
8 8 8 8 18
8 8 8 8 31
8 8 8 8 31
8 8 8 8 18
8 8 8 8 6
8 8 8 8 6
8 8 8 8 31
8 8 8 8 31
8 8 8 8 18
8 8 8 8 18
8 8 8 8 31
8 8 8 8 18
8 8 8 8 18
8 8 70 70 31
8 8 8 8 31
8 8 8 8 18
8 8 8 8 6
8 8 8 8 31
8 8 8 8 6
8 8 8 8 31
8 8 8 8 18
8 8 8 8 18
127 148 140 140 140
127 148 79 79 79
127 148 140 140 140
127 95 70 70 70
127 148 79 79 79
127 95 79 79 79
127 148 79 79 79
127 95 70 70 70
127 148 79 79 79
127 95 70 70 70
127 95 70 70 70
127 95 79 79 79
127 95 70 70 70
127 95 79 79 79
127 95 79 79 79
127 148 79 79 79
127 95 79 79 79
127 95 70 70 70
127 95 70 70 70
127 95 70 70 70
127 148 79 79 79
127 95 79 79 79
127 95 79 79 79
127 95 79 79 79
127 95 79 79 79
127 148 79 79 79
127 148 79 79 79
127 148 140 140 140
127 95 79 79 79
127 95 70 70 70
127 95 70 70 70
127 95 70 70 70
127 95 70 70 70
127 95 79 79 79
127 95 79 79 79
127 148 79 79 79
127 148 140 140 140
127 95 70 70 70
127 95 79 79 79
127 95 70 70 70
127 95 70 70 70
127 95 79 79 79
127 95 70 70 70
127 95 70 70 70
127 95 70 70 70
127 95 79 79 79
127 95 79 79 79
127 95 79 79 79
127 95 70 70 70
127 95 79 79 79
127 148 140 140 140
127 95 79 79 79
127 148 140 140 140
127 148 79 79 79
127 148 140 140 140
127 148 140 140 140
127 95 70 70 70
127 148 140 140 140
127 148 140 140 140
127 148 140 140 140
127 148 140 140 140
127 148 79 79 79
127 148 140 140 140
127 95 79 79 79
127 148 79 79 79
127 148 140 140 140
127 148 140 140 140
127 148 140 140 140
127 148 140 140 140
127 95 70 70 70
127 148 140 140 140
127 95 79 79 79
127 148 140 140 140
127 148 79 79 79
127 148 140 140 140
127 148 140 140 140
127 148 79 79 79
127 148 79 79 79
127 148 140 140 140
127 148 140 140 140
127 148 140 140 140
127 148 140 140 140
127 148 140 140 140
127 148 79 79 79
127 95 79 79 79
127 148 140 140 140
127 148 140 140 140
127 148 140 140 140
127 148 79 79 79
127 148 140 140 140
127 148 140 140 140
127 148 140 140 140
127 95 79 79 79
127 148 140 140 140
127 148 140 140 140
127 148 140 140 140
127 148 79 79 79
127 148 140 140 140
127 148 140 140 140
127 148 79 79 79
