2 3 4 5 6
8 8 8 8 49
8 8 8 8 31
8 8 8 8 31
8 8 8 8 31
8 8 8 8 49
8 8 8 8 49
8 8 8 8 31
8 8 8 8 31
8 8 8 8 31
8 8 8 8 31
8 8 8 8 49
8 8 8 8 31
8 8 8 8 31
8 8 8 8 31
8 8 8 8 49
8 8 8 8 49
8 8 8 8 49
8 8 8 8 49
8 8 8 8 49
8 8 8 8 49
8 8 8 8 49
8 8 8 8 49
8 8 8 8 49
8 8 8 8 31
8 8 8 8 31
8 8 8 8 31
8 8 8 8 31
8 8 8 8 49
8 8 8 8 49
8 8 8 8 31
8 8 8 8 31
8 8 8 8 49
8 8 8 8 49
8 8 8 8 49
8 8 8 8 31
8 8 8 8 31
8 8 8 8 49
8 8 8 8 49
8 8 8 8 31
8 8 8 8 49
8 8 8 8 49
8 8 81 81 31
8 8 8 8 31
8 8 8 8 49
8 8 8 8 49
8 8 8 8 31
8 8 8 8 49
8 8 8 8 31
8 8 8 8 49
8 8 8 8 31
127 140 140 140 113
127 140 79 79 79
127 140 140 140 113
127 95 81 81 90
127 95 79 79 79
127 95 79 79 79
127 140 79 79 79
127 95 81 81 90
127 140 79 79 79
127 95 81 81 90
127 95 81 81 90
127 95 79 79 79
127 95 81 81 90
127 95 79 79 79
127 95 79 79 79
127 140 79 79 79
127 95 79 79 79
127 95 81 81 90
127 95 81 81 90
127 95 81 81 90
127 140 79 79 79
127 95 79 79 79
127 95 79 79 79
127 95 79 79 79
127 95 79 79 79
127 140 79 79 79
127 140 79 79 79
127 140 140 140 113
127 95 79 79 79
127 95 81 81 90
127 95 81 81 90
127 95 81 81 90
127 95 79 79 90
127 95 79 79 79
127 95 79 79 79
127 140 79 79 79
127 140 140 140 113
127 95 81 81 90
127 95 79 79 79
127 95 81 81 90
127 95 81 81 90
127 95 79 79 79
127 95 81 81 90
127 95 81 81 90
127 95 79 79 90
127 95 79 79 79
127 95 79 79 79
127 95 79 79 79
127 95 81 81 90
127 95 79 79 79
127 140 140 140 113
127 95 79 79 79
127 140 140 140 113
127 140 79 79 113
127 140 140 140 113
127 140 140 140 113
127 95 81 81 90
127 140 140 140 113
127 140 140 140 113
127 140 140 140 118
127 140 140 140 113
127 140 79 79 113
127 140 140 140 113
127 95 79 79 90
127 140 79 79 79
127 140 140 140 113
127 140 140 140 113
127 140 140 140 118
127 140 140 140 113
127 95 81 81 90
127 140 140 140 113
127 95 79 79 79
127 140 140 140 113
127 95 79 79 79
127 140 140 140 113
127 140 140 140 113
127 95 79 79 79
127 140 79 79 79
127 140 140 140 113
127 140 140 140 113
127 140 140 140 113
127 140 140 140 118
127 140 140 140 113
127 95 79 79 79
127 95 79 79 79
127 140 140 140 113
127 140 140 140 113
127 140 140 140 113
127 95 79 79 79
127 140 140 140 113
127 140 140 140 113
127 140 140 140 113
127 95 79 79 79
127 140 140 140 113
127 140 140 140 113
127 140 140 140 113
127 95 79 79 79
127 140 140 140 113
127 140 140 140 113
127 95 79 79 79
