2 3 4 5 6
50 50 49 49 49
50 50 50 50 50
50 50 50 50 50
50 50 50 50 50
50 50 49 49 49
50 50 49 49 49
50 50 50 50 50
50 50 50 50 50
50 50 50 50 50
50 50 50 50 50
50 50 49 49 49
50 50 50 50 50
50 50 50 50 50
50 50 50 50 50
50 50 49 49 49
50 50 49 49 49
50 50 49 49 49
50 50 49 49 49
50 50 49 49 49
50 50 49 49 49
50 50 49 49 49
50 50 49 49 49
50 50 49 49 49
50 50 50 50 50
50 50 50 50 50
50 50 50 50 50
50 50 50 50 50
50 50 49 49 49
50 50 49 49 49
50 50 50 50 50
50 50 50 50 50
50 50 49 49 49
50 50 49 49 49
50 50 49 49 49
50 50 50 50 50
50 50 50 50 50
50 50 49 49 49
50 50 49 49 49
50 50 50 50 50
50 50 50 50 50
50 50 49 49 49
50 50 50 50 50
50 50 50 50 50
50 50 49 49 49
50 50 49 49 49
50 50 50 50 50
50 50 49 49 49
50 50 50 50 50
50 50 49 49 49
50 50 50 50 50
150 149 149 149 149
150 149 149 149 149
150 149 149 149 149
150 150 150 150 120
150 150 150 150 150
150 150 150 150 150
150 149 149 149 149
150 150 150 150 120
150 150 150 150 150
150 150 150 150 120
150 150 150 150 120
150 150 150 150 150
150 150 150 150 120
150 150 150 150 150
150 150 150 150 150
150 149 149 149 149
150 150 150 150 150
150 150 150 150 120
150 150 150 150 120
150 150 150 150 120
150 149 149 149 149
150 150 150 150 150
150 150 150 150 150
150 150 150 150 150
150 150 150 150 150
150 149 149 149 150
150 149 149 149 150
150 149 149 149 149
150 150 150 150 150
150 150 150 150 120
150 150 150 150 120
150 150 150 150 120
150 150 150 150 120
150 150 150 150 150
150 150 150 150 150
150 149 149 149 149
150 149 149 149 149
150 150 150 150 120
150 150 150 150 150
150 150 150 150 120
150 150 150 150 120
150 150 150 150 150
150 150 150 150 120
150 150 150 150 120
150 150 150 150 120
150 150 150 150 150
150 150 150 150 150
150 150 150 150 150
150 150 150 150 120
150 150 150 150 150
150 149 149 149 149
150 150 150 150 150
150 149 149 149 136
150 149 149 149 150
150 149 149 149 149
150 149 149 149 136
150 150 150 150 120
150 149 149 149 136
150 149 149 149 150
150 149 149 149 136
150 149 149 149 149
150 149 149 149 150
150 149 149 149 149
150 150 150 150 150
150 150 150 150 150
150 149 149 149 149
150 149 149 149 149
150 149 149 149 136
150 149 149 149 136
150 150 150 150 120
150 149 149 149 149
150 150 150 150 150
150 149 149 149 136
150 150 150 150 150
150 149 149 149 149
150 149 149 149 136
150 150 150 150 150
150 149 149 149 150
150 149 149 149 149
150 149 149 149 136
150 149 149 149 136
150 149 149 149 136
150 149 149 149 149
150 150 150 150 150
150 150 150 150 150
150 149 149 149 136
150 149 149 149 149
150 149 149 149 149
150 150 150 150 150
150 149 149 149 149
150 149 149 149 149
150 149 149 149 149
150 150 150 150 150
150 149 149 149 149
150 149 149 149 149
150 149 149 149 149
150 150 150 150 150
150 149 149 149 149
150 149 149 149 149
150 150 150 150 150
