2000 2
10.5 9
10.56717 9.268445
8.27532 11.38221
8.227458 11.37764
8.179511 11.37211
8.1315 11.36561
8.083443 11.35814
8.035361 11.3497
7.98727 11.34027
7.9392 11.32987
7.89116 11.31848
7.84317 11.30611
10.57166 9.29981
7.79526 11.29275
7.74744 11.2784
7.69974 11.26305
7.65217 11.24672
7.60476 11.22939
7.55752 11.21107
7.51048 11.19176
7.46366 11.17146
7.41707 11.15017
7.37075 11.12789
10.57552 9.331439
7.3247 11.10463
7.27896 11.08039
7.23353 11.05516
7.18845 11.02896
7.14373 11.00179
7.09939 10.97365
7.05546 10.94454
7.01195 10.91448
6.96888 10.88347
6.92628 10.85151
10.57873 9.363319
6.88417 10.81862
6.84256 10.78479
6.80148 10.75003
6.76095 10.71436
6.72098 10.67778
6.6816 10.64031
6.64282 10.60194
6.60467 10.56269
6.56716 10.52257
6.53032 10.48159
10.58131 9.395437
6.49417 10.43975
6.45871 10.39709
6.42398 10.35359
6.38998 10.30928
6.35675 10.26417
6.32429 10.21826
6.29262 10.17159
6.26177 10.12415
6.23175 10.07596
6.20257 10.02704
10.58323 9.42778
6.17426 9.977395
6.14683 9.927051
6.1203 9.876019
6.09468 9.824315
6.06999 9.771955
6.04624 9.718957
6.02345 9.665337
6.00164 9.611113
5.98082 9.556302
5.96101 9.500922
10.58448 9.460335
5.94221 9.444993
5.92444 9.388533
5.90772 9.331561
5.89206 9.274096
5.87747 9.216158
5.86397 9.157767
5.85155 9.0989439
5.84025 9.0397087
5.83006 8.9800824
5.821 8.9200863
10.58508 9.493089
5.81308 8.859742
5.80631 8.79907
5.8007 8.738094
5.79626 8.676835
5.79299 8.615316
5.7909 8.553559
5.79001 8.491588
5.79032 8.429425
5.79183 8.367093
5.79456 8.304617
10.58499 9.526028
5.79851 8.242019
5.80368 8.179323
5.81007 8.116554
5.81771 8.053736
5.82658 7.99089
5.83669 7.92805
5.84805 7.86523
5.86065 7.80246
5.87451 7.73976
5.88962 7.67716
10.58422 9.559137
5.90598 7.61468
5.92359 7.55235
5.94245 7.49019
5.96257 7.42824
5.98395 7.3665
6.00657 7.30502
6.03044 7.24381
6.05556 7.1829
6.08192 7.12231
6.10953 7.06207
10.50973 9.0284611
10.58277 9.592403
6.13837 7.00221
6.16844 6.94275
6.19974 6.88372
6.23226 6.82513
6.266 6.76703
6.30095 6.70942
6.33711 6.65234
6.37445 6.59582
6.41299 6.53986
6.4527 6.48451
10.58062 9.625812
6.49359 6.42979
6.53563 6.37571
6.57882 6.32231
6.62316 6.26961
6.66862 6.21763
6.7152 6.1664
6.76289 6.11593
6.81167 6.06626
6.86153 6.01741
6.91245 5.9694
10.57777 9.659349
6.96443 5.92225
7.01744 5.87599
7.07148 5.83063
7.12652 5.7862
7.18256 5.74273
7.23957 5.70023
7.29754 5.65873
7.35644 5.61824
7.41628 5.57878
7.47701 5.54039
10.57421 9.692999
7.53864 5.50307
7.60113 5.46685
7.66446 5.43174
7.72863 5.39778
7.7936 5.36496
7.85936 5.33332
7.92588 5.30287
7.99315 5.27363
8.061141 5.24561
8.129829 5.21884
10.56995 9.726748
8.199194 5.19332
8.269213 5.16908
8.339861 5.14613
8.411116 5.12449
8.482952 5.10416
8.555346 5.08517
8.628272 5.06753
8.701706 5.05125
8.775621 5.03635
8.849993 5.02283
10.56497 9.760581
8.9247947 5.01071
9 5
9.0755822 4.99071
9.151515 4.98286
9.22777 4.97644
9.30432 4.97148
9.381139 4.96797
9.458197 4.96594
9.535467 4.96538
9.61292 4.9663
10.55926 9.794483
9.690529 4.96871
9.768263 4.97262
9.846095 4.97803
9.923996 4.98495
10.00193 4.99338
10.07988 5.00332
10.15781 5.01478
10.23569 5.02776
10.31349 5.04227
10.39119 5.0583
10.55283 9.828439
10.46874 5.07586
10.54612 5.09494
10.62331 5.11555
10.70027 5.13768
10.77696 5.16134
10.85337 5.18652
10.92946 5.21322
11.0052 5.24144
11.08056 5.27117
11.15551 5.30241
10.54567 9.862433
11.23002 5.33515
11.30406 5.36939
11.37759 5.40512
11.4506 5.44234
11.52305 5.48103
11.59491 5.5212
11.66615 5.56283
11.73673 5.6059
11.80664 5.65043
11.87585 5.69638
10.53778 9.896449
11.94431 5.74375
12.01201 5.79254
12.07891 5.84272
12.14499 5.89429
12.21021 5.94723
12.27456 6.00152
12.33799 6.05716
12.40049 6.11413
12.46203 6.17241
12.52257 6.23199
10.51892 9.0572891
10.52916 9.930473
12.5821 6.29285
12.64058 6.35497
12.69798 6.41833
12.75429 6.48292
12.80948 6.54872
12.86351 6.61571
12.91638 6.68386
12.96804 6.75316
13.01848 6.82359
13.06767 6.89512
10.51979 9.964488
13.11558 6.96774
13.1622 7.04142
13.20751 7.11613
13.25147 7.19185
13.29407 7.26857
13.33529 7.34625
13.3751 7.42487
13.41348 7.5044
13.45041 7.58483
13.48588 7.66611
10.50968 9.998479
13.51986 7.74823
13.55234 7.83116
13.58329 7.91487
13.61271 7.99933
13.64056 8.084511
13.66683 8.170391
13.69152 8.256936
13.7146 8.344118
13.73605 8.431907
13.75587 8.520271
10.49883 10.03243
13.77403 8.609181
13.79053 8.698606
13.80535 8.788513
13.81848 8.878873
13.8299 8.9696524
13.83962 9.0608196
13.84761 9.152342
13.85386 9.244187
13.85837 9.336322
13.86113 9.428714
10.48723 10.06632
13.86213 9.521329
13.86136 9.614133
13.85882 9.707093
13.8545 9.800175
13.84838 9.893344
13.84048 9.986567
13.83079 10.07981
13.81929 10.17304
13.806 10.26621
13.7909 10.3593
10.47488 10.10015
13.77399 10.45227
13.75528 10.54508
13.73477 10.63771
13.71244 10.73011
13.68832 10.82225
13.66239 10.91409
13.63466 11.0056
13.60514 11.09674
13.57382 11.18748
13.54071 11.27779
10.46179 10.13388
13.50583 11.36762
13.46916 11.45694
13.43073 11.54573
13.39054 11.63393
13.34859 11.72152
13.30489 11.80847
13.25946 11.89473
13.21231 11.98028
13.16344 12.06507
13.11287 12.14908
10.44794 10.16751
13.06061 12.23227
13.00667 12.3146
12.95107 12.39605
12.89381 12.47658
12.83493 12.55616
12.77442 12.63474
12.71231 12.71231
12.64862 12.78883
12.58335 12.86426
12.51654 12.93857
10.43334 10.20101
12.4482 13.01173
12.37835 13.08372
12.307 13.1545
12.23419 13.22403
12.15993 13.29229
12.08424 13.35925
12.00715 13.42488
11.92867 13.48915
11.84885 13.55203
11.76768 13.61349
10.41799 10.23438
11.68522 13.67351
11.60147 13.73206
11.51647 13.7891
11.43024 13.84462
11.34281 13.89859
11.2542 13.95098
11.16446 14.00176
11.07359 14.05092
10.98165 14.09843
10.88864 14.14426
10.52755 9.0864734
10.40189 10.2676
10.79462 14.1884
10.69959 14.23081
10.60361 14.27148
10.50669 14.31039
10.40888 14.34752
10.3102 14.38284
10.2107 14.41634
10.11039 14.44799
10.00932 14.47779
9.907515 14.50571
10.38504 10.30064
9.80502 14.53173
9.701866 14.55584
9.598089 14.57803
9.493724 14.59827
9.388808 14.61656
9.283378 14.63288
9.177471 14.64721
9.0711238 14.65955
8.9643746 14.66989
8.857261 14.67821
10.36744 10.3335
8.749821 14.6845
8.642094 14.68875
8.534118 14.69096
8.425931 14.69112
8.317573 14.68922
8.209084 14.68525
8.100502 14.67921
7.99187 14.67109
7.88322 14.66089
7.7746 14.64861
10.34909 10.36615
7.66605 14.63424
7.5576 14.61778
7.4493 14.59923
7.34119 14.5786
7.2333 14.55587
7.12569 14.53105
7.01838 14.50415
6.91143 14.47517
6.80486 14.4441
6.69872 14.41096
10.32999 10.39858
6.59306 14.37575
6.4879 14.33848
6.3833 14.29915
6.27929 14.25777
6.17591 14.21435
6.0732 14.16889
5.9712 14.12142
5.86996 14.07193
5.76951 14.02044
5.66988 13.96696
10.31015 10.43078
5.57113 13.91151
5.47329 13.8541
5.37639 13.79474
5.28049 13.73346
5.1856 13.67025
5.09178 13.60515
4.99906 13.53817
4.90748 13.46933
4.81708 13.39864
4.72789 13.32614
10.28956 10.46272
4.63995 13.25183
4.55329 13.17574
4.46796 13.09789
4.38398 13.0183
4.3014 12.93701
4.22024 12.85402
4.14055 12.76938
4.06235 12.68309
3.98568 12.5952
3.91057 12.50572
10.26823 10.49439
3.83705 12.41469
3.76517 12.32213
3.69494 12.22807
3.6264 12.13254
3.55958 12.03557
3.4945 11.93719
3.43121 11.83744
3.36972 11.73634
3.31007 11.63394
3.25229 11.53025
10.24616 10.52577
3.19639 11.42532
3.14241 11.31918
3.09037 11.21187
3.0403 11.10342
2.99222 10.99386
2.94616 10.88324
2.90213 10.77159
2.86017 10.65895
2.82029 10.54536
2.78252 10.43085
10.22336 10.55685
2.74687 10.31546
2.71336 10.19924
2.68202 10.08222
2.65286 9.964448
2.62589 9.845959
2.60114 9.726795
2.57863 9.606999
2.55835 9.486611
2.54034 9.365675
2.5246 9.244232
10.53562 9.116003
10.19983 10.58761
2.51115 9.122326
10.17557 10.61803
10.15059 10.6481
10.12489 10.6778
10.09848 10.70712
10.07136 10.73603
10.04353 10.76452
10.01502 10.79258
9.985813 10.82018
9.955926 10.84732
10.54312 9.145868
9.925365 10.87398
9.894136 10.90014
9.86225 10.92578
9.829712 10.95089
9.796533 10.97546
9.762721 10.99946
9.728287 11.02289
9.693238 11.04573
9.657587 11.06797
9.621342 11.08958
10.55003 9.176056
9.584515 11.11055
9.547118 11.13088
9.509161 11.15055
9.470656 11.16954
9.431615 11.18783
9.392052 11.20542
9.351978 11.2223
9.311406 11.23844
9.270351 11.25384
9.228825 11.26849
10.55635 9.206556
9.186843 11.28237
9.144418 11.29546
9.101566 11.30777
9.0583018 11.31927
9.0146397 11.32995
8.9705955 11.33982
8.9261847 11.34884
8.881423 11.35702
8.836328 11.36434
8.790914 11.3708
10.56207 9.237356
8.745199 11.37638
8.6992 11.38108
8.652934 11.38488
8.606418 11.38778
8.55967 11.38977
8.512708 11.39085
8.465549 11.391
8.418212 11.39021
8.370716 11.38849
8.323079 11.38583
15.48885 8.877674
7.5 9
7.49027 8.9715389
7.48108 8.9427109
7.47245 8.9135266
7.46438 8.883997
7.45688 8.854132
7.44997 8.823944
7.44365 8.793444
7.43793 8.762644
7.43283 8.731555
7.42834 8.70019
7.42448 8.668561
7.42127 8.636681
7.41869 8.604563
7.41677 8.57222
7.41552 8.539665
7.41492 8.506911
7.41501 8.473972
7.41578 8.440863
7.41723 8.407597
7.41938 8.374188
7.42223 8.340651
7.42579 8.307001
7.43005 8.273252
7.43503 8.239419
7.44074 8.205517
7.44717 8.171561
7.45433 8.137567
7.46222 8.103551
7.47084 8.069527
7.48021 8.035512
7.49032 8.001521
7.50117 7.96757
7.51277 7.93368
7.52512 7.89985
7.53821 7.86612
7.55206 7.83249
7.56666 7.79899
7.58201 7.76562
7.59811 7.7324
7.61496 7.69936
7.63256 7.6665
7.65091 7.63385
7.67001 7.60142
7.68985 7.56922
7.71044 7.53728
7.73177 7.50561
7.75384 7.47423
7.77664 7.44315
7.80017 7.41239
7.82443 7.38197
7.84941 7.3519
7.87511 7.3222
7.90152 7.29288
7.92864 7.26397
7.95647 7.23548
7.98498 7.20742
8.014187 7.17982
8.044074 7.15268
8.074635 7.12602
8.105864 7.09986
8.13775 7.07422
8.170288 7.04911
8.203467 7.02454
8.237279 7.00054
8.271713 6.97711
8.306762 6.95427
8.342413 6.93203
8.378658 6.91042
8.415485 6.88945
8.452882 6.86912
8.490839 6.84945
8.529344 6.83046
8.568385 6.81217
8.607948 6.79458
8.648022 6.7777
8.688594 6.76156
8.729649 6.74616
8.771175 6.73151
8.813157 6.71763
8.855582 6.70454
8.898434 6.69223
8.9416982 6.68073
8.9853603 6.67005
9.0294045 6.66018
9.0738153 6.65116
9.118577 6.64298
9.163672 6.63566
9.209086 6.6292
9.254801 6.62362
9.3008 6.61892
9.347066 6.61512
9.393582 6.61222
9.44033 6.61023
9.487292 6.60915
9.534451 6.609
9.581788 6.60979
9.629284 6.61151
9.676921 6.61417
9.72468 6.61779
9.772542 6.62236
9.820489 6.62789
9.8685 6.63439
9.916557 6.64186
9.964639 6.6503
10.01273 6.65973
10.0608 6.67013
10.10884 6.68152
10.15683 6.69389
10.20474 6.70725
10.25256 6.7216
10.30026 6.73695
10.34783 6.75328
10.39524 6.77061
10.44248 6.78893
10.48952 6.80824
10.53634 6.82854
10.58293 6.84983
10.62925 6.87211
10.6753 6.89537
10.72104 6.91961
10.76647 6.94484
10.81155 6.97104
10.85627 6.99821
10.90061 7.02635
10.94454 7.05546
10.98805 7.08552
11.03112 7.11653
11.07372 7.14849
11.11583 7.18138
11.15744 7.21521
11.19852 7.24997
11.23905 7.28564
11.27902 7.32222
11.3184 7.35969
11.35718 7.39806
11.39533 7.43731
11.43284 7.47743
11.46968 7.51841
11.50583 7.56025
11.54129 7.60291
11.57602 7.64641
11.61002 7.69072
11.64325 7.73583
11.67571 7.78174
11.70738 7.82841
11.73823 7.87585
11.76825 7.92404
11.79743 7.97296
11.82574 8.022605
11.85317 8.072949
11.8797 8.123981
11.90532 8.175685
11.93001 8.228045
11.95376 8.281043
11.97655 8.334663
11.99836 8.388887
12.01918 8.443698
12.03899 8.499078
12.05779 8.555007
12.07556 8.611467
12.09228 8.668439
12.10794 8.725904
12.12253 8.783842
12.13603 8.842233
12.14845 8.9010561
12.15975 8.9602913
12.16994 9.0199176
12.179 9.0799137
12.18692 9.140258
12.19369 9.20093
12.1993 9.261906
12.20374 9.323165
12.20701 9.384684
12.2091 9.446441
12.20999 9.508412
12.20968 9.570575
12.20817 9.632907
12.20544 9.695383
12.20149 9.757981
12.19632 9.820677
12.18993 9.883446
12.18229 9.946264
12.17342 10.00911
12.16331 10.07195
12.15195 10.13477
12.13935 10.19754
12.12549 10.26024
12.11038 10.32284
12.09402 10.38532
12.07641 10.44765
12.05755 10.50981
12.03743 10.57176
12.01605 10.6335
11.99343 10.69498
11.96956 10.75619
11.94444 10.8171
11.91808 10.87769
11.89047 10.93793
11.86163 10.99779
11.83156 11.05725
11.80026 11.11628
11.76774 11.17487
11.734 11.23297
11.69905 11.29058
11.66289 11.34766
11.62555 11.40418
11.58701 11.46014
11.5473 11.51549
11.50641 11.57021
11.46437 11.62429
11.42118 11.67769
11.37684 11.73039
11.33138 11.78237
11.2848 11.8336
11.23711 11.88407
11.18833 11.93374
11.13847 11.98259
11.08755 12.0306
11.03557 12.07775
10.98256 12.12401
10.92852 12.16937
10.87348 12.2138
10.81744 12.25727
10.76043 12.29977
10.70246 12.34127
10.64356 12.38176
10.58372 12.42122
10.52299 12.45961
10.46136 12.49693
10.39887 12.53315
10.33554 12.56826
10.27137 12.60222
10.2064 12.63504
10.14064 12.66668
10.07412 12.69713
10.00685 12.72637
9.938859 12.75439
9.870171 12.78116
9.800806 12.80668
9.730787 12.83092
9.660139 12.85387
9.588884 12.87551
9.517048 12.89584
9.444654 12.91483
9.371728 12.93247
9.298294 12.94875
9.224379 12.96365
9.150007 12.97717
9.0752053 12.98929
9 13
8.9244178 13.00929
8.848485 13.01714
8.77223 13.02356
8.69568 13.02852
8.618861 13.03203
8.541803 13.03406
8.464533 13.03462
8.38708 13.0337
8.309471 13.03129
8.231737 13.02738
8.153905 13.02197
8.076004 13.01505
7.99807 13.00662
7.92012 12.99668
7.84219 12.98522
7.76431 12.97224
7.68651 12.95773
7.60881 12.9417
7.53126 12.92414
7.45388 12.90506
7.37669 12.88445
7.29973 12.86232
7.22304 12.83866
7.14663 12.81348
7.07054 12.78678
6.9948 12.75856
6.91944 12.72883
6.84449 12.69759
6.76998 12.66485
6.69594 12.63061
6.62241 12.59488
6.5494 12.55766
6.47695 12.51897
6.40509 12.4788
6.33385 12.43717
6.26327 12.3941
6.19336 12.34957
6.12415 12.30362
6.05569 12.25625
5.98799 12.20746
5.92109 12.15728
5.85501 12.10571
5.78979 12.05277
5.72544 11.99848
5.66201 11.94284
5.59951 11.88587
5.53797 11.82759
5.47743 11.76801
5.4179 11.70715
5.35942 11.64503
5.30202 11.58167
5.24571 11.51708
5.19052 11.45128
5.13649 11.38429
5.08362 11.31614
5.03196 11.24684
4.98152 11.17641
4.93233 11.10488
4.88442 11.03226
4.8378 10.95858
4.79249 10.88387
4.74853 10.80815
4.70593 10.73143
4.66471 10.65375
4.6249 10.57513
4.58652 10.4956
4.54959 10.41517
4.51412 10.33389
4.48014 10.25177
4.44766 10.16884
4.41671 10.08513
4.38729 10.00067
4.35944 9.915489
4.33317 9.829609
4.30848 9.743064
4.2854 9.655882
4.26395 9.568093
4.24413 9.479729
4.22597 9.390819
4.20947 9.301394
4.19465 9.211487
4.18152 9.121127
4.1701 9.0303476
4.16038 8.9391804
4.15239 8.847658
4.14614 8.755813
4.14163 8.663678
4.13887 8.571286
4.13787 8.478671
4.13864 8.385867
4.14118 8.292907
4.1455 8.199825
4.15162 8.106656
4.15952 8.013433
4.16921 7.92019
4.18071 7.82696
4.194 7.73379
4.2091 7.6407
4.22601 7.54773
4.24472 7.45492
4.26523 7.36229
4.28756 7.26989
4.31168 7.17775
4.33761 7.08591
4.36534 6.9944
4.39486 6.90326
4.42618 6.81252
4.45929 6.72221
4.49417 6.63238
4.53084 6.54306
4.56927 6.45427
4.60946 6.36607
4.65141 6.27848
4.69511 6.19153
4.74054 6.10527
4.78769 6.01972
4.83656 5.93493
4.88713 5.85092
4.93939 5.76773
4.99333 5.6854
5.04893 5.60395
5.10619 5.52342
5.16507 5.44384
5.22558 5.36526
5.28769 5.28769
5.35138 5.21117
5.41665 5.13574
5.48346 5.06143
5.5518 4.98827
5.62165 4.91628
5.693 4.8455
5.76581 4.77597
5.84007 4.70771
5.91576 4.64075
5.99285 4.57512
6.07133 4.51085
6.15115 4.44797
6.23232 4.38651
6.31478 4.32649
6.39853 4.26794
6.48353 4.2109
6.56976 4.15538
6.65719 4.10141
6.7458 4.04902
6.83554 3.99824
6.92641 3.94908
7.01835 3.90157
7.11136 3.85574
7.20538 3.8116
7.30041 3.76919
7.39639 3.72852
7.49331 3.68961
7.59112 3.65248
7.6898 3.61716
7.7893 3.58366
7.88961 3.55201
7.99068 3.52221
8.092485 3.49429
8.19498 3.46827
8.298134 3.44416
8.401911 3.42197
8.506276 3.40173
8.611192 3.38344
8.716622 3.36712
8.822529 3.35279
8.9288762 3.34045
9.0356254 3.33011
9.142739 3.32179
9.250179 3.3155
9.357906 3.31125
9.465882 3.30904
9.574069 3.30888
9.682427 3.31078
9.790916 3.31475
9.899498 3.32079
10.00813 3.32891
10.11678 3.33911
10.2254 3.35139
10.33395 3.36576
10.4424 3.38222
10.5507 3.40077
10.65881 3.4214
10.7667 3.44413
10.87431 3.46895
10.98162 3.49585
11.08857 3.52483
11.19514 3.5559
11.30128 3.58904
11.40694 3.62425
11.5121 3.66152
11.6167 3.70085
11.72071 3.74223
11.82409 3.78565
11.9268 3.83111
12.0288 3.87858
12.13004 3.92807
12.23049 3.97956
12.33012 4.03304
12.42887 4.08849
12.52671 4.1459
12.62361 4.20526
12.71951 4.26654
12.8144 4.32975
12.90822 4.39485
13.00094 4.46183
13.09252 4.53067
13.18292 4.60136
13.27211 4.67386
13.36005 4.74817
13.44671 4.82426
13.53204 4.90211
13.61602 4.9817
13.6986 5.06299
13.77976 5.14598
13.85945 5.23062
13.93765 5.31691
14.01432 5.4048
14.08943 5.49428
14.16295 5.58531
14.23483 5.67787
14.30506 5.77193
14.3736 5.86746
14.44042 5.96443
14.5055 6.06281
14.56879 6.16256
14.63028 6.26366
14.68993 6.36606
14.74771 6.46975
14.80361 6.57468
14.85759 6.68082
14.90963 6.78813
14.9597 6.89658
15.00778 7.00614
15.05384 7.11676
15.09787 7.22841
15.13983 7.34105
15.17971 7.45464
15.21748 7.56915
15.25313 7.68454
15.28664 7.80076
15.31798 7.91778
15.34714 8.035552
15.37411 8.154041
15.39886 8.273205
15.42137 8.393001
15.44165 8.513389
15.45966 8.634325
15.4754 8.755768
14.29941 18.77622
14.5442 20.9298
14.89883 20.537864
14.9972 19.90037
15.03476 22.5142
15.06473 18.05734
15.12837 21.7738
15.20833 17.96302
15.26354 19.35719
15.45628 21.41967
15.46181 19.21133
15.93968 19.0222
15.97508 17.5066
16.01461 21.68956
16.01974 18.08608
16.053 18.00537
16.24733 20.084538
16.26346 23.21831
16.32725 17.92529
16.32809 20.489812
16.33682 23.46469
16.47812 21.05784
16.63223 19.2118
16.64753 20.736836
16.6556 22.50484
16.72367 20.9531
16.7373 16.68021
16.76099 19.587865
16.77514 22.0369
16.819 21.07131
16.99292 20.653
17.02971 18.87287
17.0527 19.80743
17.09796 22.8213
17.13004 21.1593
17.17426 17.6251
17.20778 21.1383
17.26121 20.210771
17.31178 18.64545
17.33143 22.7899
17.36509 18.92244
17.37925 19.62061
17.38257 19.17887
17.41415 21.70093
17.48031 21.9881
17.5129 20.8462
17.5448 22.8073
17.54768 19.483798
17.55912 21.3093
17.56037 17.43744
17.589 19.155281
17.59675 23.84042
17.60396 16.9724
17.64603 17.75314
17.65181 20.1107
17.69311 18.83601
17.69731 20.835235
17.7101 20.839717
17.72973 20.306941
17.73785 19.846141
17.75209 16.08833
17.75956 21.4657
17.77822 20.531497
17.81506 21.0113
17.85164 18.72041
17.85308 21.8564
17.89023 20.8653
17.9359 21.2468
17.95025 19.01558
18.01811 22.2674
18.02328 18.30484
18.05832 19.042813
18.05847 20.3676
18.08036 24.15421
18.08143 19.07972
18.08406 19.340682
18.08781 20.560012
18.09619 18.88197
18.0989 20.66383
18.1282 20.879153
18.13225 22.45794
18.1386 23.56708
18.16667 19.820606
18.16955 21.48903
18.19389 18.90625
18.20558 19.484573
18.21115 19.239301
18.21722 18.42833
18.23879 21.1334
18.24842 21.1528
18.28369 20.741
18.28868 20.7998
18.29085 18.95119
18.30347 24.2
18.31506 19.809389
18.31892 25.96364
18.33172 19.49956
18.33788 20.6478
18.34355 18.43812
18.36956 14.51626
18.37654 19.99168
18.39089 24.39831
18.39652 20.628
18.40325 19.3973
18.42405 20.6107
18.4267 18.07759
18.46368 24.89733
18.48097 22.79274
18.48256 21.9894
18.49379 17.00692
18.51032 17.58483
18.54127 19.01643
18.54294 20.160673
18.57621 16.24717
18.60551 17.66689
18.6171 18.61834
18.64639 19.205802
18.65312 19.9333
18.66583 22.2909
18.66645 19.368777
18.67728 18.97541
18.70459 17.31196
18.71678 21.8564
18.72517 20.0699
18.72524 19.77471
18.75975 21.4334
18.76979 22.52925
18.81742 19.818654
18.82704 19.71721
18.83215 22.65515
18.83644 19.129671
18.843 19.83488
18.85321 19.302556
18.86335 18.55101
18.87379 21.42625
18.87648 22.6208
18.88127 16.65154
18.88836 22.0262
18.90042 21.74366
18.91569 20.9864
18.92914 23.09118
18.93028 20.711426
18.95763 19.16465
18.96158 17.41695
18.98836 22.67381
18.99322 18.54642
19.019355 17.56484
19.021964 19.55965
19.028316 18.63478
19.036866 18.5293
19.038083 15.90238
19.044163 23.4598
19.050039 22.1505
19.054166 21.0138
19.05557 22.3045
19.073099 22.51597
19.073205 20.2335
19.09482 20.397938
19.103153 22.50616
19.108184 19.16533
19.114652 20.9521
19.119889 18.88475
19.137013 19.108242
19.143876 22.6846
19.15479 21.4484
19.169656 19.48598
19.199692 18.14481
19.202882 17.95629
19.203218 18.74937
19.223746 21.29345
19.246173 17.10096
19.248004 21.5251
19.284668 19.17189
19.292354 18.5557
19.30098 21.59945
19.316095 19.65549
19.321352 18.55418
19.322409 18.81219
19.325826 17.94722
19.336837 21.87645
19.354905 15.69896
19.36206 20.0672
19.366933 16.7962
19.370761 24.57638
19.388985 16.61313
19.390111 20.546299
19.405756 22.4896
19.409809 18.20674
19.410005 20.2247
19.414218 18.86227
19.438152 21.55678
19.439667 20.858254
19.458553 21.2129
19.466223 20.430775
19.468231 16.35919
19.488519 21.0022
19.491617 19.588508
19.522103 20.9808
19.554767 18.98485
19.57216 19.97796
19.587552 18.29518
19.587897 17.90307
19.603438 19.02468
19.6319 18.39594
19.651621 18.5548
19.664074 16.46188
19.69294 17.01766
19.702667 19.34092
19.712151 16.83593
19.718258 21.1186
19.721155 23.66315
19.733615 21.1934
19.752671 19.541416
19.795084 21.0078
19.797516 18.13487
19.809559 20.3843
19.832518 18.64784
19.832664 20.0242
19.835573 21.8221
19.848483 21.3069
19.857087 21.9601
19.861825 17.91574
19.873429 18.5235
19.882431 17.94299
19.882575 18.71643
19.9084262 17.84639
19.9403232 17.62843
19.941657 17.91009
19.9435918 18.06453
19.9469072 23.36721
19.9574147 18.12865
19.9656706 22.1436
20.0137885 20.163522
20.0161873 21.4468
20.0382496 21.20784
20.044982 21.47624
20.055897 19.56236
20.0641878 15.79399
20.0697859 18.9049
20.0977617 19.99777854
20.0982961 19.610772
20.0986743 22.80905
20.103919 18.89752
20.111725 16.10775
20.115591 21.4972
20.118 19.1039
20.129431 20.0423
20.143813 19.171185
20.149926 20.937712
20.151017 21.4409
20.173674 22.8203
20.176966 18.64468
20.181473 17.76579
20.211303 17.33775
20.246919 18.00032
20.252376 21.2236
20.274399 16.21882
20.284952 19.429979
20.291194 17.60402
20.294615 20.230682
20.29915 19.706661
20.305172 17.94509
20.306727 21.3151
20.315268 22.3404
20.331542 20.0528963
20.344276 18.3663
20.375385 16.51805
20.387304 19.99741451
20.398389 19.642686
20.421025 18.76629
20.422706 19.036338
20.423447 17.45734
20.423797 23.77624
20.435796 21.7885
20.446128 18.3331
20.447505 18.90247
20.473845 20.0556
20.482585 18.84522
20.489532 19.46746
20.498508 19.339428
20.523157 17.88523
20.540118 21.46692
20.541564 19.863422
20.544097 18.02255
20.556434 18.95105
20.562473 20.2794
20.567737 18.01767
20.580467 21.60392
20.584487 15.495
20.590331 14.37577
20.615186 20.799779
20.624812 19.293385
20.627504 20.256616
20.668548 18.90637
20.67713 19.50936
20.684455 20.4285
20.689115 22.7764
20.697787 19.63589
20.70711 21.79833
20.713283 19.231662
20.721291 23.4869
20.742897 19.05421
20.757549 18.718
20.757968 19.41313
20.763979 16.57029
20.76448 17.08952
20.786088 18.09545
20.801202 20.97
20.865686 18.15951
20.904897 24.59742
20.920658 17.79629
20.921941 21.457
20.929372 20.3065
20.930836 22.1133
20.946746 21.9691
20.948187 20.406594
20.965632 22.9415
20.968859 19.87595
20.974215 19.08707
20.976487 19.82648
20.980346 19.69457
20.980895 19.812977
20.985972 20.940161
21.01521 18.88586
21.02853 18.14145
21.02982 23.1379
21.05236 19.77875
21.05393 16.00194
21.05895 22.20231
21.05938 20.7663
21.0609 22.88025
21.0652 19.861746
21.06578 17.02501
21.07188 22.9116
21.07244 20.1226
21.08527 20.2897
21.09397 19.448675
21.10125 19.98357
21.11414 17.79035
21.1219 21.2286
21.14147 17.98681
21.16651 19.154147
21.17534 16.86204
21.19688 18.43324
21.22061 19.536851
21.22922 19.17825
21.25544 20.671
21.28836 19.32739
21.29352 18.30542
21.29928 19.74252
21.30293 17.96546
21.30804 19.745137
21.32246 20.3718
21.33856 17.82382
21.34216 17.28412
21.35238 22.91938
21.35246 21.5091
21.35585 17.61936
21.37317 18.87189
21.37416 20.540669
21.38634 17.94254
21.41234 20.747235
21.41767 21.2921
21.42369 16.35965
21.42659 20.623314
21.43314 19.75471
21.45507 19.76387
21.47313 18.58878
21.51073 22.1335
21.51926 20.881006
21.56401 17.07156
21.58543 20.66701
21.60139 19.11191
21.60785 18.23435
21.6145 20.0142848
21.62292 22.12185
21.64738 21.9501
21.64786 15.05082
21.66291 18.18913
21.66351 20.8277
21.67624 21.177
21.68609 17.13071
21.69217 23.6969
21.69253 16.79159
21.69668 16.34806
21.7047 19.94791
21.70931 19.025978
21.71136 23.1241
21.72788 22.00609
21.74525 19.098493
21.74836 19.95608
21.76609 20.397725
21.76759 20.3342
21.76779 18.00182
21.77339 21.8911
21.78654 22.9312
21.79883 19.702795
21.80111 17.35151
21.81456 23.6427
21.82018 19.406543
21.84335 17.38666
21.85227 21.55483
21.86134 20.271685
21.87579 15.6514
21.89757 18.44515
21.91166 23.75135
21.92524 17.1356
21.95767 18.30251
21.96057 19.407017
21.98257 18.74544
21.98478 18.01522
21.99612 20.1973
21.99764 15.18513
22.02086 17.9558
22.04614 21.6187
22.06028 19.478645
22.08441 21.41718
22.10267 20.1316
22.1115 20.5354
22.13601 18.63677
22.16128 23.5563
22.17171 21.96665
22.17365 20.0752
22.17931 20.713023
22.18976 22.5286
22.20366 16.71961
22.2268 20.3585
22.22788 18.4567
22.22844 19.442985
22.25385 19.005257
22.26371 23.58627
22.26779 20.246726
22.31196 17.64072
22.31897 19.74396
22.3451 17.09493
22.34761 20.5459
22.36387 20.8444
22.38231 21.2592
22.39786 19.78454
22.4235 22.4953
22.42675 21.4808
22.44129 20.9938
22.44855 16.85154
22.45822 21.33695
22.46635 23.75131
22.48833 21.8771
22.53725 18.44885
22.5541 23.3272
22.63574 22.82448
22.64226 20.528999
22.66418 20.533
22.67074 20.240761
22.67731 18.9268
22.70363 21.31153
22.7052 24.6477
22.70825 19.82367
22.72925 18.89874
22.72948 22.17736
22.77044 20.8145
22.77334 22.22719
22.80243 16.52139
22.8698 18.06393
22.90405 19.06242
22.90639 22.41441
22.92563 21.1238
22.92646 23.6779
22.94512 17.10243
22.95228 20.8289
22.95895 19.99118
23.0096 21.44264
23.05168 23.53295
23.05779 20.7905
23.06442 19.86266
23.06757 19.9699128
23.0764 20.1784
23.12756 23.2453
23.16388 20.0926
23.16782 21.6729
23.21458 22.2709
23.29796 20.354752
23.34069 17.39739
23.37413 17.67697
23.43157 19.312043
23.43302 20.6813
23.48752 19.0566
23.52054 20.6916
23.60324 17.74057
23.60818 24.0723
23.62686 22.8166
23.68804 21.07546
23.85955 20.389026
23.91511 21.83205
23.9813 19.72535
24.04703 19.66569
24.33944 16.13639
24.38608 20.9294
24.39452 18.90047
24.43748 19.64634
25.17095 21.8551
25.52147 22.5317
23.76444 32.87711
24.18748 26.78161
24.78822 30.942808
25.1908 30.7109
25.37289 31.2321
25.40527 33.0609
25.53483 30.4752
25.77656 29.034158
25.77874 31.14418
25.79292 27.62026
25.7992 34.34671
25.8071 29.740553
25.80939 30.567642
25.85567 30.804827
25.88257 26.80295
25.92695 32.86353
25.98352 29.070521
26.0314 29.3301
26.08146 30.995985
26.09359 31.5285
26.12132 29.9187041
26.1381 26.06332
26.16308 30.742657
26.1787 30.707323
26.254 28.27339
26.30942 30.389838
26.3125 33.07961
26.35618 28.76665
26.36656 32.0772
26.46028 28.17373
26.5212 27.42879
26.52392 26.79413
26.53131 29.24825
26.60602 30.4298
26.65601 30.9838
26.67838 30.0168515
26.68833 29.05672
26.71656 30.67455
26.76808 30.471571
26.81022 28.22929
26.81934 30.0890129
26.82371 27.21379
26.83641 28.54696
26.84372 30.977867
26.88615 33.26866
26.91596 26.8957
26.91794 31.98479
26.94754 29.49249
27.05533 32.10359
27.08568 30.426729
27.08602 28.06749
27.0912 29.37986
27.11444 33.03787
27.12256 28.51976
27.13488 26.05015
27.19313 31.8559
27.2151 31.9754
27.26177 27.66261
27.32635 34.68164
27.37836 32.62061
27.38416 31.60863
27.41771 28.3087
27.48926 32.6038
27.52136 31.0996
27.52309 31.0431
27.53417 27.18743
27.55212 26.8626
27.56663 32.90909
27.56918 29.654919
27.59847 28.19143
27.64558 29.75415
27.69741 30.420563
27.7017 30.402345
27.75802 30.511433
27.77488 31.3142
27.79118 31.9497
27.82762 34.06849
27.85474 30.8648
27.86611 27.53478
27.86655 32.16924
27.89456 30.8693
27.9028 29.08173
27.91285 28.31671
27.92727 31.18063
27.96652 30.873
27.96767 30.499569
27.99194 32.4253
28.02287 30.7111
28.0266 32.2569
28.03444 29.773252
28.04948 30.288088
28.06876 27.81051
28.07509 29.7056
28.08123 29.74728
28.10605 30.996171
28.11771 29.09367
28.13929 32.76128
28.1578 27.14484
28.16338 29.29921
28.16903 30.7732
28.17207 30.934164
28.18689 30.6024
28.23711 28.98276
28.24777 30.320897
28.25023 28.56504
28.27577 28.31776
28.29856 34.7114
28.31361 32.2509
28.35083 30.7356
28.36029 29.462529
28.36691 27.31628
28.36797 28.54639
28.3765 29.48224
28.37762 29.8629
28.39553 27.9911
28.41754 29.31711
28.43697 29.488539
28.45666 32.03882
28.45717 30.6407
28.46402 33.7425
28.47976 27.92011
28.49196 32.21685
28.51946 28.99719
28.52678 30.373238
28.52845 30.8047
28.56484 30.9257
28.57604 28.5872
28.60526 29.04205
28.61486 31.94783
28.61664 28.78066
28.63342 27.4519
28.64032 29.157694
28.65378 28.99327
28.67291 32.6823
28.67662 30.8684
28.67716 31.69273
28.68443 29.61347
28.68954 29.15004
28.70646 27.89747
28.70778 30.541311
28.74608 32.31239
28.74918 29.67784
28.75375 27.58698
28.76129 29.207665
28.77181 27.73813
28.78558 26.36908
28.7906 28.13353
28.79311 29.71932
28.8258 31.74172
28.82837 34.25295
28.8441 31.1652
28.85808 31.48022
28.85899 30.920064
28.86841 28.75967
28.90139 32.921
28.91176 31.90963
28.92066 29.465226
28.92957 28.90973
28.92991 33.3195
28.93189 31.64696
28.94364 28.24203
28.95658 33.24879
28.998 31.0552
29.01295 28.65259
29.01588 28.04251
29.0202 29.20737
29.022 28.09583
29.02734 30.760524
29.03014 28.58279
29.04556 28.76019
29.06051 29.73406
29.06975 29.080881
29.079 31.07582
29.09495 26.61754
29.09731 31.2086
29.09873 31.85072
29.1052 30.5169
29.12768 31.34031
29.13298 32.172
29.14186 32.8408
29.15449 30.7772
29.15851 31.40395
29.16776 30.4607
29.17354 28.60966
29.19329 31.7556
29.19718 30.2157
29.19889 27.36885
29.19941 31.82527
29.21178 26.10768
29.21763 27.0947
29.22719 30.2892
29.22846 27.67221
29.24716 29.347763
29.26132 28.9756
29.26627 29.12364
29.28254 30.6751
29.31281 26.67709
29.336 33.571
29.37885 27.61578
29.38803 30.357686
29.39227 27.50004
29.39697 29.9698008
29.41647 31.45347
29.42306 33.4284
29.43326 31.2891
29.46343 29.97334
29.47389 27.44517
29.48588 29.568358
29.49063 29.762979
29.5061 30.7594
29.51886 29.15221
29.53159 27.51665
29.54046 34.0261
29.56766 31.6414
29.57835 33.299
29.58001 27.18364
29.61397 27.93544
29.6144 33.14346
29.62287 29.848562
29.65417 30.316
29.65825 26.00909
29.65957 32.73434
29.66533 30.302059
29.68887 33.25673
29.69942 29.56236
29.73292 30.851338
29.7351 34.328
29.7396 32.45212
29.75679 27.9155
29.7646 28.6293
29.78185 30.390867
29.78405 32.45445
29.78484 30.7511
29.81114 28.11375
29.82559 31.71255
29.83828 29.4311
29.85428 31.0818
29.86273 31.203
29.87256 28.00907
29.88269 29.412389
29.88439 27.68982
29.89127 31.0474
29.89848 31.646
29.90201 30.7604
29.90524 30.730892
29.90687 34.59105
29.90783 30.5621
29.91185 28.35943
29.91902 31.39307
29.92873 28.27825
29.93866 34.37041
29.96503 32.59539
29.98768 33.438
29.99241 29.66111
29.99609 30.9213
29.99856 28.96583
30.0029 30.595259
30.0057 30.9791
30.0383 27.71143
30.0433 28.90566
30.0545 29.99982
30.072 32.09315
30.0735 28.47487
30.0954 27.48648
30.103 29.233333
30.1079 29.086808
30.1108 28.46137
30.1145 31.9807
30.1157 27.73956
30.1304 32.83904
30.1462 30.3754
30.1578 32.59515
30.1683 29.693053
30.179 29.25451
30.1835 27.61699
30.1894 29.61348
30.1907 29.02386
30.2077 26.46904
30.2129 29.604595
30.2184 28.30646
30.2191 30.1657
30.2308 30.8904
30.2402 27.86861
30.2428 30.6068
30.2539 33.2753
30.2579 28.97063
30.2763 31.6383
30.2841 30.4977
30.2939 29.88058
30.2943 30.2706
30.3089 27.8211
30.3094 30.6567
30.3215 32.1823
30.3333 29.489371
30.342 32.3517
30.3504 33.0567
30.3556 31.7023
30.3784 28.58741
30.3919 31.18253
30.3944 28.02614
30.402 28.85605
30.4045 30.0534
30.4076 32.11596
30.4229 29.21595
30.4494 30.796312
30.4526 33.81555
30.4733 27.67538
30.4872 31.9422
30.5044 31.3444
30.5085 28.19495
30.5118 30.148
30.5381 33.03549
30.5502 30.134734
30.5679 27.91751
30.5739 29.233059
30.5754 28.50472
30.5762 29.00645
30.5839 30.253
30.5972 31.5332
30.599 29.550262
30.607 27.46708
30.614 25.56038
30.6373 32.5112
30.6565 26.01435
30.6624 25.65802
30.6761 29.71997
30.6905 35.38786
30.6906 30.3299
30.7001 30.8782
30.7052 30.764287
30.7093 29.50479
30.7234 26.68882
30.7489 29.492617
30.7504 31.2916
30.7776 28.68874
30.7874 33.24377
30.8204 30.532447
30.8266 28.60227
30.8287 31.3208
30.8324 29.99379202
30.8378 30.2192
30.8841 28.90411
30.8926 28.99925
30.9019 27.37738
30.9064 32.95206
30.9113 31.6067
30.9185 24.88961
30.9241 29.30696
30.9281 30.0367325
30.9286 29.638606
30.937 30.334
30.9516 30.498884
30.9805 28.98496
30.995 29.674518
31.0021 28.40108
31.0173 31.24624
31.0294 29.239497
31.0584 31.393
31.06 28.89156
31.0692 30.5986
31.0714 29.9688804
31.0853 31.93015
31.0875 31.8076
31.0909 30.547005
31.1187 27.14314
31.121 28.4455
31.1224 28.13541
31.1384 27.22742
31.1576 30.516517
31.1606 27.87931
31.1812 26.5256
31.1907 30.9506
31.1943 30.3176
31.2099 31.4847
31.2118 25.84199
31.2209 31.7377
31.2328 29.619
31.235 29.89733
31.2704 31.25582
31.2769 28.38929
31.2779 29.9160367
31.3199 28.28916
31.3333 29.187016
31.3429 31.42026
31.3476 25.85833
31.357 29.48912
31.3589 30.262
31.3691 29.355529
31.3722 29.33004
31.3752 31.1388
31.3875 30.861257
31.4023 29.83219
31.4246 28.60898
31.4446 28.1667
31.4607 28.42992
31.4869 28.48109
31.5165 29.85531
31.5282 31.4595
31.5376 31.17522
31.5386 30.2637
31.5978 31.3469
31.6312 29.033423
31.6497 32.4336
31.6739 30.150377
31.7155 29.400825
31.7275 28.1497
31.7455 27.49012
31.7898 29.623244
31.7958 27.65244
31.7998 30.587468
31.8023 29.61588
31.8132 28.14983
31.8189 28.3248
31.853 31.3909
31.8538 28.98698
31.8589 32.14587
31.8669 29.616611
31.8862 31.40461
31.8944 30.560019
31.92 30.9393
31.9607 29.601456
31.9746 24.68721
32.0032 29.98512
32.0348 25.98741
32.0435 32.34016
32.0738 29.530499
32.1365 30.5123
32.1408 29.21012
32.1654 31.16551
32.1739 31.0418
32.2057 28.49489
32.2152 29.79102
32.2403 35.78334
32.2508 27.99054
32.2633 30.582751
32.3322 32.58652
32.3523 26.37696
32.3668 31.62641
32.371 32.96273
32.4021 30.4588
32.4162 33.0268
32.4222 29.702998
32.4226 32.2299
32.4322 30.613576
32.4454 29.74354
32.4463 29.06225
32.4552 32.4311
32.4901 27.3439
32.5267 31.79982
32.5477 29.627677
32.5757 29.759977
32.5967 30.586176
32.633 29.72559
32.6332 28.87074
32.6854 27.30575
32.7127 31.624
32.7134 32.8592
32.7217 30.5749
32.7561 32.17177
32.8018 28.90081
32.8144 30.802428
32.8636 27.57574
32.9219 29.122038
32.9534 33.56249
33.0244 30.3577
33.0265 28.63739
33.1738 32.08507
33.191 31.3626
33.2126 30.0787014
33.2178 29.36056
33.2404 29.9199002
33.2511 28.7982
33.286 28.09741
33.2952 31.5183
33.3067 29.965
33.3787 32.5199
33.4382 28.77768
33.4551 29.281201
33.5366 30.507458
33.5731 31.4455
33.673 30.2271
33.7181 31.15121
33.7498 26.89135
33.7533 31.55443
33.7967 33.5089
33.8943 30.2023
33.9113 26.25351
34.0012 27.21181
34.0068 31.5287
34.1375 31.51693
34.1729 27.14161
34.2027 27.66815
34.4588 29.68787
34.5983 29.716924
34.6136 28.03716
35.081 30.135357
35.1861 29.35048
35.2042 29.51478
35.9212 27.96854
36.7028 31.3589
