400 2
-3.053 0.787
-2.535 1.088
-2.667 0.611
-2.598 1.323
2.173 0.864
0.606 0.742
-1.686 0.854
2.307 1.196
0.52 1.155
-0.484 0.985
-1.857 1.337
-3.46 0.868
-0.324 1.237
0.319 1.149
0.714 1.399
-2.184 1.529
0.128 1.446
2.357 0.693
0.605 1.402
-0.77 1.401
1.199 1.135
-4.58 1.124
2.693 1.038
-1.969 0.901
0.597 1.031
-3.557 1.064
4.359 1.041
-4.393 1.371
-3.509 0.876
-0.494 0.743
2.767 1.281
0.926 1.275
0.161 0.716
3.213 0.846
3.715 1.502
3.889 0.644
-1.021 1.156
-3.313 1.288
-0.105 0.834
-4.164 1.255
3.566 1.288
-0.949 0.628
-2.198 1.493
0.898 1.26
-2.996 0.668
2.913 1.001
-0.088 0.893
-3.48 1.211
-0.642 0.825
1.87 0.805
-0.952 1.485
-2.33 0.901
-0.39 1.052
4.044 1.107
1.593 1.549
-1.297 0.868
-1.516 1.203
-3.205 1.021
-1.776 1.122
-1.997 1.535
-4.031 0.632
3.695 1.299
-0.956 1.342
0.106 1.458
-0.767 1.219
-3.211 1.33
3.486 1.483
-0.581 1.541
-1.476 0.938
3.407 1.408
-2.11 1.324
-0.363 0.971
1.96 0.668
-0.857 0.981
-3.693 0.845
-0.163 1.078
-3.014 1.023
-3.621 0.854
-1.842 0.731
3.689 0.96
-1.173 0.894
-0.394 0.854
-2.588 0.67
-1.131 1.172
2.051 1.406
-1.009 0.669
-4.418 0.845
1.451 0.751
-2.588 0.978
2.061 0.894
0.667 1.17
3.679 1.513
4.367 0.964
3.106 0.746
-1.707 1.024
3.86 0.743
3.876 1.023
2.31 1.506
-1.027 1.042
2.032 0.653
-1.256 1.459
-1.52 1.517
1.011 0.822
-3.825 0.975
0.767 0.768
2.72 0.655
1.578 0.824
-1.978 1.305
3.468 1.542
-2.352 1.554
-3.453 1.371
-2.643 0.616
1.373 0.827
0.956 0.744
-3.831 1.061
3.003 1.04
2.012 0.927
3.975 1.353
0.404 1.233
-2.932 0.79
1.747 8.187
0.219 6.065
2.688 4.617
2.133 3.011
1.824 5.002
1.923 3.626
0.973 6.264
0.668 8.206
0.342 5.024
3.114 4.254
0.876 10.907
0.796 9.325
2.32 4.555
1.078 7.116
1.585 7.64
2.943 5.737
0.332 4.14
2.468 6.952
1.476 6.637
0.571 9.919
0.749 5.69
2.514 3.799
1.243 5.416
1.129 10.721
1.928 6.846
1.788 3.957
0.293 4.847
2.405 10.802
1.88 7.83
1.001 8.21
2.999 4.535
2.298 3.02
1.724 9.077
1.493 3.438
0.665 7.631
2.501 4.667
2.397 6.431
1.063 7.043
1.664 3.796
3.159 5.441
2.683 4.207
1.971 6.905
1.291 9.276
0.91 9.106
1.343 5.651
1.567 5.681
1.4 8.526
1.875 10.264
1.961 7.116
2.256 10.813
0.446 10.47
2.515 9.902
3.177 5.489
2.244 6.245
0.779 5.556
1.12 5.287
0.888 9.323
1.695 3.234
1.342 5.436
1.855 8.774
2.366 5.688
1.441 7.651
0.228 3.285
2.602 5.893
2.259 3.498
1.86 8.525
1.804 9.068
2.341 10.513
2.601 4.711
1.712 10.293
1.389 5.12
1.811 3.722
1.158 5.225
2.673 10.47
2.405 5.605
0.848 10.885
2.317 6.27
2.501 3.168
1.41 8.452
0.543 5.644
0.707 8.583
0.393 4.949
1.211 9.303
0.468 7.002
0.284 4.603
1.803 4.395
0.621 10.415
3.024 7.522
1.054 5.603
3.135 3.071
0.769 10.032
1.562 4.295
1.899 9.309
0.844 3.742
1.434 10.706
3.058 5.795
1.033 6.619
1.159 5.389
1.93 5.792
2.286 10.883
3.091 10.019
1.141 8.064
0.324 9.338
0.687 4.007
1.008 4.495
2.69 10.724
0.673 9.237
2.571 7.941
0.76 5.068
2.015 6.743
0.581 8.696
1.107 10.245
0.372 9.437
1.678 4.845
1.786 7.423
0.484 6.979
0.454 5.4
2.958 9.131
3.138 3.289
1.56 9.042
0.627 8.294
3.003 8.206
0.454 4.94
2.212 6.07
1.422 6.469
2.772 10.307
0.851 5.806
2.25 7.591
1.269 10.759
0.382 3.245
0.554 3.051
1.351 9.427
2.212 7.378
1.006 10.661
0.494 7.172
2.467 4.57
2.855 5.279
1.113 3.059
3.167 4.364
2.958 10.706
2.346 7.55
3.093 6.424
1.804 4.46
1.343 3.587
2.676 9.423
0.759 3.91
1.106 10.27
0.773 6.442
2.149 10.632
1.253 5.413
0.544 7.859
1.601 9.08
3.117 4.084
2.811 6.222
0.43 5.775
0.575 7.954
2.567 5.168
3.169 10.32
1.255 9.513
0.378 6.224
0.647 8.622
1.905 9.392
2.268 4.942
2.935 5.248
3.154 7.732
1.347 4.771
2.537 4.957
2.216 4.835
3.173 3.227
2.107 9.556
-3.052 11.834
-2.743 8.906
-3.712 11.497
-3.868 9.838
-1.85 9.019
-4.013 10.763
-1.402 11.239
-1.818 11.781
-2.185 11.877
-3.885 11.01
-3.66 9.377
-1.782 11.699
-1.584 9.358
-3.224 9.114
-2.296 8.904
-3.034 8.945
-1.45 11.515
-3.288 11.737
-4.147 10.788
-3.463 9.251
-1.499 11.344
-1.266 10.913
-2.741 11.898
-3.037 11.8
-4.05 10.986
-1.238 9.497
-1.427 9.416
-3.766 9.719
-1.152 10.686
-3.701 11.239
-3.981 10.737
-3.407 11.614
-2.249 11.882
-2.893 8.966
-1.369 11.26
-3.768 9.673
-1.044 9.862
-3.949 9.719
-4.06 10.531
-2.182 11.855
-3.022 9.03
-1.728 11.566
-3.111 9.076
-2.749 11.885
-3.974 10.813
-1.676 9.303
-4.074 10.088
-1.44 11.364
-1.076 10.348
-1.118 10.14
-1.511 11.515
-3.012 11.81
-3.161 8.99
-0.997 10.505
-2.012 11.834
-1.751 11.737
-3.867 9.79
-1.518 9.339
-1.839 9.156
-2.282 11.889
-3.88 9.673
-1.052 10.788
-1.479 11.442
-1.194 11.058
-3.584 9.202
-1.526 9.234
-4.072 10.763
-1.886 11.686
-3.12 9.052
-2.413 11.898
-1.177 9.65
-2.246 8.911
-2.372 11.877
-3.817 11.303
-4.144 10.217
-3.103 11.737
-3.921 11.239
-2.732 8.928
-3.364 9.128
-1.058 10.635
-3.895 10.217
-3.056 9.03
-3.702 9.605
-3.512 9.268
-4.076 10.635
-1.049 10.165
-4.054 10.348
-1.911 9
-3.894 9.605
-3.906 10.374
-3.553 9.303
-1.187 10.374
-1.278 9.583
-3.898 11.239
-1.114 10.737
-3.957 10.4
-3.919 9.987
-2.181 11.81
-1.321 9.719
-3.871 11.104
-3.004 11.855
-3.893 9.887
-3.864 9.627
-1.765 11.629
-1.174 9.583
-3.295 11.699
-1.681 11.672
-2.807 11.867
-3.83 11.195
-2.394 11.899
