804 2
45.0536 44.0387
0.516351 32.5674
48.1301 40.1408
1.53453 30.3079
44.4234 40.9797
42.623 43.6877
50.7795 39.0957
41.5673 0
47.7401 45.9898
46.2963 38.2423
46.4583 42.2741
41.6981 46.0733
41.6442 42.9694
44.1654 44.1498
43.913 11.0262
45.4123 42.439
45.5118 40.1282
46.8196 38.9807
45.6628 44.6254
42.9355 42.7265
41.8224 1.93861
50.2857 48.3755
46.519 42.7184
48.0769 43.4109
46.0064 0.176056
41.6 43.1235
46.3023 40.7494
1.36571 32.106
41.25 37.7637
46.5409 41.6179
47.0457 11.1241
44.0541 41.2
45.4359 41.5616
45.614 46.7089
0.720721 23.9915
43.9153 42.9596
44.9468 42.8571
42.4818 11.2903
38.5714 36.9439
45.5712 42.7046
0.907912 30.0366
44.5669 38.2865
42.6099 40
39.3035 41.3318
46.2445 41.9238
45.1005 44.3796
46.1806 41.1134
47 42.3575
45.2967 43.4494
44.5438 41.5842
44.8795 38.5542
50.1938 45.9184
45.6989 42.6307
39.2857 33.5135
0.806452 33.3611
45.614 38.5491
37.5394 0.420521
40.2624 39.8644
42.0319 39.6779
49.4208 42.7793
46.3138 41.8244
42.9592 42.1578
32.0087 31.0056
0.651163 27.3041
46.1047 43.9126
42.7211 44.3972
43.4679 10.9356
39.2694 37.1758
42.3024 44.306
43.8819 44.8513
41.8557 42.906
44.9301 36.9146
45.0113 40.2116
0.880503 27.9614
0.84317 30.2428
51.4504 46.5628
47.1545 42.1384
0.947867 24.4737
48.3759 12.1212
41.8605 39.0857
0.339751 30.6709
40.3718 11.8436
43.2133 42.521
45.3659 42.9213
43.5858 38.2521
44.2945 40.9009
47.8599 40.4343
46.256 42.9882
41.1072 39.0274
18.0406 0.0692521
43.3376 0.302115
43.8692 11.7717
46.3636 37.6582
46.8132 41.9118
1.16883 30.143
1.56472 29.0087
44.5997 41.5721
45.2414 40.2458
44.3207 40.788
45.3168 44.3439
45.3202 36.0481
42.3438 46.2236
43.2319 0.252685
2.21893 28.3019
45.0533 41.6667
46.4615 40.4255
1.11465 44.8855
45.269 40.1294
41.2646 0
45.2514 41.3636
41.4716 41.8374
41.9725 38.3812
41.4835 12.4329
36.6279 35.2113
1.92061 31.3648
0.58651 20.7877
1.16473 29.7604
46.5909 43.0291
45.5471 39.8923
44.7082 12.8721
45.2055 44.4765
45.1053 41.3761
37.8049 8.9769
44.8669 40.3941
41.5797 36.6213
46.142 44.1761
47.7221 10.9177
1.25392 30.3665
40.6015 41.3043
45.5268 37.8179
46.4891 42.8094
46.1173 11.236
45.5574 44.7031
43.6195 11.6261
41.2987 11.1111
43.9483 37.9928
49.8008 49.1228
44.5567 41.7445
45.3175 42.7265
42.7529 43.1797
41.3866 38.5469
47.3529 42.1538
45.403 42.5926
48.1013 43.1884
49.497 44.0725
45.9218 45.4206
46.0699 39.0515
42.2249 12.6173
46.5849 40.9786
44.3069 39.8222
44.2021 42.2351
15.0794 0
44.6108 38.7526
47.139 38.2784
46.1322 41.3598
47.4149 41.4343
47.7208 45.283
42.2141 43.3356
39.8907 12.4138
43.5366 10.7106
47.1591 47.0968
44.2697 41.9802
41.0112 11.0694
44.3082 40.2913
43.3103 40.5501
47.9612 41.5534
42.4242 0
47.4462 41.6815
0.940734 30.0712
44.3726 11.8214
45.0382 37.8676
45.614 40.0213
42.9725 41.6579
40.4692 39.3229
0.713267 32.0182
44.7368 39.8559
48.4395 40.7197
40.498 39.9044
45.0588 39.3965
0.704225 29.2558
46.5426 40.9302
44.3366 41.8224
47.9132 44.0306
41.0651 41.1713
42.3927 38.4354
49.4526 37.588
42.2892 41.2698
18.7943 0.0524109
0.675676 32.2647
44.883 44.0937
45.4039 39.3939
46.0554 41.0971
42.2067 12.4451
43.9181 46.7991
34.8733 38.3333
44.5498 42.2998
47.4576 11.831
46.7033 43.0769
45.1878 42.7617
0.555556 32.1627
42.9412 42.2041
47.2542 39.6446
42.6043 44.8549
46.3079 39.0212
42.8181 39.951
40.9904 13.1105
45.0925 43.9863
0.966184 31.331
46.2585 40.0966
40.9038 9.21895
20.7921 0
0.736648 31.2814
44.4068 43.553
2.14168 30.7087
39.1741 0
44.7883 39.4019
50.3831 44.4062
44.7257 37.5772
40.7654 38.5852
45.9344 43.0199
32.2581 30.0971
44.5045 39.6947
43.34 41.5363
39.0897 39.6552
41.4129 11.6116
44.0171 42.7339
44.4062 41.0559
38.992 36.3333
47.0097 39.9504
0.612245 29.4737
42.097 38.8273
18.7339 0.0943396
45.6627 40.1985
1.44928 33.0401
44.4444 43.2014
44.6695 36.2143
50.5141 43.4137
43.0968 10.8553
45.9459 41.931
44.4118 43.4211
44.2561 0
40.0804 41.8977
47.0085 40.2471
0.874636 30.597
45.8465 11.1337
46.238 44.898
43.8336 38.4876
40.0319 10.6087
45.0721 43.5337
41.1475 11.9601
47.9675 44.6466
41.1248 40.5371
1.93548 34.2657
45.92 37.9085
46.0701 41.5015
43.587 41.1589
43.2692 38.7218
0.470035 23.0769
43.937 41.8154
48.103 40.7537
42.3226 41.276
44.2649 43.7838
43.6321 41.6979
20.2159 0
42.9932 40.5
45.1327 40.9574
46.0446 37.9147
44.6221 10.8065
1.0219 32.7922
47.432 39.6396
44.8405 36.8196
42.0312 43.1655
41.0882 35.2332
43.1015 41.4495
45.9276 42.1911
49.2886 41.4713
42.0168 0
45.2648 12.8361
2.28311 34.1693
45.0997 40.449
40.0798 9.18367
0.459418 31.3971
1.43198 27.321
50.9982 50.0876
34 29.2683
46.1538 38.6018
46.3171 41.3903
45.5598 0.123381
42.9569 45.0142
46.1433 41.0226
40.5363 0.574241
49.8592 51.634
40 36.6404
48.1314 39.6064
45.1115 39.3232
1.08696 26.506
42.3786 41.844
0.81716 26.7922
1.25714 32.0057
46.2162 46.4471
36.5741 36.2112
38.3817 38.5802
1.2987 35.2518
44.2748 44.7867
48.3288 42.8385
47.907 42.9124
1.19332 31.7881
45.8991 41.0903
45.616 44.3831
41.4838 11.9017
41.3408 0.201207
46.1832 44.4099
1.36612 31.25
43.6306 39.5658
1.33333 30.7463
44.3769 39.5455
43.9887 39.5616
47.2669 42.1136
42.7553 45.8824
43.2692 10.2041
43.2958 11.7722
1.33185 29.8566
45.8904 44.7059
43.3333 40.8511
43.5216 40.1747
47.4729 40.099
0.69808 33.9181
34.4358 37.2439
44.0104 45.4545
45.8807 44.856
45.6163 46.8334
44.7682 40.4189
44.6855 0.25641
41.7308 43.2738
0.757576 30.1435
46.5269 40.7407
42.9742 41.9225
24.8945 0
45.0243 41.0353
0.683995 25.6881
47.8664 41.6544
0.235294 29.0493
49.0909 44.3266
42.5989 37.3952
45.7602 39.1261
40.9364 0.636436
46.247 41.1262
39.1176 39.1071
44.5235 37.7005
48.2176 41.5502
47.3743 42.7131
44.0056 42.0543
44.7496 0.506757
44.5428 40.8854
45.1659 44.3086
1.00806 34.375
47.1831 43.0716
45.0139 44.6841
46.4052 38.5439
1.18846 28.3516
43.1122 0
45.8382 10.3881
47.7647 8.80282
1.20337 25.7166
41.0714 11.5004
47.87 42.508
46.5432 44.1815
47.3469 44.8075
1.36571 26.5359
48.7587 41.7183
42.3077 39.1892
47.6998 39.3996
46.6574 44.9612
1.64384 26.9752
46.6207 45.6213
39.0988 40.478
44.4015 45.0085
45.4155 44.3411
46.6882 44.7124
46.0733 40.7814
46.5608 41.7284
1.27119 29.3984
45.3981 40.3462
42.8322 43.5714
16.3105 0.0739645
42.0043 11.3435
1.50943 30.0895
0.864553 32.4709
46.5544 40.4332
44.3888 43.5532
46.6786 38.157
43.2881 39.2857
45.3638 37.3681
42.1329 10.119
42.0889 10.6129
51.0604 42.3317
48.6945 42.4858
45.2239 38.6861
1.5625 31.1111
46.8627 48.75
42.0697 41.2162
38.5991 40.0513
41.6532 36.1854
40.5172 39.0533
46.5063 12.6809
41.6988 1.64271
42.8835 41.6309
47.4204 9.80392
44.2225 43.9068
49.0298 42.5706
45.377 41.2835
0.495663 26.972
42.6174 10.2447
42.5197 41.1207
2.19479 33.1658
44.2559 41.0138
41.1633 11.805
43.1457 40.2062
42.654 0.291545
41.4273 0.068306
42.8571 10.3283
43.8907 45.9603
44.206 45.9276
43.2647 12.0907
46.301 40.7591
40.5357 41.0511
40.885 0
47.0231 42.1013
1.47493 29.0241
47.2401 44.8657
45.6 43.4211
44.2363 42.8196
48.6698 47.5714
42.3776 40.1376
42.9952 12.1785
44.7964 39.839
42.3816 38.5613
0.756757 28.4474
48.1553 41.1924
1.65289 20.6107
48.883 43.299
44.5946 38.8489
43.1858 11.98
0.947867 30.9339
48.7936 40.592
46.6981 39.8045
49.6907 41.129
43.7028 10.583
46.9731 39.7243
46.0452 42.5225
1.14613 30.6748
46.6267 42.8425
41.0405 36.7521
44.1748 42.0455
40.0958 41.2807
0.319489 25.6522
0.329489 26.5589
1.48699 31.1167
46.3696 43.0823
43.8378 41.7078
48.9607 40.5941
50.1597 46.0251
46.6334 42.5532
42.7767 37.6344
47.4157 46.4789
0.46225 27.6056
0.503778 30.9689
46.5593 39.9734
16.8459 0
43.2 11.9025
47.0785 41.1067
45.5142 42.7586
44.4104 40.2685
47.168 43.8827
16.1716 0.0922509
43.6893 42.6689
45.1832 41.056
47.5945 37.8585
46.9314 48.2843
44.2577 40.3292
51.1494 11.3248
42.616 43.508
45.2579 44.5693
41.1024 40.8163
43.8378 38.1443
46.0595 43.3071
41.9001 0
45.4965 12.0332
46.0432 40.415
47.3098 41.928
46.0744 40.796
45.036 38.2075
42.2559 39.9694
43.1797 0.0678887
42.9972 44.7822
42.1131 0.247831
42.5872 42.9799
0.997506 29.5288
36.1728 10.9235
45.6609 41.4423
43.4358 12.8174
43.7949 0.0904977
44.7307 38.3188
42.1954 39.3986
49.9029 41.2005
43.5981 0.271444
45.4945 33.8028
43.0122 43.7828
43.6242 39.2547
1.47059 27.6944
46.6102 41.8863
47.7113 42.9688
49.1576 43.5678
45.5511 42.1911
43.5982 39.3846
11.2805 0
40.483 42.5767
18.2598 0
0.765697 30.8458
0.830258 27.8195
48.2759 39.8779
44.6281 10.5437
46.1787 0.327332
43.8903 43.2292
44.8087 39.3137
43.9771 42.4242
0.910747 25.5856
0.0986193 15.2017
46.2986 40.211
0.303951 28.7179
46.0563 42.7374
46.1679 43.6006
43.3014 40.0407
45.3505 13.5071
45.8333 42.0871
44.9304 11.5016
41.4159 10.1215
41.7204 37.1385
46.2523 43.8762
48.2176 41.2399
0.15748 30.7692
44.5946 10.1449
45.1613 44.8151
39.2123 38.3249
41.8685 36.7596
42.8115 41.7407
40.8081 41.6901
46.1117 10.6416
45.0809 0.299103
43.2032 0
43.3225 38.4117
45.4352 45.3488
47.4242 45.9701
44.9225 41.9657
42.5249 35.3276
43.2203 11.8605
47.3624 40.5312
0.911854 30.5229
47.5289 42.0823
43.9411 0.481348
48.1589 43.7101
46.9388 36.788
42.1652 40.8333
43.1322 39.8917
49.0013 41.6044
47.551 40.7115
45.3674 42.0571
47.5771 48.4192
49.4565 39.8641
46.6392 45.2871
45.6683 40.2116
0.726392 26.6094
0.811688 24.9448
1.55807 27.0781
46.2527 41.2487
42.8753 40.2439
30.1493 10.5072
44.1352 38.2582
45.4327 42.2895
45.0536 0.194175
43.9521 10.6274
44.0647 40.6289
46.8683 40.3042
46.7497 41.6484
40.81 41.6107
42.8728 38.3642
42.7368 40.0749
43.342 43.1535
44.5652 11.7962
43.0206 12.4077
46.1462 46.6749
46.8912 41.3146
44.7504 41.3043
48.0344 46.1702
46.1224 37.1875
47.7684 41.4009
43.4365 36.8627
43.3333 11.8928
47.6726 41.6667
0.381679 26.1745
43.9776 41.3999
41.5896 40.5031
46.0233 39.9552
43.8938 38.9855
46.4286 45.402
43.4226 42.4242
45.6933 42.1453
1.06952 29.2286
44.1176 0
45.4087 39.3487
47.2488 39.0041
46.7901 40.7303
42.6877 45.3988
46.3215 42.4408
40.8 12.4
0.936037 25.5917
48.0315 42.1096
41.9558 33.892
45.5939 39.0858
43.4988 12.359
47.0588 42.0523
44.3067 43.0418
46.8182 39.6258
45.8182 41.7939
43.0488 44.3515
44.6575 40.2985
46.1268 43.0532
43.8735 39.8662
43.761 0.388007
44.3723 12.0459
42.7861 12.1542
42.698 11.2812
45.9394 11.4191
40 11.1385
43.4531 39.7795
44.7605 13.6442
49.3865 41.1036
1.04895 26.4505
1.23153 32.1063
46.5668 41.8141
44.8718 11.7647
50.3546 39.5018
21.1348 0
40.2456 9.20635
45.9627 45.3261
47.6923 12.4183
46.7085 41.2562
49.4577 44.0171
0.624025 25.6131
43.4992 40.1163
43.8703 44.1558
46.3442 41.2461
45.5577 39.6552
43.6881 43.6125
46.2158 40.3189
45.0677 37.6359
43.5173 40.487
0.888325 30.2003
47.0914 42.5988
41.1405 40.8108
42.766 41.2587
47.138 44.2308
42.9084 35.3153
44.3106 0.216685
44.5312 40.6695
41.0909 11.5658
47.9005 36.9594
46.5882 39.8268
0.749465 28.9832
44.704 43.9058
43.7046 11.2132
0.922266 30.0205
0.437318 28.0702
0.984683 30.1268
49.3266 40.7514
17.8771 0.0745156
41.6667 0.316857
45.6579 44.3402
48.1781 42.813
53.1949 44.9367
40.814 0.221239
40.9877 13.1519
42.2311 43.3076
48.1054 46.1538
42.5459 12.6494
45.5128 44.2276
45.6189 44.6429
43.5696 41.9291
39.9285 0.154083
1.1745 28.9888
0.475624 31.4993
42.7711 39.8876
49.142 44.8046
45.3237 12.9412
43.6798 41.5911
50.6211 45.9052
42.5899 36.3777
50.3165 44.5392
46.9737 37.2325
41.0104 36.2058
43.1591 0.363196
44.511 46.1538
1.40562 26.9598
0.928793 32.2176
45.993 42.1206
47.0812 43.0894
40.1923 10.4603
47.7352 40.3072
1.25 29.7335
20.2079 0
45.9834 40.6829
46.3557 41.1836
45.6238 45.5399
43.4022 40.9628
47.8114 41.2548
43.0039 41.3282
43.2489 38.0759
16.5017 0.0853971
46.6102 41.9355
44.6363 38.7635
41.1533 8.87574
43.9076 47.8261
45.3739 53.2338
0.60423 27.1845
44.507 41.6479
43.8438 36.4162
45.9603 41.3444
18.024 0
44.7658 41.6396
46.603 45.6858
38.0379 22.6357
44.239 38.6221
42.7954 37.0546
46.4481 12.2807
42.2566 36.8098
42.0719 45.2218
43.4682 43.1181
47.2222 37.0272
46.5909 41.6092
46.1625 42.1292
45.0479 39.6119
18.1609 0
43.0859 40.2282
0.892857 29.0441
47.5862 40.3323
43.2225 40.6691
1.21317 30.203
45.8268 39.5451
42.4305 12.9763
42.9185 39.2211
45.7181 42.8115
46.8835 36.8136
44.5017 40.9234
46.4726 40.9091
42.5676 39.7576
40.568 39.6694
46.4824 40.9135
49.2754 42.4096
41.1215 0.266667
45.4802 39.4188
44.4104 44.181
48.8753 43.3603
43.5159 41.6805
41.3402 12.0629
48.3478 42.7273
45.938 41.5233
43.1347 42.8323
43.4944 42.1488
44.7368 0.299103
43.1734 40.0651
1.49254 29.6501
43.0079 37.9437
0.462963 26.1838
45.8944 39.0444
46.7909 41.3428
43.1034 48.6957
45.7055 40.5966
43.2715 0.308325
46.4995 41.6379
42.4273 0.252525
42.1397 13.9224
46.4226 38.1679
45.3435 41.2773
42.3698 49.4279
44.4444 40.0673
44.4848 39.9596
43.4169 0.101937
45.2685 44.7059
44.3001 40.7843
47.2581 41.1168
43.7628 41.3043
44.898 40.7442
47.7903 40.451
43.7177 41.4894
38.1119 38.6364
40.7484 43.9716
46.0465 43.6348
43.7773 42.381
44.1958 10.8871
45.9966 46.3592
43.8416 12.7877
40.5063 0.143266
47.7054 41.7085
48.2309 44.373
