"x" "y" "class"
0.228 0.559 NA
0.216 0.528 NA
0.221 0.552 NA
0.215 0.538 NA
0.224 0.548 NA
0.232 0.553 NA
0.216 0.525 NA
0.225 0.538 NA
0.206 0.554 NA
0.219 0.582 NA
0.216 0.575 NA
0.212 0.567 NA
0.241 0.551 NA
0.238 0.538 NA
0.232 0.524 NA
0.24 0.545 NA
0.223 0.528 NA
0.222 0.527 NA
0.233 0.562 NA
0.19 0.546 NA
0.209 0.558 NA
0.239 0.559 NA
0.24 0.54 NA
0.222 0.557 NA
0.22 0.539 NA
0.233 0.548 NA
0.221 0.558 NA
0.212 0.564 NA
0.244 0.584 NA
0.236 0.558 NA
0.229 0.532 NA
0.23 0.547 NA
0.238 0.551 NA
0.244 0.54 NA
0.238 0.542 NA
0.234 0.559 NA
0.232 0.534 NA
0.226 0.527 NA
0.199 0.59 NA
0.223 0.552 NA
0.226 0.525 NA
0.241 0.537 NA
0.214 0.517 NA
0.213 0.556 NA
0.226 0.532 NA
0.214 0.565 NA
0.223 0.573 NA
0.225 0.552 NA
0.258 0.554 NA
0.208 0.594 NA
0.222 0.535 NA
0.212 0.547 NA
0.21 0.553 NA
0.211 0.545 NA
0.236 0.551 NA
0.229 0.568 NA
0.241 0.565 NA
0.235 0.546 NA
0.22 0.562 NA
0.196 0.552 NA
0.226 0.539 NA
0.211 0.582 NA
0.237 0.552 NA
0.223 0.56 NA
0.226 0.562 NA
0.246 0.543 NA
0.219 0.551 NA
0.232 0.571 NA
0.227 0.545 NA
0.213 0.566 NA
0.235 0.561 NA
0.237 0.574 NA
0.218 0.523 NA
0.227 0.573 NA
0.244 0.551 NA
0.232 0.555 NA
0.239 0.563 NA
0.234 0.575 NA
0.219 0.564 NA
0.253 0.56 NA
0.241 0.567 NA
0.231 0.532 NA
0.228 0.576 NA
0.214 0.548 NA
0.23 0.587 NA
0.234 0.539 NA
0.227 0.536 NA
0.216 0.544 NA
0.228 0.563 NA
0.235 0.549 NA
0.234 0.589 NA
0.203 0.575 NA
0.248 0.567 NA
0.226 0.537 NA
0.213 0.594 NA
0.223 0.534 NA
0.25 0.579 NA
0.207 0.523 NA
0.233 0.576 NA
0.242 0.584 NA
0.221 0.556 NA
0.234 0.568 NA
0.231 0.58 NA
0.228 0.559 NA
0.215 0.545 NA
0.244 0.573 NA
0.225 0.572 NA
0.248 0.544 NA
0.239 0.55 NA
0.23 0.579 NA
0.244 0.6 NA
0.229 0.571 NA
0.224 0.574 NA
0.251 0.578 NA
0.224 0.56 NA
0.26 0.6 NA
0.206 0.57 NA
0.208 0.589 NA
0.218 0.561 NA
0.22 0.562 NA
0.231 0.607 NA
0.203 0.562 NA
0.229 0.546 NA
0.256 0.553 NA
0.245 0.576 NA
0.227 0.6 NA
0.237 0.559 NA
0.236 0.607 NA
0.245 0.586 NA
0.231 0.581 NA
0.215 0.557 NA
0.245 0.568 NA
0.212 0.56 NA
0.213 0.579 NA
0.227 0.578 NA
0.224 0.593 NA
0.221 0.584 NA
0.211 0.579 NA
0.215 0.61 NA
0.23 0.569 NA
0.223 0.553 NA
0.216 0.578 NA
0.222 0.568 NA
0.244 0.588 NA
0.238 0.557 NA
0.24 0.576 NA
0.24 0.603 NA
0.231 0.591 NA
0.239 0.625 NA
0.219 0.622 NA
0.23 0.565 NA
0.227 0.615 NA
0.215 0.606 NA
0.217 0.613 NA
0.234 0.591 NA
0.236 0.596 NA
0.223 0.559 NA
0.229 0.579 NA
0.236 0.594 NA
0.213 0.595 NA
0.243 0.587 NA
0.236 0.61 NA
0.231 0.591 NA
0.216 0.577 NA
0.227 0.636 NA
0.214 0.598 NA
0.237 0.598 NA
0.238 0.619 NA
0.222 0.591 NA
0.226 0.59 NA
0.252 0.608 NA
0.23 0.582 NA
0.228 0.606 NA
0.223 0.638 NA
0.221 0.616 NA
0.226 0.598 NA
0.22 0.585 NA
0.23 0.589 NA
0.21 0.621 NA
0.216 0.572 NA
0.22 0.589 NA
0.237 0.597 NA
0.238 0.555 NA
0.213 0.608 NA
0.223 0.581 NA
0.209 0.575 NA
0.218 0.59 NA
0.252 0.623 NA
0.221 0.647 NA
0.236 0.582 NA
0.218 0.61 NA
0.24 0.591 NA
0.229 0.612 NA
0.21 0.57 NA
0.228 0.615 NA
0.22 0.628 NA
0.225 0.598 NA
0.223 0.608 NA
0.211 0.603 NA
0.211 0.594 NA
0.212 0.602 NA
0.23 0.571 NA
0.259 0.627 NA
0.247 0.595 NA
0.208 0.625 NA
0.218 0.63 NA
0.208 0.641 NA
0.218 0.602 NA
0.226 0.553 NA
0.211 0.622 NA
0.218 0.6 NA
0.219 0.603 NA
0.237 0.626 NA
0.213 0.609 NA
0.215 0.614 NA
0.218 0.61 NA
0.244 0.592 NA
0.221 0.599 NA
0.24 0.609 NA
0.216 0.613 NA
0.231 0.638 NA
0.224 0.64 NA
0.242 0.595 NA
0.261 0.642 NA
0.243 0.627 NA
0.236 0.609 NA
0.217 0.639 NA
0.213 0.62 NA
0.223 0.585 NA
0.222 0.58 NA
0.222 0.615 NA
0.222 0.62 NA
0.221 0.608 NA
0.209 0.611 NA
0.188 0.631 NA
0.231 0.582 NA
0.222 0.637 NA
0.21 0.648 NA
0.218 0.597 NA
0.218 0.623 NA
0.211 0.613 NA
0.228 0.612 NA
0.189 0.637 NA
0.221 0.619 NA
0.223 0.607 NA
0.249 0.641 NA
0.219 0.606 NA
0.245 0.637 NA
0.212 0.629 NA
0.194 0.595 NA
0.223 0.594 NA
0.209 0.645 NA
0.233 0.612 NA
0.22 0.625 NA
0.236 0.599 NA
0.222 0.655 NA
0.246 0.611 NA
0.225 0.626 NA
0.206 0.577 NA
0.224 0.636 NA
0.207 0.604 NA
0.215 0.629 NA
0.226 0.634 NA
0.198 0.605 NA
0.219 0.635 NA
0.215 0.642 NA
0.199 0.635 NA
0.216 0.617 NA
0.239 0.625 NA
0.205 0.626 NA
0.212 0.629 NA
0.221 0.605 NA
0.245 0.618 NA
0.209 0.629 NA
0.225 0.635 NA
0.197 0.583 NA
0.215 0.621 NA
0.204 0.635 NA
0.214 0.605 NA
0.203 0.634 NA
0.224 0.656 NA
0.237 0.646 NA
0.226 0.651 NA
0.255 0.637 NA
0.206 0.616 NA
0.232 0.616 NA
0.221 0.609 NA
0.207 0.627 NA
0.237 0.643 NA
0.222 0.644 NA
0.213 0.628 NA
0.208 0.613 NA
0.223 0.661 NA
0.22 0.642 NA
0.22 0.639 NA
0.2 0.663 NA
0.211 0.641 NA
0.231 0.607 NA
0.224 0.63 NA
0.227 0.661 NA
0.206 0.606 NA
0.207 0.655 NA
0.201 0.648 NA
0.226 0.642 NA
0.231 0.65 NA
0.213 0.651 NA
0.249 0.68 NA
0.219 0.664 NA
0.219 0.653 NA
0.183 0.657 NA
0.225 0.666 NA
0.21 0.649 NA
0.219 0.638 NA
0.182 0.62 NA
0.202 0.661 NA
0.224 0.624 NA
0.196 0.654 NA
0.217 0.687 NA
0.197 0.669 NA
0.254 0.668 NA
0.221 0.657 NA
0.232 0.66 NA
0.23 0.672 NA
0.206 0.689 NA
0.211 0.697 NA
0.2 0.665 NA
0.221 0.659 NA
0.239 0.644 NA
0.218 0.664 NA
0.191 0.649 NA
0.202 0.637 NA
0.223 0.648 NA
0.219 0.674 NA
0.206 0.671 NA
0.229 0.649 NA
0.23 0.671 NA
0.232 0.653 NA
0.219 0.673 NA
0.211 0.672 NA
0.221 0.654 NA
0.195 0.666 NA
0.211 0.69 NA
0.24 0.699 NA
0.186 0.685 NA
0.199 0.683 NA
0.23 0.653 NA
0.204 0.661 NA
0.227 0.664 NA
0.222 0.71 NA
0.218 0.683 NA
0.192 0.677 NA
0.215 0.68 NA
0.223 0.683 NA
0.209 0.698 NA
0.227 0.677 NA
0.241 0.695 NA
0.206 0.682 NA
0.243 0.702 NA
0.236 0.71 NA
0.223 0.677 NA
0.224 0.687 NA
0.211 0.667 NA
0.25 0.659 NA
0.227 0.668 NA
0.219 0.728 NA
0.224 0.693 NA
0.22 0.675 NA
0.211 0.692 NA
0.23 0.685 NA
0.219 0.694 NA
0.227 0.676 NA
0.24 0.724 NA
0.209 0.711 NA
0.239 0.683 NA
0.21 0.682 NA
0.225 0.703 NA
0.233 0.659 NA
0.22 0.691 NA
0.239 0.701 NA
0.224 0.68 NA
0.221 0.73 NA
0.222 0.703 NA
0.196 0.686 NA
0.231 0.709 NA
0.225 0.7 NA
0.209 0.719 NA
0.234 0.696 NA
0.209 0.734 NA
0.238 0.694 NA
0.235 0.689 NA
0.228 0.723 NA
0.206 0.691 NA
0.221 0.681 NA
0.209 0.713 NA
0.228 0.689 NA
0.213 0.702 NA
0.239 0.681 NA
0.211 0.679 NA
0.243 0.71 NA
0.243 0.733 NA
0.221 0.714 NA
0.229 0.698 NA
0.226 0.662 NA
0.232 0.692 NA
0.233 0.74 NA
0.234 0.721 NA
0.219 0.709 NA
0.267 0.684 NA
0.23 0.71 NA
0.219 0.709 NA
0.214 0.698 NA
0.228 0.705 NA
0.233 0.729 NA
0.221 0.747 NA
0.218 0.703 NA
0.251 0.691 NA
0.212 0.746 NA
0.257 0.767 NA
0.234 0.703 NA
0.258 0.707 NA
0.214 0.748 NA
0.209 0.743 NA
0.232 0.728 NA
0.257 0.728 NA
0.246 0.721 NA
0.243 0.724 NA
0.228 0.77 NA
0.217 0.708 NA
0.232 0.72 NA
0.239 0.732 NA
0.242 0.757 NA
0.24 0.731 NA
0.214 0.749 NA
0.214 0.727 NA
0.217 0.757 NA
0.23 0.769 NA
0.244 0.749 NA
0.237 0.74 NA
0.232 0.754 NA
0.246 0.728 NA
0.25 0.738 NA
0.239 0.764 NA
0.228 0.746 NA
0.248 0.747 NA
0.232 0.786 NA
0.214 0.784 NA
0.239 0.739 NA
0.217 0.71 NA
0.243 0.765 NA
0.214 0.777 NA
0.244 0.761 NA
0.256 0.754 NA
0.225 0.727 NA
0.232 0.761 NA
0.241 0.77 NA
0.233 0.701 NA
0.217 0.744 NA
0.24 0.745 NA
0.259 0.783 NA
0.248 0.748 NA
0.247 0.756 NA
0.23 0.787 NA
0.243 0.777 NA
0.234 0.783 NA
0.234 0.741 NA
0.226 0.766 NA
0.239 0.768 NA
0.237 0.795 NA
0.229 0.772 NA
0.241 0.742 NA
0.229 0.744 NA
0.245 0.76 NA
0.251 0.776 NA
0.245 0.772 NA
0.225 0.763 NA
0.233 0.722 NA
0.261 0.77 NA
0.237 0.763 NA
0.237 0.751 NA
0.241 0.753 NA
0.225 0.757 NA
0.251 0.784 NA
0.252 0.736 NA
0.248 0.779 NA
0.239 0.774 NA
0.256 0.745 NA
0.243 0.755 NA
0.255 0.785 NA
0.22 0.78 NA
0.251 0.757 NA
0.239 0.752 NA
0.266 0.776 NA
0.219 0.786 NA
0.232 0.794 NA
0.253 0.726 NA
0.244 0.756 NA
0.245 0.803 NA
0.242 0.758 NA
0.248 0.792 NA
0.227 0.796 NA
0.247 0.777 NA
0.232 0.77 NA
0.238 0.801 NA
0.233 0.751 NA
0.233 0.774 NA
0.25 0.776 NA
0.243 0.756 NA
0.258 0.797 NA
0.256 0.824 NA
0.244 0.798 NA
0.246 0.756 NA
0.263 0.757 NA
0.274 0.772 NA
0.245 0.782 NA
0.256 0.787 NA
0.235 0.778 NA
0.256 0.746 NA
0.247 0.789 NA
0.252 0.789 NA
0.262 0.789 NA
0.242 0.775 NA
0.243 0.807 NA
0.26 0.766 NA
0.263 0.795 NA
0.252 0.801 NA
0.257 0.795 NA
0.245 0.785 NA
0.252 0.792 NA
0.258 0.799 NA
0.243 0.796 NA
0.265 0.792 NA
0.259 0.818 NA
0.268 0.787 NA
0.257 0.81 NA
0.242 0.804 NA
0.252 0.794 NA
0.253 0.809 NA
0.275 0.781 NA
0.251 0.787 NA
0.255 0.792 NA
0.27 0.818 NA
0.252 0.805 NA
0.261 0.81 NA
0.245 0.822 NA
0.256 0.793 NA
0.273 0.795 NA
0.242 0.812 NA
0.244 0.82 NA
0.269 0.796 NA
0.266 0.81 NA
0.262 0.804 NA
0.272 0.78 NA
0.282 0.806 NA
0.272 0.793 NA
0.283 0.813 NA
0.263 0.835 NA
0.262 0.797 NA
0.269 0.804 NA
0.256 0.79 NA
0.278 0.825 NA
0.261 0.78 NA
0.263 0.797 NA
0.226 0.832 NA
0.291 0.812 NA
0.262 0.788 NA
0.249 0.807 NA
0.282 0.814 NA
0.243 0.825 NA
0.253 0.786 NA
0.269 0.8 NA
0.272 0.81 NA
0.269 0.777 NA
0.275 0.804 NA
0.272 0.801 NA
0.253 0.795 NA
0.265 0.793 NA
0.265 0.815 NA
0.255 0.835 NA
0.249 0.824 NA
0.262 0.81 NA
0.257 0.834 NA
0.277 0.789 NA
0.269 0.833 NA
0.251 0.818 NA
0.273 0.821 NA
0.263 0.832 NA
0.258 0.812 NA
0.247 0.824 NA
0.278 0.799 NA
0.274 0.843 NA
0.27 0.821 NA
0.258 0.82 NA
0.276 0.825 NA
0.261 0.813 NA
0.275 0.799 NA
0.273 0.815 NA
0.262 0.863 NA
0.27 0.817 NA
0.27 0.804 NA
0.275 0.81 NA
0.266 0.816 NA
0.261 0.816 NA
0.29 0.812 NA
0.275 0.811 NA
0.266 0.802 NA
0.292 0.797 NA
0.26 0.8 NA
0.263 0.84 NA
0.276 0.838 NA
0.261 0.831 NA
0.277 0.821 NA
0.284 0.835 NA
0.243 0.84 NA
0.269 0.827 NA
0.28 0.82 NA
0.278 0.831 NA
0.264 0.824 NA
0.293 0.841 NA
0.252 0.828 NA
0.277 0.829 NA
0.276 0.829 NA
0.287 0.858 NA
0.281 0.832 NA
0.288 0.832 NA
0.267 0.806 NA
0.284 0.812 NA
0.28 0.86 NA
0.258 0.823 NA
0.29 0.86 NA
0.269 0.801 NA
0.27 0.849 NA
0.289 0.831 NA
0.279 0.846 NA
0.283 0.824 NA
0.298 0.817 NA
0.299 0.818 NA
0.277 0.837 NA
0.255 0.857 NA
0.269 0.804 NA
0.294 0.819 NA
0.277 0.833 NA
0.269 0.814 NA
0.258 0.825 NA
0.263 0.844 NA
0.273 0.851 NA
0.293 0.798 NA
0.292 0.844 NA
0.272 0.822 NA
0.295 0.817 NA
0.295 0.828 NA
0.3 0.835 NA
0.304 0.861 NA
0.303 0.821 NA
0.274 0.834 NA
0.303 0.834 NA
0.298 0.816 NA
0.31 0.835 NA
0.286 0.835 NA
0.282 0.848 NA
0.31 0.841 NA
0.27 0.859 NA
0.283 0.825 NA
0.269 0.846 NA
0.306 0.849 NA
0.298 0.823 NA
0.275 0.826 NA
0.285 0.842 NA
0.323 0.812 NA
0.291 0.859 NA
0.301 0.823 NA
0.289 0.878 NA
0.278 0.801 NA
0.298 0.818 NA
0.294 0.86 NA
0.287 0.84 NA
0.31 0.869 NA
0.284 0.854 NA
0.298 0.857 NA
0.288 0.838 NA
0.271 0.801 NA
0.309 0.851 NA
0.306 0.841 NA
0.303 0.891 NA
0.287 0.846 NA
0.295 0.866 NA
0.274 0.826 NA
0.296 0.812 NA
0.306 0.841 NA
0.314 0.881 NA
0.299 0.863 NA
0.308 0.825 NA
0.314 0.805 NA
0.307 0.87 NA
0.294 0.854 NA
0.31 0.848 NA
0.297 0.858 NA
0.29 0.858 NA
0.296 0.869 NA
0.288 0.86 NA
0.325 0.877 NA
0.289 0.867 NA
0.316 0.868 NA
0.317 0.842 NA
0.267 0.861 NA
0.303 0.866 NA
0.309 0.84 NA
0.306 0.877 NA
0.31 0.851 NA
0.313 0.87 NA
0.305 0.868 NA
0.303 0.843 NA
0.309 0.866 NA
0.315 0.858 NA
0.3 0.841 NA
0.31 0.871 NA
0.317 0.852 NA
0.299 0.884 NA
0.306 0.851 NA
0.316 0.874 NA
0.308 0.855 NA
0.305 0.836 NA
0.301 0.876 NA
0.329 0.848 NA
0.318 0.863 NA
0.306 0.886 NA
0.328 0.845 NA
0.292 0.83 NA
0.307 0.872 NA
0.312 0.842 NA
0.308 0.872 NA
0.307 0.838 NA
0.33 0.856 NA
0.318 0.872 NA
0.32 0.869 NA
0.327 0.895 NA
0.322 0.905 NA
0.316 0.883 NA
0.323 0.854 NA
0.326 0.893 NA
0.32 0.88 NA
0.304 0.867 NA
0.308 0.874 NA
0.346 0.883 NA
0.331 0.854 NA
0.323 0.864 NA
0.348 0.87 NA
0.334 0.851 NA
0.338 0.844 NA
0.331 0.885 NA
0.328 0.902 NA
0.337 0.862 NA
0.33 0.855 NA
0.356 0.866 NA
0.338 0.86 NA
0.353 0.875 NA
0.34 0.859 NA
0.345 0.847 NA
0.357 0.855 NA
0.339 0.836 NA
0.36 0.836 NA
0.327 0.869 NA
0.339 0.855 NA
0.346 0.871 NA
0.382 0.837 NA
0.345 0.868 NA
0.351 0.846 NA
0.33 0.847 NA
0.351 0.862 NA
0.347 0.857 NA
0.353 0.866 NA
0.342 0.87 NA
0.335 0.891 NA
0.351 0.87 NA
0.357 0.851 NA
0.335 0.848 NA
0.35 0.876 NA
0.349 0.836 NA
0.36 0.866 NA
0.36 0.889 NA
0.357 0.885 NA
0.388 0.857 NA
0.371 0.884 NA
0.336 0.859 NA
0.334 0.846 NA
0.362 0.878 NA
0.333 0.839 NA
0.33 0.849 NA
0.357 0.88 NA
0.343 0.881 NA
0.356 0.892 NA
0.339 0.877 NA
0.357 0.893 NA
0.339 0.881 NA
0.35 0.891 NA
0.36 0.86 NA
0.355 0.835 NA
0.343 0.872 NA
0.374 0.843 NA
0.353 0.85 NA
0.368 0.887 NA
0.331 0.894 NA
0.366 0.855 NA
0.332 0.869 NA
0.367 0.864 NA
0.355 0.864 NA
0.362 0.866 NA
0.377 0.879 NA
0.363 0.86 NA
0.354 0.841 NA
0.341 0.857 NA
0.376 0.858 NA
0.329 0.88 NA
0.356 0.852 NA
0.35 0.886 NA
0.338 0.864 NA
0.35 0.857 NA
0.366 0.886 NA
0.374 0.877 NA
0.365 0.847 NA
0.383 0.872 NA
0.344 0.898 NA
0.367 0.888 NA
0.37 0.885 NA
0.364 0.886 NA
0.359 0.899 NA
0.378 0.85 NA
0.353 0.842 NA
0.361 0.862 NA
0.371 0.863 NA
0.386 0.902 NA
0.385 0.886 NA
0.366 0.901 NA
0.362 0.886 NA
0.397 0.863 NA
0.381 0.872 NA
0.401 0.878 NA
0.38 0.852 NA
0.381 0.892 NA
0.389 0.86 NA
0.368 0.88 NA
0.352 0.886 NA
0.38 0.886 NA
0.381 0.878 NA
0.359 0.873 NA
0.393 0.875 NA
0.377 0.87 NA
0.37 0.861 NA
0.395 0.864 NA
0.385 0.872 NA
0.372 0.869 NA
0.382 0.902 NA
0.391 0.869 NA
0.39 0.884 NA
0.375 0.834 NA
0.379 0.856 NA
0.394 0.85 NA
0.407 0.862 NA
0.375 0.884 NA
0.394 0.88 NA
0.392 0.887 NA
0.414 0.88 NA
0.408 0.874 NA
0.376 0.854 NA
0.404 0.866 NA
0.402 0.89 NA
0.382 0.86 NA
0.378 0.876 NA
0.403 0.864 NA
0.398 0.881 NA
0.385 0.877 NA
0.401 0.881 NA
0.399 0.888 NA
0.408 0.868 NA
0.392 0.903 NA
0.401 0.865 NA
0.409 0.867 NA
0.395 0.864 NA
0.37 0.882 NA
0.392 0.873 NA
0.396 0.882 NA
0.382 0.865 NA
0.408 0.855 NA
0.395 0.894 NA
0.404 0.897 NA
0.391 0.877 NA
0.379 0.88 NA
0.389 0.855 NA
0.411 0.824 NA
0.393 0.883 NA
0.396 0.825 NA
0.409 0.864 NA
0.398 0.892 NA
0.41 0.888 NA
0.394 0.868 NA
0.392 0.843 NA
0.411 0.861 NA
0.406 0.877 NA
0.422 0.852 NA
0.408 0.893 NA
0.406 0.903 NA
0.4 0.908 NA
0.429 0.858 NA
0.406 0.864 NA
0.418 0.857 NA
0.428 0.831 NA
0.439 0.872 NA
0.414 0.872 NA
0.431 0.873 NA
0.416 0.846 NA
0.401 0.877 NA
0.401 0.872 NA
0.422 0.866 NA
0.428 0.849 NA
0.463 0.868 NA
0.435 0.895 NA
0.413 0.872 NA
0.43 0.893 NA
0.434 0.855 NA
0.415 0.882 NA
0.411 0.854 NA
0.442 0.871 NA
0.42 0.868 NA
0.442 0.866 NA
0.431 0.877 NA
0.427 0.865 NA
0.426 0.882 NA
0.43 0.846 NA
0.445 0.88 NA
0.423 0.845 NA
0.43 0.878 NA
0.429 0.848 NA
0.46 0.852 NA
0.431 0.861 NA
0.454 0.847 NA
0.418 0.837 NA
0.436 0.855 NA
0.451 0.819 NA
0.423 0.873 NA
0.463 0.863 NA
0.456 0.85 NA
0.442 0.863 NA
0.449 0.877 NA
0.449 0.878 NA
0.468 0.878 NA
0.452 0.864 NA
0.451 0.85 NA
0.462 0.844 NA
0.464 0.86 NA
0.459 0.864 NA
0.449 0.88 NA
0.451 0.858 NA
0.462 0.861 NA
0.459 0.901 NA
0.469 0.852 NA
0.442 0.878 NA
0.468 0.872 NA
0.452 0.866 NA
0.437 0.861 NA
0.454 0.857 NA
0.428 0.861 NA
0.468 0.827 NA
0.452 0.83 NA
0.473 0.88 NA
0.472 0.89 NA
0.457 0.87 NA
0.435 0.892 NA
0.441 0.881 NA
0.459 0.891 NA
0.448 0.863 NA
0.461 0.86 NA
0.442 0.853 NA
0.479 0.875 NA
0.456 0.839 NA
0.453 0.89 NA
0.457 0.851 NA
0.456 0.854 NA
0.481 0.842 NA
0.474 0.847 NA
0.452 0.86 NA
0.474 0.83 NA
0.481 0.866 NA
0.448 0.838 NA
0.463 0.883 NA
0.476 0.862 NA
0.48 0.89 NA
0.459 0.859 NA
0.484 0.875 NA
0.453 0.882 NA
0.507 0.848 NA
0.461 0.872 NA
0.467 0.842 NA
0.467 0.843 NA
0.492 0.844 NA
0.457 0.855 NA
0.492 0.824 NA
0.485 0.838 NA
0.452 0.862 NA
0.477 0.821 NA
0.475 0.832 NA
0.483 0.829 NA
0.484 0.831 NA
0.482 0.816 NA
0.516 0.868 NA
0.494 0.853 NA
0.499 0.825 NA
0.493 0.823 NA
0.494 0.852 NA
0.524 0.856 NA
0.485 0.85 NA
0.477 0.846 NA
0.471 0.811 NA
0.49 0.839 NA
0.511 0.845 NA
0.52 0.827 NA
0.498 0.828 NA
0.489 0.815 NA
0.486 0.867 NA
0.491 0.844 NA
0.489 0.831 NA
0.507 0.852 NA
0.495 0.84 NA
0.53 0.86 NA
0.484 0.855 NA
0.491 0.853 NA
0.505 0.86 NA
0.514 0.844 NA
0.505 0.815 NA
0.496 0.853 NA
0.504 0.81 NA
0.479 0.861 NA
0.53 0.85 NA
0.531 0.838 NA
0.511 0.831 NA
0.504 0.846 NA
0.505 0.844 NA
0.492 0.838 NA
0.499 0.867 NA
0.515 0.868 NA
0.488 0.843 NA
0.491 0.816 NA
0.5 0.855 NA
0.507 0.852 NA
0.515 0.836 NA
0.525 0.853 NA
0.511 0.839 NA
0.517 0.826 NA
0.532 0.813 NA
0.534 0.824 NA
0.517 0.834 NA
0.52 0.814 NA
0.504 0.819 NA
0.518 0.818 NA
0.52 0.816 NA
0.526 0.84 NA
0.52 0.808 NA
0.512 0.83 NA
0.527 0.822 NA
0.508 0.792 NA
0.543 0.813 NA
0.516 0.799 NA
0.517 0.813 NA
0.518 0.807 NA
0.515 0.805 NA
0.544 0.801 NA
0.535 0.803 NA
0.541 0.829 NA
0.512 0.81 NA
0.488 0.786 NA
0.508 0.82 NA
0.528 0.828 NA
0.535 0.84 NA
0.533 0.827 NA
0.525 0.8 NA
0.518 0.803 NA
0.548 0.772 NA
0.541 0.794 NA
0.532 0.818 NA
0.541 0.775 NA
0.549 0.798 NA
0.528 0.81 NA
0.524 0.798 NA
0.553 0.794 NA
0.535 0.808 NA
0.542 0.79 NA
0.529 0.815 NA
0.536 0.804 NA
0.542 0.78 NA
0.552 0.763 NA
0.529 0.78 NA
0.532 0.781 NA
0.552 0.783 NA
0.551 0.758 NA
0.543 0.793 NA
0.558 0.777 NA
0.574 0.794 NA
0.563 0.749 NA
0.556 0.772 NA
0.54 0.789 NA
0.558 0.794 NA
0.571 0.777 NA
0.549 0.77 NA
0.552 0.787 NA
0.552 0.768 NA
0.529 0.76 NA
0.518 0.783 NA
0.551 0.79 NA
0.533 0.768 NA
0.533 0.781 NA
0.543 0.785 NA
0.542 0.788 NA
0.539 0.781 NA
0.568 0.807 NA
0.552 0.793 NA
0.529 0.76 NA
0.538 0.781 NA
0.577 0.795 NA
0.54 0.806 NA
0.561 0.792 NA
0.53 0.774 NA
0.537 0.79 NA
0.565 0.775 NA
0.548 0.803 NA
0.526 0.749 NA
0.548 0.776 NA
0.553 0.776 NA
0.552 0.763 NA
0.544 0.768 NA
0.541 0.766 NA
0.567 0.761 NA
0.558 0.759 NA
0.541 0.725 NA
0.577 0.771 NA
0.55 0.757 NA
0.569 0.746 NA
0.578 0.743 NA
0.544 0.765 NA
0.57 0.761 NA
0.582 0.787 NA
0.578 0.781 NA
0.572 0.789 NA
0.569 0.767 NA
0.571 0.796 NA
0.552 0.769 NA
0.562 0.747 NA
0.567 0.763 NA
0.579 0.727 NA
0.56 0.767 NA
0.582 0.731 NA
0.547 0.775 NA
0.576 0.769 NA
0.581 0.752 NA
0.576 0.753 NA
0.558 0.784 NA
0.579 0.739 NA
0.568 0.734 NA
0.549 0.756 NA
0.568 0.741 NA
0.567 0.731 NA
0.551 0.774 NA
0.568 0.753 NA
0.583 0.766 NA
0.577 0.714 NA
0.563 0.753 NA
0.562 0.765 NA
0.553 0.755 NA
0.575 0.749 NA
0.579 0.762 NA
0.593 0.767 NA
0.564 0.744 NA
0.554 0.741 NA
0.565 0.731 NA
0.576 0.767 NA
0.581 0.767 NA
0.567 0.735 NA
0.561 0.743 NA
0.55 0.73 NA
0.567 0.754 NA
0.558 0.724 NA
0.577 0.757 NA
0.575 0.733 NA
0.581 0.752 NA
0.552 0.762 NA
0.563 0.734 NA
0.581 0.731 NA
0.549 0.768 NA
0.558 0.697 NA
0.562 0.739 NA
0.564 0.713 NA
0.569 0.722 NA
0.58 0.735 NA
0.572 0.74 NA
0.58 0.739 NA
0.571 0.741 NA
0.56 0.759 NA
0.574 0.709 NA
0.594 0.686 NA
0.577 0.742 NA
0.586 0.742 NA
0.591 0.732 NA
0.573 0.734 NA
0.565 0.725 NA
0.582 0.717 NA
0.586 0.712 NA
0.577 0.732 NA
0.602 0.74 NA
0.574 0.743 NA
0.575 0.706 NA
0.577 0.73 NA
0.587 0.74 NA
0.592 0.719 NA
0.579 0.699 NA
0.573 0.751 NA
0.597 0.714 NA
0.597 0.718 NA
0.588 0.733 NA
0.598 0.718 NA
0.598 0.724 NA
0.603 0.723 NA
0.612 0.694 NA
0.584 0.713 NA
0.588 0.754 NA
0.585 0.716 NA
0.578 0.757 NA
0.61 0.735 NA
0.616 0.703 NA
0.591 0.714 NA
0.574 0.701 NA
0.581 0.703 NA
0.596 0.689 NA
0.597 0.692 NA
0.577 0.716 NA
0.581 0.695 NA
0.588 0.694 NA
0.588 0.722 NA
0.577 0.712 NA
0.604 0.729 NA
0.607 0.699 NA
0.588 0.694 NA
0.596 0.702 NA
0.607 0.723 NA
0.592 0.696 NA
0.587 0.659 NA
0.589 0.69 NA
0.592 0.679 NA
0.598 0.702 NA
0.591 0.667 NA
0.606 0.715 NA
0.593 0.699 NA
0.59 0.704 NA
0.597 0.683 NA
0.607 0.678 NA
0.609 0.66 NA
0.6 0.715 NA
0.595 0.705 NA
0.611 0.677 NA
0.58 0.681 NA
0.59 0.663 NA
0.602 0.688 NA
0.6 0.667 NA
0.609 0.699 NA
0.602 0.71 NA
0.565 0.691 NA
0.612 0.684 NA
0.588 0.684 NA
0.594 0.668 NA
0.586 0.671 NA
0.588 0.681 NA
0.613 0.681 NA
0.597 0.676 NA
0.603 0.691 NA
0.584 0.679 NA
0.612 0.683 NA
0.592 0.655 NA
0.607 0.662 NA
0.593 0.662 NA
0.626 0.673 NA
0.576 0.68 NA
0.613 0.664 NA
0.592 0.673 NA
0.593 0.663 NA
0.619 0.691 NA
0.586 0.669 NA
0.602 0.643 NA
0.607 0.647 NA
0.587 0.673 NA
0.605 0.638 NA
0.6 0.66 NA
0.613 0.655 NA
0.61 0.662 NA
0.626 0.671 NA
0.62 0.623 NA
0.611 0.665 NA
0.593 0.657 NA
0.603 0.683 NA
0.59 0.662 NA
0.607 0.682 NA
0.601 0.652 NA
0.605 0.645 NA
0.619 0.636 NA
0.601 0.641 NA
0.638 0.633 NA
0.604 0.622 NA
0.606 0.626 NA
0.61 0.615 NA
0.592 0.647 NA
0.593 0.628 NA
0.603 0.659 NA
0.602 0.655 NA
0.593 0.618 NA
0.608 0.654 NA
0.61 0.638 NA
0.609 0.63 NA
0.605 0.591 NA
0.596 0.614 NA
0.61 0.622 NA
0.626 0.645 NA
0.597 0.664 NA
0.582 0.595 NA
0.616 0.633 NA
0.592 0.633 NA
0.57 0.624 NA
0.629 0.605 NA
0.606 0.638 NA
0.587 0.606 NA
0.595 0.587 NA
0.57 0.614 NA
0.6 0.637 NA
0.604 0.619 NA
0.587 0.617 NA
0.602 0.622 NA
0.617 0.629 NA
0.597 0.618 NA
0.579 0.594 NA
0.584 0.641 NA
0.601 0.605 NA
0.592 0.617 NA
0.6 0.605 NA
0.597 0.623 NA
0.594 0.625 NA
0.595 0.58 NA
0.592 0.596 NA
0.596 0.619 NA
0.612 0.605 NA
0.619 0.576 NA
0.592 0.595 NA
0.615 0.618 NA
0.605 0.59 NA
0.578 0.622 NA
0.589 0.613 NA
0.615 0.57 NA
0.576 0.599 NA
0.583 0.583 NA
0.597 0.592 NA
0.593 0.615 NA
0.62 0.598 NA
0.585 0.57 NA
0.568 0.597 NA
0.583 0.581 NA
0.578 0.597 NA
0.589 0.589 NA
0.591 0.59 NA
0.591 0.594 NA
0.597 0.598 NA
0.577 0.574 NA
0.586 0.598 NA
0.578 0.577 NA
0.575 0.609 NA
0.61 0.586 NA
0.598 0.561 NA
0.586 0.598 NA
0.587 0.596 NA
0.621 0.559 NA
0.617 0.597 NA
0.582 0.556 NA
0.595 0.603 NA
0.624 0.571 NA
0.591 0.59 NA
0.604 0.604 NA
0.623 0.574 NA
0.59 0.587 NA
0.617 0.551 NA
0.59 0.567 NA
0.585 0.605 NA
0.575 0.555 NA
0.621 0.554 NA
0.613 0.567 NA
0.594 0.606 NA
0.598 0.592 NA
0.586 0.55 NA
0.58 0.584 NA
0.577 0.572 NA
0.613 0.554 NA
0.6 0.576 NA
0.581 0.586 NA
0.589 0.586 NA
0.577 0.557 NA
0.596 0.566 NA
0.603 0.554 NA
0.584 0.561 NA
0.6 0.589 NA
0.61 0.585 NA
0.601 0.583 NA
0.574 0.565 NA
0.599 0.575 NA
0.581 0.588 NA
0.594 0.58 NA
0.604 0.555 NA
0.593 0.558 NA
0.588 0.559 NA
0.591 0.561 NA
0.596 0.589 NA
0.595 0.565 NA
0.6 0.556 NA
0.589 0.583 NA
0.613 0.558 NA
0.61 0.559 NA
0.598 0.552 NA
0.603 0.556 NA
0.614 0.541 NA
0.603 0.553 NA
0.598 0.539 NA
0.582 0.577 NA
0.607 0.564 NA
0.606 0.532 NA
0.584 0.565 NA
0.598 0.578 NA
0.597 0.56 NA
0.616 0.554 NA
0.6 0.53 NA
0.578 0.549 NA
0.617 0.557 NA
0.632 0.543 NA
0.598 0.577 NA
0.606 0.549 NA
0.572 0.57 NA
0.594 0.579 NA
0.605 0.563 NA
0.599 0.547 NA
0.595 0.597 NA
0.574 0.541 NA
0.597 0.515 NA
0.6 0.529 NA
0.607 0.562 NA
0.607 0.54 NA
0.62 0.538 NA
0.611 0.574 NA
0.618 0.576 NA
0.606 0.572 NA
0.598 0.526 NA
0.598 0.53 NA
0.594 0.54 NA
0.587 0.535 NA
0.573 0.541 NA
0.584 0.542 NA
0.591 0.56 NA
0.606 0.578 NA
0.612 0.57 NA
0.622 0.54 NA
0.633 0.549 NA
0.587 0.572 NA
0.568 0.535 NA
0.59 0.549 NA
0.604 0.52 NA
0.597 0.574 NA
0.601 0.572 NA
0.59 0.555 NA
0.616 0.52 NA
0.602 0.539 NA
0.609 0.543 NA
0.605 0.521 NA
0.597 0.526 NA
0.603 0.525 NA
0.608 0.518 NA
0.603 0.526 NA
0.608 0.565 NA
0.615 0.547 NA
0.623 0.566 NA
0.62 0.566 NA
0.601 0.564 NA
0.589 0.501 NA
0.591 0.56 NA
0.606 0.528 NA
0.599 0.56 NA
0.591 0.52 NA
0.585 0.557 NA
0.592 0.549 NA
0.598 0.552 NA
0.601 0.515 NA
0.593 0.532 NA
0.627 0.574 NA
0.606 0.539 NA
0.615 0.573 NA
0.599 0.514 NA
0.598 0.553 NA
0.6 0.544 NA
0.606 0.555 NA
0.615 0.557 NA
0.601 0.561 NA
0.623 0.571 NA
0.61 0.564 NA
0.589 0.537 NA
0.61 0.559 NA
0.61 0.568 NA
0.599 0.549 NA
0.576 0.507 NA
0.607 0.554 NA
0.604 0.58 NA
0.633 0.585 NA
0.602 0.56 NA
0.619 0.548 NA
0.615 0.58 NA
0.591 0.55 NA
0.615 0.577 NA
0.603 0.538 NA
0.613 0.607 NA
0.602 0.566 NA
0.607 0.587 NA
0.611 0.584 NA
0.624 0.562 NA
0.628 0.554 NA
0.634 0.589 NA
0.621 0.577 NA
0.615 0.561 NA
0.592 0.542 NA
0.622 0.602 NA
0.622 0.612 NA
0.611 0.559 NA
0.614 0.563 NA
0.62 0.549 NA
0.616 0.554 NA
0.634 0.59 NA
0.614 0.587 NA
0.597 0.59 NA
0.616 0.609 NA
0.615 0.581 NA
0.616 0.575 NA
0.61 0.597 NA
0.608 0.591 NA
0.609 0.554 NA
0.615 0.564 NA
0.64 0.609 NA
0.616 0.579 NA
0.632 0.577 NA
0.602 0.602 NA
0.619 0.594 NA
0.595 0.608 NA
0.62 0.565 NA
0.631 0.597 NA
0.618 0.589 NA
0.616 0.632 NA
0.608 0.609 NA
0.61 0.583 NA
0.602 0.554 NA
0.595 0.618 NA
0.59 0.625 NA
0.635 0.629 NA
0.625 0.615 NA
0.621 0.635 NA
0.614 0.64 NA
0.6 0.6 NA
0.604 0.625 NA
0.612 0.634 NA
0.617 0.612 NA
0.619 0.625 NA
0.623 0.611 NA
0.642 0.609 NA
0.609 0.649 NA
0.622 0.621 NA
0.632 0.61 NA
0.628 0.638 NA
0.595 0.627 NA
0.625 0.612 NA
0.633 0.613 NA
0.608 0.632 NA
0.6 0.62 NA
0.62 0.655 NA
0.568 0.678 NA
0.589 0.617 NA
0.629 0.647 NA
0.599 0.625 NA
0.619 0.63 NA
0.605 0.665 NA
0.612 0.626 NA
0.623 0.649 NA
0.61 0.634 NA
0.579 0.648 NA
0.592 0.66 NA
0.578 0.655 NA
0.62 0.632 NA
0.607 0.657 NA
0.59 0.635 NA
0.611 0.659 NA
0.611 0.669 NA
0.608 0.681 NA
0.607 0.633 NA
0.601 0.674 NA
0.6 0.676 NA
0.581 0.686 NA
0.618 0.668 NA
0.601 0.677 NA
0.603 0.68 NA
0.606 0.674 NA
0.606 0.692 NA
0.593 0.666 NA
0.599 0.646 NA
0.601 0.672 NA
0.602 0.678 NA
0.599 0.676 NA
0.607 0.676 NA
0.576 0.661 NA
0.593 0.668 NA
0.583 0.672 NA
0.6 0.673 NA
0.604 0.715 NA
0.587 0.67 NA
0.611 0.675 NA
0.576 0.693 NA
0.577 0.679 NA
0.584 0.676 NA
0.617 0.681 NA
0.596 0.684 NA
0.601 0.682 NA
0.602 0.71 NA
0.603 0.704 NA
0.601 0.669 NA
0.59 0.714 NA
0.591 0.676 NA
0.584 0.68 NA
0.584 0.698 NA
0.6 0.703 NA
0.59 0.709 NA
0.584 0.744 NA
0.578 0.728 NA
0.579 0.717 NA
0.598 0.754 NA
0.612 0.708 NA
0.597 0.743 NA
0.575 0.721 NA
0.575 0.726 NA
0.591 0.733 NA
0.588 0.719 NA
0.574 0.691 NA
0.578 0.729 NA
0.583 0.713 NA
0.589 0.71 NA
0.557 0.732 NA
0.578 0.752 NA
0.586 0.73 NA
0.576 0.739 NA
0.546 0.688 NA
0.569 0.72 NA
0.572 0.754 NA
0.563 0.743 NA
0.558 0.757 NA
0.58 0.735 NA
0.599 0.768 NA
0.569 0.734 NA
0.545 0.748 NA
0.576 0.719 NA
0.525 0.735 NA
0.558 0.751 NA
0.548 0.771 NA
0.572 0.749 NA
0.577 0.784 NA
0.599 0.741 NA
0.574 0.795 NA
0.552 0.785 NA
0.548 0.762 NA
0.58 0.78 NA
0.558 0.762 NA
0.571 0.739 NA
0.574 0.776 NA
0.525 0.789 NA
0.576 0.77 NA
0.56 0.79 NA
0.547 0.766 NA
0.568 0.763 NA
0.573 0.744 NA
0.575 0.745 NA
0.553 0.757 NA
0.561 0.766 NA
0.562 0.796 NA
0.546 0.773 NA
0.554 0.776 NA
0.565 0.79 NA
0.567 0.773 NA
0.554 0.794 NA
0.559 0.753 NA
0.576 0.762 NA
0.546 0.776 NA
0.563 0.763 NA
0.563 0.77 NA
0.535 0.809 NA
0.551 0.786 NA
0.562 0.792 NA
0.541 0.8 NA
0.533 0.793 NA
0.546 0.769 NA
0.538 0.81 NA
0.564 0.766 NA
0.533 0.795 NA
0.528 0.798 NA
0.531 0.819 NA
0.523 0.794 NA
0.55 0.794 NA
0.545 0.822 NA
0.528 0.8 NA
0.522 0.839 NA
0.512 0.829 NA
0.524 0.799 NA
0.518 0.836 NA
0.515 0.803 NA
0.546 0.792 NA
0.522 0.849 NA
0.526 0.858 NA
0.529 0.828 NA
0.508 0.817 NA
0.512 0.841 NA
0.523 0.842 NA
0.509 0.834 NA
0.52 0.826 NA
0.515 0.814 NA
0.542 0.82 NA
0.506 0.81 NA
0.5 0.807 NA
0.5 0.836 NA
0.521 0.84 NA
0.503 0.843 NA
0.51 0.84 NA
0.489 0.819 NA
0.497 0.828 NA
0.484 0.81 NA
0.509 0.809 NA
0.512 0.807 NA
0.518 0.833 NA
0.519 0.817 NA
0.522 0.842 NA
0.491 0.846 NA
0.502 0.826 NA
0.485 0.828 NA
0.506 0.867 NA
0.498 0.834 NA
0.477 0.844 NA
0.504 0.822 NA
0.478 0.789 NA
0.477 0.855 NA
0.508 0.847 NA
0.471 0.83 NA
0.482 0.843 NA
0.482 0.829 NA
0.473 0.835 NA
0.496 0.846 NA
0.495 0.851 NA
0.489 0.83 NA
0.461 0.807 NA
0.494 0.832 NA
0.471 0.865 NA
0.5 0.858 NA
0.488 0.846 NA
0.453 0.836 NA
0.47 0.82 NA
0.466 0.894 NA
0.464 0.859 NA
0.491 0.851 NA
0.465 0.857 NA
0.464 0.853 NA
0.473 0.835 NA
0.453 0.835 NA
0.473 0.856 NA
0.472 0.871 NA
0.455 0.848 NA
0.465 0.863 NA
0.483 0.849 NA
0.469 0.867 NA
0.466 0.868 NA
0.454 0.852 NA
0.442 0.831 NA
0.45 0.867 NA
0.452 0.853 NA
0.449 0.858 NA
0.445 0.87 NA
0.46 0.874 NA
0.45 0.867 NA
0.443 0.84 NA
0.433 0.879 NA
0.439 0.852 NA
0.428 0.867 NA
0.451 0.848 NA
0.443 0.85 NA
0.45 0.904 NA
0.426 0.846 NA
0.431 0.881 NA
0.426 0.847 NA
0.432 0.886 NA
0.425 0.843 NA
0.424 0.881 NA
0.424 0.855 NA
0.438 0.857 NA
0.415 0.863 NA
0.415 0.854 NA
0.433 0.853 NA
0.419 0.881 NA
0.417 0.859 NA
0.426 0.852 NA
0.42 0.858 NA
0.429 0.84 NA
0.42 0.855 NA
0.417 0.839 NA
0.424 0.836 NA
0.442 0.876 NA
0.425 0.861 NA
0.44 0.847 NA
0.418 0.854 NA
0.422 0.86 NA
0.421 0.869 NA
0.406 0.864 NA
0.418 0.863 NA
0.413 0.849 NA
0.399 0.879 NA
0.398 0.861 NA
0.403 0.889 NA
0.399 0.828 NA
0.406 0.889 NA
0.407 0.856 NA
0.376 0.851 NA
0.415 0.824 NA
0.425 0.848 NA
0.391 0.874 NA
0.4 0.854 NA
0.386 0.859 NA
0.377 0.848 NA
0.418 0.851 NA
0.398 0.862 NA
0.398 0.83 NA
0.388 0.87 NA
0.399 0.829 NA
0.387 0.846 NA
0.381 0.857 NA
0.401 0.858 NA
0.407 0.851 NA
0.395 0.854 NA
0.349 0.838 NA
0.38 0.825 NA
0.384 0.855 NA
0.399 0.846 NA
0.394 0.864 NA
0.375 0.832 NA
0.367 0.826 NA
0.355 0.87 NA
0.355 0.828 NA
0.354 0.859 NA
0.381 0.859 NA
0.401 0.843 NA
0.34 0.845 NA
0.356 0.864 NA
0.369 0.85 NA
0.373 0.853 NA
0.348 0.826 NA
0.379 0.857 NA
0.346 0.855 NA
0.365 0.85 NA
0.381 0.857 NA
0.36 0.871 NA
0.348 0.857 NA
0.377 0.829 NA
0.34 0.833 NA
0.346 0.864 NA
0.349 0.869 NA
0.353 0.859 NA
0.34 0.874 NA
0.304 0.865 NA
0.33 0.871 NA
0.342 0.889 NA
0.318 0.858 NA
0.345 0.926 NA
0.332 0.828 NA
0.338 0.835 NA
0.341 0.859 NA
0.35 0.848 NA
0.346 0.816 NA
0.322 0.831 NA
0.325 0.851 NA
0.339 0.849 NA
0.328 0.881 NA
0.323 0.873 NA
0.332 0.874 NA
0.307 0.846 NA
0.313 0.824 NA
0.324 0.858 NA
0.318 0.898 NA
0.322 0.868 NA
0.336 0.839 NA
0.288 0.851 NA
0.302 0.859 NA
0.339 0.841 NA
0.309 0.88 NA
0.336 0.849 NA
0.342 0.879 NA
0.321 0.831 NA
0.3 0.844 NA
0.308 0.822 NA
0.29 0.838 NA
0.317 0.839 NA
0.32 0.839 NA
0.318 0.848 NA
0.298 0.802 NA
0.312 0.819 NA
0.329 0.829 NA
0.306 0.84 NA
0.32 0.892 NA
0.317 0.822 NA
0.318 0.826 NA
0.317 0.868 NA
0.304 0.88 NA
0.319 0.831 NA
0.317 0.872 NA
0.3 0.864 NA
0.313 0.825 NA
0.301 0.81 NA
0.294 0.842 NA
0.31 0.863 NA
0.293 0.822 NA
0.3 0.843 NA
0.3 0.836 NA
0.304 0.826 NA
0.298 0.804 NA
0.31 0.83 NA
0.295 0.822 NA
0.28 0.829 NA
0.326 0.833 NA
0.297 0.844 NA
0.303 0.806 NA
0.294 0.809 NA
0.304 0.805 NA
0.287 0.836 NA
0.277 0.811 NA
0.275 0.874 NA
0.292 0.823 NA
0.286 0.824 NA
0.281 0.78 NA
0.287 0.804 NA
0.306 0.792 NA
0.315 0.809 NA
0.302 0.823 NA
0.275 0.788 NA
0.275 0.786 NA
0.278 0.804 NA
0.285 0.828 NA
0.296 0.803 NA
0.289 0.809 NA
0.295 0.809 NA
0.277 0.811 NA
0.304 0.811 NA
0.29 0.835 NA
0.278 0.822 NA
0.263 0.829 NA
0.273 0.822 NA
0.277 0.844 NA
0.254 0.825 NA
0.291 0.82 NA
0.267 0.801 NA
0.271 0.791 NA
0.294 0.783 NA
0.268 0.814 NA
0.274 0.795 NA
0.284 0.786 NA
0.275 0.838 NA
0.288 0.805 NA
0.259 0.784 NA
0.267 0.853 NA
0.291 0.806 NA
0.281 0.786 NA
0.272 0.815 NA
0.282 0.842 NA
0.274 0.817 NA
0.268 0.831 NA
0.256 0.79 NA
0.308 0.819 NA
0.255 0.792 NA
0.276 0.82 NA
0.263 0.822 NA
0.267 0.794 NA
0.28 0.819 NA
0.272 0.821 NA
0.306 0.84 NA
0.267 0.8 NA
0.267 0.82 NA
0.256 0.801 NA
0.273 0.788 NA
0.294 0.809 NA
0.282 0.801 NA
0.288 0.842 NA
0.268 0.829 NA
0.253 0.825 NA
0.263 0.809 NA
0.255 0.801 NA
0.26 0.808 NA
0.236 0.802 NA
0.28 0.813 NA
0.258 0.807 NA
0.273 0.788 NA
0.274 0.805 NA
0.265 0.766 NA
0.261 0.784 NA
0.266 0.82 NA
0.267 0.785 NA
0.247 0.779 NA
0.27 0.819 NA
0.26 0.779 NA
0.241 0.789 NA
0.268 0.786 NA
0.257 0.761 NA
0.246 0.733 NA
0.251 0.805 NA
0.285 0.829 NA
0.239 0.798 NA
0.275 0.771 NA
0.267 0.794 NA
0.26 0.792 NA
0.256 0.787 NA
0.258 0.779 NA
0.28 0.768 NA
0.268 0.806 NA
0.257 0.801 NA
0.271 0.781 NA
0.259 0.773 NA
0.248 0.796 NA
0.244 0.761 NA
0.245 0.784 NA
0.242 0.764 NA
0.265 0.766 NA
0.23 0.743 NA
0.242 0.758 NA
0.237 0.737 NA
0.249 0.794 NA
0.245 0.748 NA
0.231 0.771 NA
0.237 0.739 NA
0.254 0.762 NA
0.235 0.759 NA
0.236 0.762 NA
0.235 0.75 NA
0.26 0.763 NA
0.251 0.738 NA
0.236 0.749 NA
0.233 0.767 NA
0.237 0.73 NA
0.244 0.758 NA
0.259 0.743 NA
0.249 0.729 NA
0.249 0.704 NA
0.239 0.72 NA
0.238 0.689 NA
0.228 0.746 NA
0.237 0.764 NA
0.224 0.727 NA
0.244 0.734 NA
0.253 0.742 NA
0.244 0.702 NA
0.236 0.748 NA
0.248 0.704 NA
0.213 0.714 NA
0.244 0.71 NA
0.25 0.704 NA
0.24 0.749 NA
0.258 0.696 NA
0.228 0.707 NA
0.232 0.686 NA
0.225 0.707 NA
0.237 0.717 NA
0.236 0.699 NA
0.228 0.686 NA
0.242 0.712 NA
0.221 0.697 NA
0.238 0.719 NA
0.232 0.733 NA
0.241 0.707 NA
0.233 0.687 NA
0.253 0.687 NA
0.217 0.699 NA
0.225 0.657 NA
0.25 0.688 NA
0.255 0.701 NA
0.258 0.69 NA
0.235 0.649 NA
0.215 0.65 NA
0.242 0.689 NA
0.214 0.676 NA
0.219 0.696 NA
0.244 0.685 NA
0.251 0.658 NA
0.244 0.68 NA
0.204 0.663 NA
0.222 0.679 NA
0.217 0.63 NA
0.236 0.637 NA
0.253 0.644 NA
0.23 0.679 NA
0.214 0.674 NA
0.257 0.651 NA
0.226 0.665 NA
0.229 0.633 NA
0.218 0.663 NA
0.212 0.651 NA
0.208 0.622 NA
0.233 0.624 NA
0.237 0.647 NA
0.224 0.623 NA
0.218 0.64 NA
0.208 0.602 NA
0.202 0.666 NA
0.198 0.638 NA
0.24 0.642 NA
0.208 0.622 NA
0.226 0.604 NA
0.221 0.658 NA
0.214 0.593 NA
0.215 0.654 NA
0.224 0.606 NA
0.224 0.602 NA
0.197 0.625 NA
0.215 0.58 NA
0.23 0.593 NA
0.23 0.592 NA
0.234 0.628 NA
0.215 0.602 NA
0.228 0.62 NA
0.262 0.563 NA
0.236 0.603 NA
0.223 0.577 NA
0.227 0.578 NA
0.218 0.565 NA
0.215 0.583 NA
0.222 0.591 NA
0.228 0.586 NA
0.222 0.567 NA
0.213 0.553 NA
0.221 0.566 NA
0.208 0.544 NA
0.201 0.55 NA
0.224 0.555 NA
0.206 0.568 NA
0.221 0.594 NA
0.208 0.56 NA
0.204 0.551 NA
0.241 0.569 NA
0.2 0.586 NA
0.203 0.577 NA
0.217 0.565 NA
0.246 0.548 NA
0.23 0.493 NA
0.216 0.526 NA
0.226 0.551 NA
0.234 0.538 NA
0.215 0.542 NA
0.199 0.582 NA
0.199 0.552 NA
0.251 0.548 NA
0.214 0.561 NA
0.193 0.568 NA
0.22 0.543 NA
0.207 0.534 NA
0.226 0.561 NA
0.643 0.547 NA
0.647 0.578 NA
0.627 0.56 NA
0.645 0.533 NA
0.648 0.529 NA
0.637 0.548 NA
0.623 0.574 NA
0.634 0.553 NA
0.64 0.593 NA
0.633 0.527 NA
0.622 0.563 NA
0.633 0.557 NA
0.629 0.598 NA
0.618 0.569 NA
0.643 0.568 NA
0.626 0.568 NA
0.639 0.583 NA
0.64 0.586 NA
0.628 0.582 NA
0.625 0.556 NA
0.614 0.578 NA
0.651 0.585 NA
0.638 0.596 NA
0.639 0.584 NA
0.621 0.609 NA
0.601 0.58 NA
0.638 0.574 NA
0.635 0.592 NA
0.637 0.54 NA
0.637 0.597 NA
0.645 0.614 NA
0.626 0.582 NA
0.63 0.592 NA
0.599 0.574 NA
0.633 0.59 NA
0.614 0.587 NA
0.625 0.585 NA
0.623 0.611 NA
0.635 0.593 NA
0.616 0.642 NA
0.626 0.559 NA
0.59 0.644 NA
0.587 0.605 NA
0.602 0.617 NA
0.605 0.608 NA
0.614 0.614 NA
0.637 0.612 NA
0.613 0.637 NA
0.622 0.625 NA
0.597 0.616 NA
0.598 0.626 NA
0.601 0.636 NA
0.602 0.624 NA
0.639 0.625 NA
0.612 0.627 NA
0.626 0.643 NA
0.587 0.644 NA
0.599 0.648 NA
0.606 0.656 NA
0.606 0.631 NA
0.611 0.629 NA
0.576 0.644 NA
0.6 0.678 NA
0.608 0.674 NA
0.61 0.685 NA
0.594 0.674 NA
0.612 0.653 NA
0.61 0.621 NA
0.575 0.639 NA
0.594 0.645 NA
0.618 0.656 NA
0.613 0.686 NA
0.572 0.674 NA
0.597 0.715 NA
0.595 0.654 NA
0.608 0.683 NA
0.585 0.674 NA
0.581 0.672 NA
0.609 0.685 NA
0.596 0.691 NA
0.58 0.688 NA
0.609 0.703 NA
0.595 0.706 NA
0.571 0.695 NA
0.609 0.697 NA
0.594 0.682 NA
0.555 0.678 NA
0.607 0.677 NA
0.592 0.682 NA
0.608 0.75 NA
0.608 0.727 NA
0.583 0.713 NA
0.636 0.704 NA
0.593 0.709 NA
0.608 0.716 NA
0.588 0.701 NA
0.601 0.692 NA
0.604 0.723 NA
0.591 0.714 NA
0.594 0.695 NA
0.588 0.728 NA
0.584 0.689 NA
0.612 0.705 NA
0.597 0.724 NA
0.591 0.724 NA
0.603 0.734 NA
0.609 0.708 NA
0.596 0.735 NA
0.612 0.69 NA
0.606 0.74 NA
0.591 0.722 NA
0.595 0.737 NA
0.591 0.744 NA
0.596 0.729 NA
0.598 0.747 NA
0.596 0.737 NA
0.609 0.747 NA
0.613 0.712 NA
0.609 0.735 NA
0.615 0.786 NA
0.569 0.752 NA
0.581 0.778 NA
0.598 0.765 NA
0.607 0.736 NA
0.596 0.75 NA
0.576 0.757 NA
0.598 0.776 NA
0.612 0.765 NA
0.596 0.754 NA
0.593 0.746 NA
0.592 0.78 NA
0.608 0.76 NA
0.622 0.747 NA
0.599 0.752 NA
0.598 0.771 NA
0.614 0.787 NA
0.613 0.741 NA
0.584 0.755 NA
0.584 0.794 NA
0.589 0.784 NA
0.592 0.805 NA
0.583 0.802 NA
0.59 0.762 NA
0.607 0.813 NA
0.605 0.801 NA
0.595 0.822 NA
0.584 0.793 NA
0.574 0.836 NA
0.586 0.827 NA
0.588 0.823 NA
0.569 0.784 NA
0.593 0.808 NA
0.581 0.805 NA
0.578 0.84 NA
0.592 0.824 NA
0.568 0.819 NA
0.583 0.822 NA
0.605 0.803 NA
0.564 0.833 NA
0.585 0.842 NA
0.586 0.792 NA
0.595 0.795 NA
0.571 0.804 NA
0.598 0.82 NA
0.583 0.838 NA
0.568 0.794 NA
0.57 0.8 NA
0.573 0.821 NA
0.548 0.812 NA
0.583 0.788 NA
0.57 0.812 NA
0.566 0.839 NA
0.559 0.851 NA
0.577 0.833 NA
0.553 0.865 NA
0.557 0.808 NA
0.571 0.819 NA
0.55 0.82 NA
0.558 0.821 NA
0.559 0.844 NA
0.557 0.839 NA
0.549 0.858 NA
0.557 0.842 NA
0.555 0.823 NA
0.538 0.866 NA
0.533 0.832 NA
0.559 0.86 NA
0.556 0.827 NA
0.552 0.856 NA
0.549 0.868 NA
0.542 0.866 NA
0.517 0.875 NA
0.561 0.866 NA
0.534 0.821 NA
0.543 0.827 NA
0.567 0.838 NA
0.521 0.848 NA
0.509 0.841 NA
0.542 0.837 NA
0.533 0.873 NA
0.538 0.834 NA
0.542 0.841 NA
0.512 0.866 NA
0.502 0.854 NA
0.507 0.85 NA
0.525 0.841 NA
0.509 0.871 NA
0.539 0.82 NA
0.516 0.867 NA
0.53 0.862 NA
0.47 0.877 NA
0.498 0.861 NA
0.505 0.876 NA
0.517 0.893 NA
0.506 0.858 NA
0.507 0.841 NA
0.499 0.876 NA
0.473 0.879 NA
0.47 0.867 NA
0.487 0.887 NA
0.477 0.86 NA
0.471 0.849 NA
0.475 0.87 NA
0.479 0.856 NA
0.482 0.875 NA
0.458 0.891 NA
0.466 0.867 NA
0.481 0.911 NA
0.477 0.888 NA
0.472 0.892 NA
0.474 0.848 NA
0.451 0.862 NA
0.454 0.889 NA
0.458 0.864 NA
0.449 0.906 NA
0.453 0.894 NA
0.455 0.878 NA
0.459 0.86 NA
0.432 0.89 NA
0.45 0.845 NA
0.438 0.88 NA
0.457 0.88 NA
0.44 0.885 NA
0.433 0.882 NA
0.445 0.855 NA
0.427 0.865 NA
0.418 0.864 NA
0.409 0.915 NA
0.404 0.868 NA
0.427 0.89 NA
0.412 0.843 NA
0.416 0.865 NA
0.41 0.883 NA
0.428 0.891 NA
0.412 0.914 NA
0.426 0.872 NA
0.418 0.867 NA
0.431 0.905 NA
0.4 0.87 NA
0.387 0.893 NA
0.399 0.907 NA
0.395 0.9 NA
0.414 0.856 NA
0.425 0.886 NA
0.397 0.87 NA
0.407 0.883 NA
0.391 0.87 NA
0.398 0.87 NA
0.412 0.879 NA
0.368 0.904 NA
0.391 0.879 NA
0.398 0.893 NA
0.374 0.918 NA
0.38 0.921 NA
0.386 0.877 NA
0.39 0.902 NA
0.391 0.905 NA
0.374 0.862 NA
0.362 0.879 NA
0.37 0.861 NA
0.361 0.85 NA
0.385 0.871 NA
0.375 0.859 NA
0.387 0.899 NA
0.37 0.88 NA
0.37 0.885 NA
0.391 0.86 NA
0.362 0.879 NA
0.387 0.915 NA
0.361 0.877 NA
0.369 0.87 NA
0.388 0.881 NA
0.386 0.877 NA
0.36 0.891 NA
0.347 0.876 NA
0.382 0.879 NA
0.366 0.909 NA
0.349 0.892 NA
0.359 0.916 NA
0.349 0.88 NA
0.353 0.878 NA
0.348 0.907 NA
0.35 0.884 NA
0.329 0.869 NA
0.335 0.912 NA
0.347 0.885 NA
0.336 0.888 NA
0.363 0.875 NA
0.34 0.897 NA
0.372 0.882 NA
0.33 0.899 NA
0.352 0.904 NA
0.348 0.874 NA
0.334 0.864 NA
0.334 0.87 NA
0.337 0.878 NA
0.358 0.834 NA
0.328 0.873 NA
0.319 0.86 NA
0.36 0.864 NA
0.339 0.891 NA
0.329 0.88 NA
0.328 0.854 NA
0.311 0.9 NA
0.313 0.87 NA
0.335 0.831 NA
0.336 0.863 NA
0.308 0.863 NA
0.309 0.882 NA
0.345 0.874 NA
0.324 0.87 NA
0.314 0.847 NA
0.334 0.864 NA
0.319 0.887 NA
0.339 0.882 NA
0.33 0.854 NA
0.299 0.841 NA
0.303 0.865 NA
0.31 0.833 NA
0.317 0.862 NA
0.304 0.867 NA
0.315 0.836 NA
0.322 0.875 NA
0.31 0.829 NA
0.319 0.893 NA
0.32 0.863 NA
0.319 0.875 NA
0.31 0.836 NA
0.315 0.845 NA
0.318 0.867 NA
0.292 0.887 NA
0.29 0.834 NA
0.308 0.853 NA
0.295 0.855 NA
0.306 0.878 NA
0.295 0.889 NA
0.295 0.841 NA
0.384 0.653 NA
0.371 0.634 NA
0.418 0.661 NA
0.378 0.658 NA
0.377 0.67 NA
0.375 0.666 NA
0.396 0.672 NA
0.366 0.643 NA
0.349 0.662 NA
0.387 0.67 NA
0.387 0.672 NA
0.359 0.635 NA
0.376 0.657 NA
0.375 0.631 NA
0.398 0.623 NA
0.379 0.667 NA
0.39 0.631 NA
0.376 0.609 NA
0.393 0.636 NA
0.378 0.603 NA
0.378 0.643 NA
0.411 0.638 NA
0.373 0.662 NA
0.37 0.656 NA
0.386 0.608 NA
0.387 0.655 NA
0.4 0.611 NA
0.376 0.622 NA
0.396 0.61 NA
0.37 0.592 NA
0.378 0.613 NA
0.376 0.602 NA
0.394 0.621 NA
0.416 0.643 NA
0.374 0.65 NA
0.395 0.585 NA
0.374 0.644 NA
0.378 0.632 NA
0.382 0.605 NA
0.379 0.62 NA
0.41 0.609 NA
0.401 0.619 NA
0.374 0.613 NA
0.391 0.615 NA
0.362 0.614 NA
0.367 0.586 NA
0.381 0.566 NA
0.374 0.58 NA
0.423 0.588 NA
0.394 0.588 NA
0.357 0.56 NA
0.378 0.575 NA
0.371 0.597 NA
0.38 0.606 NA
0.406 0.57 NA
0.378 0.572 NA
0.364 0.573 NA
0.369 0.578 NA
0.386 0.571 NA
0.371 0.576 NA
0.396 0.595 NA
0.385 0.583 NA
0.368 0.586 NA
0.392 0.591 NA
0.386 0.555 NA
0.405 0.536 NA
0.38 0.567 NA
0.385 0.574 NA
0.369 0.546 NA
0.373 0.602 NA
0.409 0.557 NA
0.375 0.568 NA
0.367 0.559 NA
0.4 0.555 NA
0.402 0.581 NA
0.381 0.586 NA
0.384 0.56 NA
0.374 0.559 NA
0.401 0.539 NA
0.345 0.572 NA
0.384 0.521 NA
0.387 0.575 NA
0.402 0.565 NA
0.401 0.53 NA
0.393 0.506 NA
0.374 0.54 NA
0.385 0.526 NA
0.381 0.546 NA
0.385 0.509 NA
0.397 0.547 NA
0.382 0.535 NA
0.399 0.531 NA
0.398 0.512 NA
0.378 0.508 NA
0.388 0.53 NA
0.393 0.556 NA
0.398 0.557 NA
0.388 0.503 NA
0.4 0.531 NA
0.386 0.554 NA
0.382 0.528 NA
0.37 0.53 NA
0.398 0.504 NA
0.404 0.504 NA
0.382 0.506 NA
0.381 0.496 NA
0.39 0.532 NA
0.369 0.51 NA
0.393 0.53 NA
0.394 0.483 NA
0.392 0.533 NA
0.407 0.505 NA
0.387 0.529 NA
0.392 0.527 NA
0.408 0.517 NA
0.403 0.51 NA
0.385 0.491 NA
0.415 0.532 NA
0.397 0.519 NA
0.396 0.489 NA
0.387 0.499 NA
0.397 0.499 NA
0.403 0.523 NA
0.401 0.528 NA
0.399 0.503 NA
0.394 0.506 NA
0.395 0.486 NA
0.372 0.449 NA
0.393 0.473 NA
0.405 0.515 NA
0.393 0.492 NA
0.414 0.531 NA
0.382 0.502 NA
0.414 0.486 NA
0.397 0.506 NA
0.419 0.48 NA
0.422 0.468 NA
0.394 0.502 NA
0.382 0.504 NA
0.396 0.484 NA
0.399 0.478 NA
0.389 0.515 NA
0.4 0.485 NA
0.402 0.477 NA
0.406 0.478 NA
0.398 0.498 NA
0.39 0.462 NA
0.39 0.476 NA
0.397 0.483 NA
0.379 0.471 NA
0.41 0.466 NA
0.407 0.473 NA
0.387 0.474 NA
0.401 0.474 NA
0.397 0.455 NA
0.4 0.477 NA
0.387 0.462 NA
0.413 0.452 NA
0.403 0.459 NA
0.409 0.441 NA
0.395 0.472 NA
0.407 0.455 NA
0.407 0.474 NA
0.387 0.445 NA
0.42 0.432 NA
0.42 0.426 NA
0.395 0.448 NA
0.416 0.437 NA
0.422 0.445 NA
0.421 0.392 NA
0.402 0.41 NA
0.423 0.427 NA
0.407 0.422 NA
0.398 0.417 NA
0.412 0.429 NA
0.399 0.408 NA
0.415 0.405 NA
0.397 0.404 NA
0.399 0.372 NA
0.406 0.415 NA
0.388 0.412 NA
0.415 0.404 NA
0.43 0.427 NA
0.441 0.39 NA
0.409 0.414 NA
0.427 0.389 NA
0.418 0.38 NA
0.446 0.42 NA
0.41 0.426 NA
0.44 0.407 NA
0.438 0.386 NA
0.424 0.388 NA
0.433 0.382 NA
0.446 0.385 NA
0.439 0.375 NA
0.447 0.387 NA
0.449 0.38 NA
0.437 0.349 NA
0.45 0.362 NA
0.442 0.373 NA
0.418 0.384 NA
0.432 0.372 NA
0.44 0.399 NA
0.452 0.344 NA
0.435 0.349 NA
0.448 0.355 NA
0.451 0.379 NA
0.451 0.361 NA
0.449 0.338 NA
0.434 0.376 NA
0.452 0.368 NA
0.446 0.358 NA
0.431 0.358 NA
0.454 0.372 NA
0.442 0.37 NA
0.461 0.384 NA
0.449 0.366 NA
0.443 0.347 NA
0.47 0.33 NA
0.448 0.356 NA
0.465 0.326 NA
0.452 0.354 NA
0.452 0.346 NA
0.464 0.316 NA
0.454 0.333 NA
0.458 0.328 NA
0.438 0.342 NA
0.465 0.333 NA
0.463 0.335 NA
0.448 0.317 NA
0.479 0.31 NA
0.48 0.308 NA
0.454 0.329 NA
0.476 0.346 NA
0.463 0.344 NA
0.454 0.32 NA
0.477 0.332 NA
0.451 0.319 NA
0.483 0.306 NA
0.464 0.328 NA
0.462 0.333 NA
0.469 0.296 NA
0.48 0.319 NA
0.483 0.317 NA
0.461 0.342 NA
0.482 0.325 NA
0.492 0.332 NA
0.487 0.307 NA
0.481 0.318 NA
0.464 0.307 NA
0.48 0.315 NA
0.446 0.275 NA
0.495 0.306 NA
0.497 0.311 NA
0.495 0.308 NA
0.488 0.31 NA
0.498 0.299 NA
0.509 0.274 NA
0.504 0.308 NA
0.514 0.281 NA
0.502 0.356 NA
0.508 0.313 NA
0.501 0.314 NA
0.506 0.276 NA
0.488 0.292 NA
0.501 0.304 NA
0.526 0.285 NA
0.528 0.276 NA
0.548 0.26 NA
0.52 0.283 NA
0.536 0.274 NA
0.538 0.287 NA
0.564 0.268 NA
0.544 0.259 NA
0.579 0.263 NA
0.565 0.275 NA
0.554 0.258 NA
0.553 0.279 NA
0.586 0.263 NA
0.574 0.283 NA
0.582 0.274 NA
0.542 0.274 NA
0.559 0.27 NA
0.571 0.257 NA
0.564 0.279 NA
0.595 0.287 NA
0.582 0.283 NA
0.567 0.278 NA
0.588 0.281 NA
0.587 0.25 NA
0.592 0.285 NA
0.598 0.26 NA
0.591 0.27 NA
0.572 0.258 NA
0.594 0.269 NA
0.582 0.27 NA
0.58 0.261 NA
0.58 0.275 NA
0.577 0.273 NA
0.615 0.236 NA
0.621 0.259 NA
0.607 0.231 NA
0.593 0.238 NA
0.589 0.26 NA
0.583 0.238 NA
0.644 0.2 NA
0.615 0.24 NA
0.645 0.287 NA
0.644 0.244 NA
0.628 0.248 NA
0.648 0.241 NA
0.728 0.21 NA
0.69 0.231 NA
0.715 0.25 NA
0.702 0.245 NA
0.695 0.23 NA
0.713 0.218 NA
0.708 0.231 NA
0.704 0.226 NA
0.717 0.259 NA
0.738 0.235 NA
0.71 0.259 NA
0.739 0.251 NA
0.738 0.226 NA
0.712 0.232 NA
0.751 0.241 NA
0.764 0.255 NA
0.732 0.231 NA
0.735 0.285 NA
0.739 0.211 NA
0.721 0.252 NA
0.732 0.294 NA
0.741 0.23 NA
0.759 0.247 NA
0.741 0.229 NA
0.748 0.254 NA
0.754 0.24 NA
0.732 0.298 NA
0.746 0.269 NA
0.754 0.232 NA
0.764 0.24 NA
0.746 0.24 NA
0.73 0.25 NA
0.76 0.263 NA
0.755 0.264 NA
0.783 0.231 NA
0.778 0.223 NA
0.76 0.28 NA
0.757 0.27 NA
0.775 0.266 NA
0.727 0.263 NA
0.765 0.298 NA
0.761 0.26 NA
0.795 0.294 NA
0.751 0.268 NA
0.751 0.278 NA
0.771 0.255 NA
0.756 0.269 NA
0.762 0.291 NA
0.753 0.258 NA
0.788 0.298 NA
0.766 0.27 NA
0.794 0.249 NA
0.757 0.273 NA
0.762 0.287 NA
0.788 0.24 NA
0.793 0.284 NA
0.781 0.303 NA
0.774 0.28 NA
0.78 0.276 NA
0.782 0.266 NA
0.784 0.3 NA
0.76 0.29 NA
0.785 0.297 NA
0.767 0.288 NA
0.79 0.323 NA
0.781 0.279 NA
0.773 0.306 NA
0.798 0.293 NA
0.784 0.31 NA
0.786 0.316 NA
0.783 0.295 NA
0.79 0.308 NA
0.806 0.311 NA
0.783 0.295 NA
0.801 0.312 NA
0.775 0.314 NA
0.801 0.288 NA
0.81 0.344 NA
0.792 0.326 NA
0.798 0.331 NA
0.805 0.325 NA
0.798 0.326 NA
0.82 0.317 NA
0.812 0.288 NA
0.805 0.307 NA
0.801 0.336 NA
0.792 0.329 NA
0.802 0.358 NA
0.804 0.309 NA
0.797 0.325 NA
0.777 0.321 NA
0.81 0.339 NA
0.793 0.331 NA
0.815 0.333 NA
0.794 0.273 NA
0.821 0.343 NA
0.798 0.346 NA
0.799 0.341 NA
0.818 0.365 NA
0.809 0.347 NA
0.84 0.347 NA
0.818 0.368 NA
0.812 0.394 NA
0.79 0.363 NA
0.786 0.339 NA
0.813 0.399 NA
0.804 0.341 NA
0.797 0.356 NA
0.816 0.363 NA
0.826 0.348 NA
0.809 0.367 NA
0.824 0.394 NA
0.83 0.366 NA
0.808 0.386 NA
0.816 0.4 NA
0.814 0.354 NA
0.817 0.368 NA
0.816 0.372 NA
0.83 0.377 NA
0.833 0.389 NA
0.831 0.419 NA
0.825 0.42 NA
0.788 0.363 NA
0.826 0.405 NA
0.83 0.382 NA
0.841 0.419 NA
0.846 0.413 NA
0.828 0.414 NA
0.839 0.414 NA
0.836 0.422 NA
0.832 0.398 NA
0.828 0.429 NA
0.824 0.408 NA
0.815 0.437 NA
0.842 0.417 NA
0.815 0.422 NA
0.83 0.417 NA
0.818 0.433 NA
0.847 0.472 NA
0.829 0.456 NA
0.857 0.451 NA
0.839 0.433 NA
0.827 0.435 NA
0.804 0.435 NA
0.84 0.421 NA
0.795 0.454 NA
0.836 0.433 NA
0.824 0.478 NA
0.847 0.457 NA
0.835 0.452 NA
0.821 0.473 NA
0.842 0.437 NA
0.845 0.462 NA
0.838 0.459 NA
0.819 0.482 NA
0.85 0.493 NA
0.828 0.491 NA
0.847 0.5 NA
0.821 0.448 NA
0.831 0.493 NA
0.862 0.508 NA
0.849 0.485 NA
0.834 0.536 NA
0.84 0.462 NA
0.847 0.537 NA
0.852 0.536 NA
0.847 0.508 NA
0.847 0.527 NA
0.832 0.552 NA
0.859 0.524 NA
0.829 0.538 NA
0.848 0.494 NA
0.837 0.518 NA
0.861 0.519 NA
0.834 0.537 NA
0.844 0.536 NA
0.836 0.546 NA
0.84 0.547 NA
0.828 0.543 NA
0.845 0.539 NA
0.836 0.518 NA
0.856 0.54 NA
0.828 0.554 NA
0.861 0.585 NA
0.839 0.586 NA
0.84 0.553 NA
0.806 0.548 NA
0.823 0.535 NA
0.85 0.582 NA
0.855 0.582 NA
0.843 0.58 NA
0.853 0.617 NA
0.849 0.601 NA
0.849 0.553 NA
0.843 0.565 NA
0.85 0.616 NA
0.82 0.6 NA
0.839 0.61 NA
0.838 0.585 NA
0.843 0.607 NA
0.852 0.605 NA
0.836 0.626 NA
0.854 0.602 NA
0.84 0.641 NA
0.872 0.618 NA
0.853 0.624 NA
0.833 0.643 NA
0.821 0.644 NA
0.853 0.614 NA
0.851 0.627 NA
0.844 0.669 NA
0.823 0.628 NA
0.837 0.629 NA
0.824 0.648 NA
0.834 0.639 NA
0.824 0.64 NA
0.824 0.642 NA
0.855 0.654 NA
0.811 0.666 NA
0.827 0.649 NA
0.817 0.651 NA
0.827 0.641 NA
0.83 0.652 NA
0.838 0.692 NA
0.838 0.672 NA
0.852 0.706 NA
0.84 0.672 NA
0.847 0.671 NA
0.832 0.636 NA
0.847 0.673 NA
0.838 0.686 NA
0.852 0.697 NA
0.816 0.683 NA
0.818 0.674 NA
0.821 0.686 NA
0.81 0.689 NA
0.839 0.705 NA
0.825 0.73 NA
0.828 0.714 NA
0.819 0.687 NA
0.82 0.707 NA
0.833 0.657 NA
0.824 0.678 NA
0.831 0.706 NA
0.83 0.688 NA
0.817 0.687 NA
0.809 0.687 NA
0.833 0.68 NA
0.831 0.692 NA
0.826 0.663 NA
0.831 0.696 NA
0.8 0.699 NA
0.819 0.702 NA
0.844 0.69 NA
0.818 0.672 NA
0.839 0.668 NA
0.826 0.664 NA
0.83 0.708 NA
0.824 0.699 NA
0.818 0.719 NA
0.86 0.7 NA
0.83 0.671 NA
0.818 0.676 NA
0.797 0.723 NA
0.834 0.694 NA
0.844 0.691 NA
0.812 0.718 NA
0.825 0.696 NA
0.839 0.749 NA
0.838 0.684 NA
0.817 0.712 NA
0.817 0.679 NA
0.822 0.697 NA
0.833 0.669 NA
0.828 0.728 NA
0.792 0.702 NA
0.826 0.7 NA
0.806 0.702 NA
0.816 0.703 NA
0.837 0.7 NA
0.832 0.725 NA
0.808 0.714 NA
0.818 0.702 NA
0.842 0.694 NA
0.829 0.732 NA
0.835 0.698 NA
0.795 0.754 NA
0.845 0.699 NA
0.831 0.719 NA
0.812 0.669 NA
0.829 0.672 NA
0.843 0.697 NA
0.843 0.679 NA
0.815 0.683 NA
0.795 0.676 NA
0.803 0.669 NA
0.818 0.684 NA
0.833 0.662 NA
0.825 0.644 NA
0.829 0.659 NA
0.834 0.679 NA
0.824 0.649 NA
0.824 0.622 NA
0.83 0.655 NA
0.833 0.608 NA
0.844 0.67 NA
0.797 0.612 NA
0.81 0.654 NA
0.823 0.603 NA
0.819 0.629 NA
0.832 0.647 NA
0.826 0.606 NA
0.813 0.637 NA
0.825 0.621 NA
0.833 0.644 NA
0.812 0.647 NA
0.813 0.613 NA
0.812 0.59 NA
0.836 0.623 NA
0.813 0.573 NA
0.826 0.58 NA
0.821 0.613 NA
0.841 0.619 NA
0.832 0.624 NA
0.832 0.622 NA
0.824 0.57 NA
0.819 0.616 NA
0.853 0.59 NA
0.829 0.602 NA
0.84 0.593 NA
0.823 0.555 NA
0.817 0.602 NA
0.833 0.591 NA
0.819 0.589 NA
0.826 0.579 NA
0.814 0.604 NA
0.82 0.57 NA
0.83 0.589 NA
0.82 0.533 NA
0.831 0.57 NA
0.824 0.559 NA
0.831 0.582 NA
0.818 0.571 NA
0.841 0.545 NA
0.826 0.544 NA
0.822 0.547 NA
0.816 0.545 NA
0.826 0.558 NA
0.833 0.568 NA
0.833 0.556 NA
0.833 0.525 NA
0.846 0.519 NA
0.83 0.511 NA
0.837 0.515 NA
0.819 0.527 NA
0.826 0.484 NA
0.809 0.528 NA
0.827 0.514 NA
0.825 0.497 NA
0.841 0.519 NA
0.851 0.5 NA
0.85 0.487 NA
0.831 0.508 NA
0.837 0.48 NA
0.821 0.489 NA
0.817 0.501 NA
0.814 0.466 NA
0.842 0.472 NA
0.824 0.496 NA
0.843 0.484 NA
0.838 0.491 NA
0.82 0.466 NA
0.813 0.456 NA
0.842 0.494 NA
0.819 0.493 NA
0.813 0.445 NA
0.844 0.455 NA
0.822 0.47 NA
0.846 0.452 NA
0.846 0.453 NA
0.844 0.473 NA
0.85 0.441 NA
0.824 0.482 NA
0.843 0.464 NA
0.82 0.451 NA
0.83 0.44 NA
0.842 0.419 NA
0.835 0.44 NA
0.827 0.416 NA
0.839 0.476 NA
0.851 0.402 NA
0.829 0.422 NA
0.856 0.432 NA
0.824 0.414 NA
0.849 0.414 NA
0.838 0.437 NA
0.81 0.422 NA
0.817 0.442 NA
0.799 0.442 NA
0.846 0.427 NA
0.835 0.401 NA
0.832 0.414 NA
0.815 0.405 NA
0.823 0.397 NA
0.821 0.414 NA
0.842 0.408 NA
0.837 0.417 NA
0.816 0.4 NA
0.822 0.362 NA
0.838 0.398 NA
0.842 0.392 NA
0.851 0.399 NA
0.814 0.404 NA
0.827 0.375 NA
0.83 0.363 NA
0.832 0.385 NA
0.818 0.376 NA
0.817 0.388 NA
0.819 0.34 NA
0.827 0.393 NA
0.803 0.335 NA
0.825 0.356 NA
0.803 0.365 NA
0.796 0.378 NA
0.813 0.386 NA
0.834 0.362 NA
0.831 0.362 NA
0.784 0.37 NA
0.793 0.307 NA
0.821 0.324 NA
0.796 0.378 NA
0.808 0.311 NA
0.815 0.34 NA
0.821 0.34 NA
0.813 0.351 NA
0.826 0.355 NA
0.797 0.337 NA
0.801 0.337 NA
0.824 0.325 NA
0.824 0.337 NA
0.809 0.345 NA
0.816 0.347 NA
0.798 0.339 NA
0.802 0.325 NA
0.795 0.344 NA
0.785 0.328 NA
0.81 0.328 NA
0.787 0.313 NA
0.793 0.335 NA
0.803 0.3 NA
0.793 0.306 NA
0.796 0.318 NA
0.797 0.316 NA
0.809 0.311 NA
0.805 0.333 NA
0.771 0.322 NA
0.798 0.306 NA
0.792 0.29 NA
0.814 0.341 NA
0.794 0.314 NA
0.805 0.31 NA
0.801 0.339 NA
0.787 0.287 NA
0.785 0.295 NA
0.81 0.29 NA
0.797 0.275 NA
0.792 0.289 NA
0.78 0.278 NA
0.798 0.289 NA
0.792 0.287 NA
0.781 0.278 NA
0.758 0.287 NA
0.772 0.279 NA
0.778 0.283 NA
0.787 0.299 NA
0.79 0.302 NA
0.761 0.294 NA
0.775 0.269 NA
0.786 0.295 NA
0.763 0.28 NA
0.762 0.305 NA
0.757 0.287 NA
0.773 0.287 NA
0.751 0.263 NA
0.781 0.278 NA
0.759 0.281 NA
0.744 0.29 NA
0.765 0.263 NA
0.759 0.271 NA
0.771 0.27 NA
0.751 0.265 NA
0.723 0.261 NA
0.756 0.247 NA
0.755 0.282 NA
0.776 0.257 NA
0.77 0.238 NA
0.784 0.27 NA
0.719 0.248 NA
0.741 0.226 NA
0.745 0.227 NA
0.741 0.221 NA
0.727 0.239 NA
0.76 0.229 NA
0.746 0.217 NA
0.724 0.233 NA
0.711 0.228 NA
0.727 0.232 NA
0.726 0.264 NA
0.7 0.256 NA
0.736 0.234 NA
0.729 0.19 NA
0.702 0.274 NA
0.726 0.258 NA
0.705 0.247 NA
0.703 0.212 NA
0.708 0.238 NA
0.701 0.224 NA
0.712 0.225 NA
0.714 0.222 NA
0.711 0.239 NA
0.706 0.226 NA
0.701 0.236 NA
0.698 0.24 NA
0.697 0.233 NA
0.685 0.239 NA
0.684 0.235 NA
0.709 0.234 NA
0.676 0.176 NA
0.684 0.193 NA
0.71 0.249 NA
0.686 0.217 NA
0.725 0.233 NA
0.683 0.227 NA
0.659 0.227 NA
0.686 0.218 NA
0.684 0.244 NA
0.669 0.261 NA
0.665 0.221 NA
0.698 0.21 NA
0.672 0.215 NA
0.671 0.217 NA
0.648 0.232 NA
0.647 0.226 NA
0.67 0.194 NA
0.666 0.229 NA
0.655 0.221 NA
0.63 0.242 NA
0.652 0.211 NA
0.628 0.219 NA
0.66 0.203 NA
0.648 0.189 NA
0.666 0.223 NA
0.641 0.23 NA
0.591 0.218 NA
0.608 0.199 NA
0.608 0.225 NA
0.633 0.229 NA
0.612 0.243 NA
0.623 0.207 NA
0.628 0.191 NA
0.591 0.226 NA
0.625 0.239 NA
0.611 0.229 NA
0.6 0.232 NA
0.611 0.223 NA
0.59 0.264 NA
0.591 0.203 NA
0.553 0.237 NA
0.559 0.247 NA
0.532 0.22 NA
0.56 0.244 NA
0.563 0.219 NA
0.566 0.249 NA
0.547 0.231 NA
0.522 0.268 NA
0.524 0.248 NA
0.54 0.276 NA
0.55 0.266 NA
0.529 0.241 NA
0.523 0.23 NA
0.522 0.249 NA
0.493 0.266 NA
0.526 0.282 NA
0.504 0.273 NA
0.496 0.247 NA
0.504 0.262 NA
0.503 0.255 NA
0.509 0.256 NA
0.498 0.283 NA
0.498 0.287 NA
0.507 0.287 NA
0.485 0.245 NA
0.511 0.282 NA
0.516 0.306 NA
0.5 0.248 NA
0.491 0.273 NA
0.472 0.252 NA
0.491 0.274 NA
0.491 0.268 NA
0.467 0.286 NA
0.509 0.292 NA
0.493 0.292 NA
0.482 0.294 NA
0.464 0.323 NA
0.482 0.299 NA
0.496 0.309 NA
0.476 0.35 NA
0.462 0.309 NA
0.489 0.29 NA
0.484 0.34 NA
0.449 0.32 NA
0.475 0.322 NA
0.464 0.326 NA
0.448 0.284 NA
0.455 0.302 NA
0.487 0.296 NA
0.464 0.341 NA
0.453 0.342 NA
0.459 0.352 NA
0.464 0.349 NA
0.477 0.326 NA
0.466 0.356 NA
0.432 0.337 NA
0.459 0.351 NA
0.447 0.347 NA
0.448 0.376 NA
0.445 0.374 NA
0.418 0.381 NA
0.471 0.347 NA
0.454 0.338 NA
0.421 0.347 NA
0.432 0.358 NA
0.431 0.363 NA
0.441 0.369 NA
0.478 0.412 NA
0.436 0.357 NA
0.458 0.38 NA
0.433 0.373 NA
0.432 0.383 NA
0.453 0.376 NA
0.434 0.4 NA
0.414 0.403 NA
0.432 0.398 NA
0.436 0.414 NA
0.433 0.445 NA
0.393 0.484 NA
0.422 0.456 NA
0.426 0.436 NA
0.453 0.452 NA
0.416 0.429 NA
0.411 0.405 NA
0.426 0.442 NA
0.418 0.481 NA
0.406 0.459 NA
0.396 0.476 NA
0.422 0.448 NA
0.392 0.442 NA
0.411 0.482 NA
0.398 0.451 NA
0.4 0.484 NA
0.391 0.504 NA
0.388 0.532 NA
0.407 0.481 NA
0.414 0.468 NA
0.383 0.504 NA
0.405 0.524 NA
0.397 0.461 NA
0.403 0.504 NA
0.387 0.527 NA
0.404 0.511 NA
0.393 0.512 NA
0.392 0.523 NA
0.398 0.531 NA
0.381 0.546 NA
0.418 0.545 NA
0.368 0.539 NA
0.414 0.543 NA
0.382 0.542 NA
0.395 0.522 NA
0.369 0.591 NA
0.404 0.561 NA
0.38 0.556 NA
0.4 0.549 NA
0.39 0.554 NA
0.383 0.574 NA
0.395 0.536 NA
0.364 0.583 NA
0.402 0.565 NA
0.39 0.58 NA
0.368 0.578 NA
0.391 0.563 NA
0.395 0.581 NA
0.385 0.616 NA
0.369 0.614 NA
0.37 0.587 NA
0.396 0.589 NA
0.388 0.588 NA
0.384 0.609 NA
0.404 0.615 NA
0.397 0.589 NA
0.414 0.613 NA
0.403 0.612 NA
0.403 0.581 NA
0.413 0.6 NA
0.412 0.597 NA
0.395 0.598 NA
0.369 0.594 NA
0.419 0.623 NA
0.4 0.644 NA
0.395 0.618 NA
0.387 0.614 NA
0.401 0.632 NA
0.379 0.615 NA
0.39 0.607 NA
0.407 0.662 NA
0.394 0.68 NA
0.392 0.678 NA
0.396 0.656 NA
0.405 0.665 NA
0.398 0.637 NA
0.374 0.607 NA
0.381 0.65 NA
0.381 0.667 NA
0.399 0.672 NA
0.382 0.669 NA
0.381 0.675 NA
0.385 0.655 NA
0.372 0.68 NA
0.39 0.654 NA
0.402 0.68 NA
0.422 0.667 NA
0.382 0.632 NA
0.407 0.667 NA
0.394 0.685 NA
0.414 0.667 NA
0.388 0.636 NA
0.392 0.639 NA
0.377 0.639 NA
0.374 0.669 NA
0.383 0.64 NA
0.397 0.662 NA
0.383 0.68 NA
0.411 0.653 NA
0.399 0.608 NA
0.385 0.633 NA
0.387 0.65 NA
0.382 0.673 NA
0.378 0.637 NA
0.389 0.652 NA
0.399 0.625 NA
0.371 0.632 NA
0.359 0.615 NA
0.393 0.62 NA
0.395 0.621 NA
0.38 0.652 NA
0.379 0.65 NA
0.395 0.63 NA
0.383 0.614 NA
0.382 0.604 NA
0.364 0.606 NA
0.389 0.582 NA
0.38 0.604 NA
0.36 0.64 NA
0.367 0.582 NA
0.369 0.588 NA
0.39 0.55 NA
0.405 0.598 NA
0.375 0.568 NA
0.39 0.563 NA
0.392 0.564 NA
0.384 0.487 NA
0.358 0.528 NA
0.389 0.503 NA
0.403 0.523 NA
0.39 0.526 NA
0.359 0.483 NA
0.381 0.529 NA
0.379 0.476 NA
0.391 0.464 NA
0.382 0.496 NA
0.41 0.479 NA
0.412 0.473 NA
0.388 0.444 NA
0.412 0.488 NA
0.386 0.448 NA
0.387 0.445 NA
0.38 0.459 NA
0.417 0.413 NA
0.405 0.416 NA
0.433 0.479 NA
0.404 0.453 NA
0.404 0.435 NA
0.413 0.422 NA
0.408 0.422 NA
0.416 0.419 NA
0.402 0.414 NA
0.382 0.414 NA
0.416 0.414 NA
0.408 0.384 NA
0.397 0.381 NA
0.406 0.37 NA
0.42 0.386 NA
0.408 0.374 NA
0.412 0.432 NA
0.425 0.384 NA
0.424 0.379 NA
0.441 0.344 NA
0.443 0.375 NA
0.452 0.373 NA
0.442 0.371 NA
0.42 0.398 NA
0.421 0.366 NA
0.454 0.381 NA
0.459 0.381 NA
0.474 0.358 NA
0.447 0.369 NA
0.444 0.325 NA
0.462 0.368 NA
0.458 0.332 NA
0.465 0.342 NA
0.459 0.341 NA
0.457 0.351 NA
0.481 0.344 NA
0.474 0.295 NA
0.485 0.371 NA
0.48 0.332 NA
0.494 0.333 NA
0.476 0.32 NA
0.472 0.315 NA
0.469 0.357 NA
0.492 0.337 NA
0.464 0.348 NA
0.474 0.338 NA
0.544 0.319 NA
0.567 0.273 NA
0.579 0.283 NA
0.577 0.271 NA
0.589 0.272 NA
0.629 0.282 NA
0.597 0.269 NA
0.581 0.267 NA
0.615 0.263 NA
0.622 0.274 NA
0.603 0.287 NA
0.582 0.236 NA
0.63 0.266 NA
0.603 0.276 NA
0.612 0.257 NA
0.611 0.266 NA
0.629 0.282 NA
0.601 0.265 NA
0.62 0.272 NA
0.642 0.26 NA
0.603 0.26 NA
0.626 0.265 NA
0.611 0.266 NA
0.619 0.219 NA
0.636 0.229 NA
0.619 0.252 NA
0.623 0.27 NA
0.662 0.237 NA
0.638 0.249 NA
0.661 0.261 NA
0.645 0.254 NA
0.654 0.274 NA
0.639 0.255 NA
0.636 0.251 NA
0.635 0.225 NA
0.656 0.254 NA
0.671 0.277 NA
0.633 0.257 NA
0.637 0.248 NA
0.671 0.259 NA
0.654 0.257 NA
0.677 0.261 NA
0.676 0.239 NA
0.665 0.237 NA
0.674 0.199 NA
0.658 0.24 NA
0.648 0.24 NA
0.668 0.245 NA
0.69 0.211 NA
0.719 0.225 NA
0.668 0.22 NA
0.691 0.245 NA
0.696 0.232 NA
0.684 0.258 NA
0.687 0.253 NA
0.721 0.245 NA
0.716 0.253 NA
0.753 0.271 NA
0.721 0.237 NA
0.71 0.259 NA
0.707 0.227 NA
0.731 0.249 NA
0.736 0.203 NA
0.718 0.187 NA
0.744 0.239 NA
0.732 0.28 NA
0.725 0.207 NA
0.741 0.222 NA
0.743 0.272 NA
0.752 0.254 NA
0.735 0.243 NA
0.732 0.239 NA
0.741 0.234 NA
0.742 0.213 NA
0.717 0.245 NA
0.725 0.24 NA
0.762 0.256 NA
0.743 0.249 NA
0.753 0.224 NA
0.734 0.221 NA
0.751 0.217 NA
0.752 0.197 NA
0.753 0.23 NA
0.793 0.236 NA
0.769 0.238 NA
0.75 0.234 NA
0.759 0.267 NA
0.765 0.243 NA
0.725 0.263 NA
0.746 0.236 NA
0.769 0.271 NA
0.759 0.252 NA
0.76 0.279 NA
0.743 0.306 NA
0.77 0.249 NA
0.765 0.253 NA
0.759 0.276 NA
0.78 0.272 NA
0.741 0.269 NA
0.776 0.337 NA
0.776 0.282 NA
0.751 0.279 NA
0.799 0.298 NA
0.77 0.257 NA
0.778 0.311 NA
0.772 0.305 NA
0.75 0.306 NA
0.781 0.318 NA
0.768 0.305 NA
0.774 0.324 NA
0.763 0.292 NA
0.784 0.349 NA
0.753 0.338 NA
0.812 0.331 NA
0.774 0.305 NA
0.775 0.388 NA
0.771 0.328 NA
0.793 0.341 NA
0.79 0.331 NA
0.777 0.351 NA
0.79 0.347 NA
0.78 0.358 NA
0.793 0.351 NA
0.798 0.33 NA
0.786 0.373 NA
0.804 0.375 NA
0.791 0.343 NA
0.798 0.367 NA
0.787 0.39 NA
0.812 0.361 NA
0.793 0.36 NA
0.787 0.354 NA
0.814 0.351 NA
0.814 0.386 NA
0.822 0.368 NA
0.801 0.35 NA
0.791 0.388 NA
0.809 0.362 NA
0.803 0.355 NA
0.825 0.403 NA
0.81 0.372 NA
0.806 0.381 NA
0.813 0.412 NA
0.823 0.405 NA
0.813 0.358 NA
0.804 0.418 NA
0.812 0.407 NA
0.825 0.396 NA
0.812 0.421 NA
0.816 0.397 NA
0.816 0.404 NA
0.821 0.422 NA
0.804 0.377 NA
0.822 0.379 NA
0.803 0.424 NA
0.84 0.413 NA
0.828 0.437 NA
0.817 0.407 NA
0.809 0.445 NA
0.778 0.391 NA
0.82 0.463 NA
0.827 0.427 NA
0.839 0.437 NA
0.83 0.405 NA
0.864 0.458 NA
0.818 0.421 NA
0.813 0.393 NA
0.826 0.439 NA
0.85 0.472 NA
0.832 0.456 NA
0.801 0.409 NA
0.834 0.469 NA
0.84 0.457 NA
0.835 0.464 NA
0.824 0.481 NA
0.842 0.484 NA
0.837 0.482 NA
0.837 0.457 NA
0.847 0.47 NA
0.845 0.478 NA
0.837 0.463 NA
0.834 0.516 NA
0.84 0.492 NA
0.831 0.494 NA
0.829 0.494 NA
0.814 0.539 NA
0.844 0.47 NA
0.828 0.509 NA
0.83 0.513 NA
0.835 0.518 NA
0.817 0.525 NA
0.848 0.518 NA
0.837 0.524 NA
0.829 0.524 NA
0.855 0.505 NA
0.813 0.504 NA
0.837 0.547 NA
0.829 0.519 NA
0.824 0.561 NA
0.823 0.547 NA
0.828 0.524 NA
0.832 0.546 NA
0.823 0.551 NA
0.836 0.542 NA
0.834 0.543 NA
0.851 0.496 NA
0.853 0.55 NA
0.809 0.525 NA
0.854 0.553 NA
0.839 0.591 NA
0.835 0.586 NA
0.827 0.578 NA
0.835 0.59 NA
0.852 0.585 NA
0.829 0.61 NA
0.809 0.616 NA
0.826 0.631 NA
0.819 0.613 NA
0.823 0.597 NA
0.843 0.601 NA
0.829 0.636 NA
0.819 0.57 NA
0.816 0.621 NA
0.847 0.635 NA
0.834 0.643 NA
0.827 0.651 NA
0.828 0.651 NA
0.84 0.637 NA
0.827 0.642 NA
0.844 0.598 NA
0.811 0.642 NA
0.859 0.663 NA
0.816 0.654 NA
0.821 0.658 NA
0.818 0.627 NA
0.826 0.635 NA
0.831 0.649 NA
0.811 0.663 NA
0.806 0.688 NA
0.804 0.631 NA
0.836 0.612 NA
0.839 0.646 NA
0.84 0.643 NA
0.839 0.648 NA
0.824 0.661 NA
0.818 0.653 NA
0.852 0.651 NA
0.823 0.68 NA
0.86 0.657 NA
0.817 0.657 NA
0.819 0.667 NA
0.791 0.691 NA
0.81 0.639 NA
0.823 0.69 NA
0.833 0.701 NA
0.804 0.677 NA
0.83 0.651 NA
0.821 0.665 NA
0.814 0.695 NA
0.824 0.68 NA
0.84 0.662 NA
0.803 0.699 NA
0.8 0.724 NA
0.827 0.693 NA
0.826 0.69 NA
0.816 0.682 NA
0.821 0.703 NA
0.84 0.71 NA
0.828 0.701 NA
0.809 0.697 NA
0.825 0.695 NA
0.825 0.705 NA
0.844 0.685 NA
0.82 0.701 NA
0.811 0.701 NA
0.812 0.716 NA
0.841 0.725 NA
0.839 0.665 NA
0.82 0.705 NA
0.835 0.713 NA
0.823 0.681 NA
0.824 0.696 NA
0.807 0.693 NA
0.838 0.726 NA
0.833 0.705 NA
0.803 0.67 NA
0.826 0.708 NA
0.823 0.709 NA
0.802 0.678 NA
0.823 0.694 NA
0.817 0.721 NA
0.822 0.702 NA
0.83 0.726 NA
0.815 0.704 NA
0.843 0.709 NA
0.819 0.686 NA
0.827 0.716 NA
0.816 0.72 NA
0.835 0.708 NA
0.822 0.711 NA
0.834 0.686 NA
0.814 0.616 NA
0.833 0.629 NA
0.813 0.647 NA
0.806 0.623 NA
0.822 0.6 NA
0.835 0.665 NA
0.849 0.481 NA
0.833 0.499 NA
0.817 0.51 NA
0.844 0.537 NA
0.838 0.545 NA
0.82 0.542 NA
0.835 0.511 NA
0.829 0.441 NA
0.832 0.431 NA
0.855 0.442 NA
0.833 0.439 NA
0.845 0.452 NA
0.818 0.427 NA
0.831 0.457 NA
0.825 0.404 NA
0.839 0.429 NA
0.814 0.456 NA
0.83 0.405 NA
0.815 0.419 NA
0.81 0.433 NA
0.822 0.411 NA
0.792 0.36 NA
0.816 0.348 NA
0.801 0.344 NA
0.796 0.354 NA
0.809 0.361 NA
0.825 0.366 NA
0.806 0.372 NA
0.813 0.294 NA
0.804 0.313 NA
0.806 0.291 NA
0.806 0.325 NA
0.787 0.323 NA
0.812 0.322 NA
0.815 0.297 NA
0.805 0.254 NA
0.776 0.282 NA
0.78 0.282 NA
0.81 0.306 NA
0.834 0.313 NA
0.792 0.317 NA
0.804 0.323 NA
0.782 0.305 NA
0.789 0.287 NA
0.773 0.282 NA
0.785 0.266 NA
0.763 0.254 NA
0.783 0.264 NA
0.782 0.261 NA
0.751 0.284 NA
0.758 0.253 NA
0.746 0.257 NA
0.753 0.225 NA
0.762 0.273 NA
0.741 0.264 NA
0.741 0.205 NA
0.689 0.217 NA
0.707 0.211 NA
0.709 0.211 NA
0.695 0.266 NA
0.712 0.226 NA
0.706 0.25 NA
0.728 0.242 NA
0.632 0.219 NA
0.668 0.221 NA
0.647 0.195 NA
0.628 0.237 NA
0.636 0.238 NA
0.642 0.202 NA
0.639 0.188 NA
0.611 0.215 NA
0.589 0.21 NA
0.606 0.197 NA
0.597 0.23 NA
0.615 0.25 NA
0.616 0.202 NA
0.59 0.228 NA
0.529 0.23 NA
0.524 0.251 NA
0.521 0.265 NA
0.542 0.212 NA
0.529 0.258 NA
0.523 0.213 NA
0.526 0.201 NA
0.466 0.229 NA
0.467 0.221 NA
0.467 0.261 NA
0.487 0.229 NA
0.493 0.227 NA
0.483 0.231 NA
0.463 0.263 NA
0.449 0.264 NA
0.452 0.249 NA
0.456 0.275 NA
0.475 0.28 NA
0.483 0.225 NA
0.461 0.275 NA
0.432 0.256 NA
0.455 0.283 NA
0.428 0.264 NA
0.446 0.297 NA
0.417 0.304 NA
0.461 0.245 NA
0.43 0.266 NA
0.441 0.27 NA
0.43 0.281 NA
0.422 0.325 NA
0.426 0.318 NA
0.426 0.313 NA
0.432 0.296 NA
0.427 0.311 NA
0.44 0.303 NA
0.44 0.27 NA
0.43 0.337 NA
0.437 0.296 NA
0.449 0.318 NA
0.433 0.308 NA
0.428 0.303 NA
0.429 0.313 NA
0.408 0.313 NA
0.438 0.328 NA
0.417 0.309 NA
0.411 0.306 NA
0.425 0.269 NA
0.424 0.314 NA
0.448 0.256 NA
0.426 0.29 NA
0.43 0.294 NA
0.424 0.296 NA
0.432 0.265 NA
0.442 0.285 NA
0.442 0.337 NA
0.415 0.301 NA
0.482 0.257 NA
0.492 0.265 NA
0.492 0.287 NA
0.47 0.283 NA
0.477 0.253 NA
0.47 0.255 NA
0.452 0.282 NA
0.533 0.25 NA
0.532 0.242 NA
0.528 0.27 NA
0.539 0.234 NA
0.531 0.24 NA
0.516 0.271 NA
0.536 0.26 NA
0.549 0.24 NA
0.558 0.238 NA
0.541 0.214 NA
0.55 0.232 NA
0.545 0.221 NA
0.575 0.233 NA
0.552 0.215 NA
0.562 0.208 NA
0.543 0.223 NA
0.58 0.24 NA
0.561 0.221 NA
0.551 0.262 NA
0.541 0.24 NA
0.561 0.221 NA
0.552 0.215 NA
0.576 0.246 NA
0.561 0.224 NA
0.563 0.22 NA
0.577 0.216 NA
0.57 0.213 NA
0.56 0.227 NA
0.533 0.21 NA
0.544 0.224 NA
0.555 0.239 NA
0.575 0.227 NA
0.554 0.256 NA
0.57 0.205 NA
0.537 0.204 NA
0.527 0.267 NA
0.533 0.225 NA
0.503 0.268 NA
0.522 0.268 NA
0.527 0.276 NA
0.515 0.241 NA
0.539 0.256 NA
0.451 0.349 NA
0.434 0.369 NA
0.421 0.349 NA
0.443 0.35 NA
0.425 0.329 NA
0.435 0.345 NA
0.444 0.37 NA
0.401 0.419 NA
0.388 0.402 NA
0.365 0.43 NA
0.374 0.38 NA
0.378 0.409 NA
0.361 0.436 NA
0.387 0.415 NA
0.384 0.409 NA
0.388 0.396 NA
0.388 0.419 NA
0.375 0.455 NA
0.363 0.44 NA
0.385 0.447 NA
0.371 0.42 NA
0.386 0.472 NA
0.361 0.471 NA
0.35 0.448 NA
0.379 0.463 NA
0.373 0.455 NA
0.357 0.419 NA
0.379 0.459 NA
0.364 0.473 NA
0.355 0.445 NA
0.377 0.458 NA
0.389 0.473 NA
0.374 0.469 NA
0.384 0.457 NA
0.368 0.473 NA
0.365 0.477 NA
0.395 0.474 NA
0.38 0.455 NA
0.352 0.482 NA
0.353 0.512 NA
0.379 0.479 NA
0.374 0.517 NA
0.396 0.462 NA
0.374 0.471 NA
0.375 0.493 NA
0.375 0.488 NA
0.356 0.456 NA
0.358 0.466 NA
0.392 0.482 NA
0.397 0.507 NA
0.392 0.537 NA
0.368 0.532 NA
0.382 0.538 NA
0.364 0.515 NA
0.373 0.548 NA
0.377 0.529 NA
0.372 0.548 NA
0.378 0.542 NA
0.363 0.546 NA
0.347 0.556 NA
0.363 0.536 NA
0.363 0.558 NA
0.378 0.522 NA
0.393 0.533 NA
0.395 0.54 NA
0.398 0.566 NA
0.398 0.565 NA
0.36 0.574 NA
0.376 0.562 NA
0.37 0.539 NA
0.384 0.593 NA
0.376 0.554 NA
0.384 0.582 NA
0.383 0.586 NA
0.389 0.598 NA
0.381 0.573 NA
0.373 0.58 NA
0.389 0.592 NA
0.402 0.613 NA
0.377 0.582 NA
0.406 0.588 NA
0.366 0.572 NA
0.398 0.598 NA
0.37 0.584 NA
0.391 0.591 NA
0.394 0.557 NA
0.376 0.61 NA
0.359 0.622 NA
0.397 0.596 NA
0.394 0.639 NA
0.4 0.608 NA
0.421 0.613 NA
0.351 0.597 NA
0.41 0.626 NA
0.393 0.593 NA
0.37 0.609 NA
0.375 0.649 NA
0.387 0.632 NA
0.362 0.655 NA
0.394 0.608 NA
0.391 0.635 NA
0.404 0.641 NA
0.396 0.619 NA
0.385 0.618 NA
0.36 0.614 NA
0.391 0.626 NA
0.402 0.612 NA
0.37 0.639 NA
0.383 0.563 NA
0.385 0.638 NA
0.389 0.608 NA
0.385 0.64 NA
0.388 0.579 NA
0.374 0.591 NA
0.385 0.599 NA
0.386 0.576 NA
0.373 0.601 NA
0.4 0.623 NA
0.363 0.56 NA
0.371 0.562 NA
0.351 0.499 NA
0.361 0.533 NA
0.369 0.488 NA
0.358 0.543 NA
0.376 0.534 NA
0.4 0.52 NA
0.373 0.507 NA
0.401 0.506 NA
0.374 0.48 NA
0.384 0.528 NA
0.412 0.515 NA
0.39 0.524 NA
0.386 0.53 NA
0.401 0.443 NA
0.38 0.469 NA
0.397 0.468 NA
0.375 0.455 NA
0.4 0.421 NA
0.38 0.435 NA
0.401 0.485 NA
0.408 0.39 NA
0.401 0.402 NA
0.402 0.448 NA
0.379 0.435 NA
0.393 0.398 NA
0.435 0.4 NA
0.383 0.432 NA
0.373 0.347 NA
0.423 0.347 NA
0.404 0.348 NA
0.427 0.361 NA
0.407 0.334 NA
0.403 0.354 NA
0.399 0.378 NA
0.399 0.33 NA
0.434 0.355 NA
0.439 0.352 NA
0.394 0.338 NA
0.428 0.327 NA
0.401 0.333 NA
0.426 0.341 NA
0.413 0.303 NA
0.404 0.326 NA
0.447 0.313 NA
0.426 0.313 NA
0.419 0.318 NA
0.425 0.319 NA
0.416 0.342 NA
0.427 0.268 NA
0.442 0.318 NA
0.449 0.3 NA
0.434 0.326 NA
0.464 0.281 NA
0.469 0.298 NA
0.456 0.296 NA
0.507 0.294 NA
0.459 0.288 NA
0.475 0.304 NA
0.48 0.302 NA
0.486 0.314 NA
0.51 0.253 NA
0.472 0.306 NA
0.519 0.264 NA
0.513 0.216 NA
0.518 0.292 NA
0.523 0.232 NA
0.551 0.274 NA
0.493 0.26 NA
0.535 0.266 NA
0.539 0.266 NA
0.534 0.247 NA
0.555 0.239 NA
0.562 0.227 NA
0.568 0.259 NA
0.554 0.27 NA
0.563 0.278 NA
0.572 0.248 NA
0.572 0.266 NA
0.602 0.252 NA
0.589 0.253 NA
0.572 0.254 NA
0.573 0.23 NA
0.569 0.281 NA
0.638 0.255 NA
0.663 0.253 NA
0.622 0.269 NA
0.666 0.237 NA
0.645 0.255 NA
0.652 0.236 NA
0.643 0.257 NA
0.663 0.209 NA
0.692 0.265 NA
0.663 0.23 NA
0.654 0.236 NA
0.668 0.236 NA
0.662 0.213 NA
0.658 0.218 NA
0.652 0.264 NA
0.688 0.184 NA
0.686 0.233 NA
0.68 0.236 NA
0.688 0.199 NA
0.67 0.244 NA
0.696 0.204 NA
0.709 0.23 NA
0.714 0.232 NA
0.716 0.205 NA
0.71 0.207 NA
0.73 0.239 NA
0.719 0.206 NA
0.709 0.242 NA
0.692 0.234 NA
0.715 0.225 NA
0.691 0.228 NA
0.704 0.222 NA
0.71 0.221 NA
0.742 0.225 NA
0.704 0.195 NA
0.69 0.242 NA
0.713 0.194 NA
0.7 0.218 NA
0.721 0.204 NA
0.712 0.214 NA
0.718 0.204 NA
0.717 0.211 NA
0.69 0.202 NA
0.724 0.186 NA
0.695 0.209 NA
0.696 0.208 NA
0.695 0.224 NA
0.723 0.248 NA
0.727 0.222 NA
0.691 0.204 NA
0.706 0.233 NA
0.686 0.181 NA
0.709 0.219 NA
0.689 0.197 NA
0.695 0.21 NA
0.684 0.226 NA
0.66 0.216 NA
0.684 0.216 NA
0.681 0.227 NA
0.676 0.193 NA
0.692 0.187 NA
0.685 0.207 NA
0.691 0.192 NA
0.647 0.209 NA
0.644 0.206 NA
0.623 0.233 NA
0.655 0.223 NA
0.632 0.228 NA
0.622 0.222 NA
0.617 0.213 NA
0.54 0.214 NA
0.535 0.242 NA
0.555 0.22 NA
0.559 0.243 NA
0.566 0.23 NA
0.552 0.184 NA
0.543 0.251 NA
0.504 0.281 NA
0.484 0.266 NA
0.473 0.274 NA
0.471 0.268 NA
0.492 0.275 NA
0.488 0.263 NA
0.489 0.269 NA
0.42 0.308 NA
0.403 0.3 NA
0.403 0.319 NA
0.431 0.296 NA
0.436 0.332 NA
0.455 0.281 NA
0.441 0.308 NA
0.416 0.34 NA
0.412 0.368 NA
0.395 0.358 NA
0.419 0.345 NA
0.399 0.35 NA
0.407 0.348 NA
0.406 0.379 NA
0.415 0.395 NA
0.404 0.402 NA
0.398 0.385 NA
0.426 0.414 NA
0.395 0.412 NA
0.405 0.388 NA
0.385 0.401 NA
0.396 0.436 NA
0.392 0.441 NA
0.404 0.451 NA
0.376 0.431 NA
0.383 0.425 NA
0.414 0.434 NA
0.415 0.414 NA
0.371 0.498 NA
0.376 0.49 NA
0.368 0.508 NA
0.396 0.482 NA
0.383 0.495 NA
0.396 0.488 NA
0.386 0.507 NA
0.372 0.506 NA
0.368 0.507 NA
0.388 0.503 NA
0.378 0.515 NA
0.371 0.511 NA
0.362 0.517 NA
0.391 0.548 NA
0.349 0.545 NA
0.38 0.538 NA
0.377 0.544 NA
0.384 0.564 NA
0.391 0.533 NA
0.387 0.535 NA
0.375 0.511 NA
0.361 0.536 NA
0.375 0.59 NA
0.357 0.547 NA
0.367 0.585 NA
0.367 0.553 NA
0.342 0.519 NA
0.369 0.56 NA
0.399 0.576 NA
0.382 0.587 NA
0.379 0.56 NA
0.381 0.617 NA
0.379 0.581 NA
0.386 0.594 NA
0.382 0.586 NA
0.387 0.593 NA
0.398 0.606 NA
0.382 0.595 NA
0.394 0.585 NA
0.419 0.599 NA
0.376 0.604 NA
0.353 0.605 NA
0.378 0.616 NA
0.386 0.627 NA
0.379 0.614 NA
0.39 0.597 NA
0.386 0.59 NA
0.371 0.601 NA
0.363 0.62 NA
0.378 0.623 NA
0.383 0.617 NA
0.364 0.644 NA
0.401 0.622 NA
0.387 0.623 NA
0.358 0.628 NA
0.368 0.616 NA
0.418 0.616 NA
0.385 0.613 NA
0.38 0.616 NA
0.39 0.61 NA
0.392 0.643 NA
0.372 0.614 NA
0.392 0.578 NA
0.377 0.52 NA
0.364 0.498 NA
0.346 0.523 NA
0.357 0.452 NA
0.37 0.457 NA
0.377 0.526 NA
0.37 0.504 NA
0.389 0.394 NA
0.398 0.423 NA
0.376 0.398 NA
0.365 0.388 NA
0.381 0.391 NA
0.359 0.395 NA
0.355 0.393 NA
0.403 0.322 NA
0.362 0.316 NA
0.381 0.298 NA
0.408 0.297 NA
0.399 0.294 NA
0.375 0.301 NA
0.382 0.279 NA
0.392 0.231 NA
0.419 0.263 NA
0.415 0.262 NA
0.407 0.264 NA
0.415 0.255 NA
0.418 0.217 NA
0.403 0.225 NA
0.411 0.189 NA
0.436 0.238 NA
0.438 0.204 NA
0.429 0.232 NA
0.435 0.247 NA
0.454 0.242 NA
0.452 0.225 NA
0.474 0.199 NA
0.459 0.179 NA
0.451 0.199 NA
0.445 0.219 NA
0.455 0.207 NA
0.447 0.223 NA
0.443 0.192 NA
0.477 0.207 NA
0.482 0.211 NA
0.472 0.242 NA
0.473 0.204 NA
0.482 0.186 NA
0.474 0.179 NA
0.466 0.218 NA
0.512 0.198 NA
0.498 0.189 NA
0.494 0.169 NA
0.509 0.173 NA
0.477 0.194 NA
0.48 0.188 NA
0.507 0.171 NA
0.509 0.206 NA
0.512 0.163 NA
0.551 0.185 NA
0.529 0.201 NA
0.513 0.187 NA
0.512 0.191 NA
0.501 0.191 NA
0.547 0.186 NA
0.541 0.194 NA
0.531 0.198 NA
0.533 0.231 NA
0.554 0.205 NA
0.547 0.163 NA
0.537 0.182 NA
0.587 0.234 NA
0.559 0.181 NA
0.558 0.19 NA
0.572 0.182 NA
0.598 0.197 NA
0.582 0.216 NA
0.595 0.188 NA
0.613 0.17 NA
0.616 0.209 NA
0.594 0.173 NA
0.607 0.208 NA
0.606 0.208 NA
0.61 0.18 NA
0.625 0.177 NA
0.667 0.215 NA
0.67 0.208 NA
0.662 0.19 NA
0.668 0.197 NA
0.65 0.194 NA
0.668 0.181 NA
0.637 0.165 NA
0.725 0.193 NA
0.714 0.206 NA
0.717 0.217 NA
0.733 0.208 NA
0.718 0.188 NA
0.712 0.226 NA
0.711 0.202 NA
0.775 0.196 NA
0.782 0.224 NA
0.779 0.202 NA
0.756 0.269 NA
0.763 0.196 NA
0.747 0.221 NA
0.777 0.21 NA
0.79 0.225 NA
0.777 0.234 NA
0.764 0.219 NA
0.789 0.226 NA
0.767 0.258 NA
0.786 0.25 NA
0.769 0.2 NA
0.787 0.287 NA
0.79 0.231 NA
0.807 0.26 NA
0.769 0.226 NA
0.809 0.22 NA
0.799 0.227 NA
0.767 0.224 NA
0.784 0.254 NA
0.79 0.238 NA
0.806 0.241 NA
0.812 0.259 NA
0.797 0.261 NA
0.775 0.241 NA
0.812 0.253 NA
0.822 0.264 NA
0.809 0.255 NA
0.787 0.274 NA
0.829 0.289 NA
0.779 0.27 NA
0.811 0.238 NA
0.807 0.285 NA
0.799 0.28 NA
0.803 0.302 NA
0.816 0.302 NA
0.799 0.305 NA
0.791 0.305 NA
0.806 0.293 NA
0.822 0.277 NA
0.808 0.312 NA
0.799 0.29 NA
0.819 0.316 NA
0.831 0.326 NA
0.82 0.321 NA
0.817 0.353 NA
0.812 0.324 NA
0.852 0.353 NA
0.808 0.303 NA
0.795 0.336 NA
0.809 0.349 NA
0.847 0.327 NA
0.814 0.317 NA
0.831 0.317 NA
0.835 0.348 NA
0.813 0.341 NA
0.835 0.35 NA
0.809 0.362 NA
0.806 0.387 NA
0.823 0.338 NA
0.826 0.329 NA
0.807 0.387 NA
0.838 0.369 NA
0.818 0.386 NA
0.85 0.385 NA
0.832 0.332 NA
0.823 0.372 NA
0.834 0.408 NA
0.843 0.441 NA
0.808 0.38 NA
0.842 0.403 NA
0.849 0.432 NA
0.819 0.433 NA
0.826 0.423 NA
0.836 0.414 NA
0.809 0.47 NA
0.824 0.419 NA
0.848 0.45 NA
0.835 0.415 NA
0.823 0.456 NA
0.817 0.461 NA
0.845 0.473 NA
0.834 0.48 NA
0.865 0.45 NA
0.825 0.47 NA
0.839 0.484 NA
0.855 0.484 NA
0.824 0.487 NA
0.838 0.501 NA
0.803 0.503 NA
0.84 0.478 NA
0.865 0.504 NA
0.835 0.507 NA
0.832 0.518 NA
0.82 0.502 NA
0.836 0.512 NA
0.865 0.517 NA
0.829 0.495 NA
0.854 0.527 NA
0.866 0.538 NA
0.825 0.516 NA
0.855 0.526 NA
0.825 0.547 NA
0.826 0.557 NA
0.831 0.547 NA
0.855 0.563 NA
0.826 0.548 NA
0.839 0.567 NA
0.833 0.546 NA
0.843 0.565 NA
0.844 0.619 NA
0.839 0.617 NA
0.849 0.595 NA
0.834 0.583 NA
0.833 0.593 NA
0.846 0.603 NA
0.832 0.58 NA
0.837 0.581 NA
0.863 0.63 NA
0.834 0.616 NA
0.817 0.6 NA
0.826 0.6 NA
0.865 0.635 NA
0.833 0.623 NA
0.831 0.634 NA
0.834 0.631 NA
0.829 0.597 NA
0.818 0.631 NA
0.84 0.623 NA
0.824 0.625 NA
0.849 0.631 NA
0.834 0.663 NA
0.832 0.595 NA
0.828 0.616 NA
0.823 0.652 NA
0.86 0.65 NA
0.845 0.623 NA
0.829 0.654 NA
0.825 0.667 NA
0.846 0.633 NA
0.838 0.634 NA
0.843 0.659 NA
0.843 0.65 NA
0.829 0.657 NA
0.836 0.621 NA
0.853 0.65 NA
0.826 0.646 NA
0.833 0.643 NA
0.819 0.638 NA
0.829 0.648 NA
0.81 0.633 NA
0.83 0.649 NA
0.854 0.669 NA
0.836 0.634 NA
0.828 0.648 NA
0.813 0.657 NA
0.812 0.659 NA
0.818 0.669 NA
0.819 0.667 NA
0.815 0.675 NA
0.827 0.679 NA
0.835 0.641 NA
0.824 0.635 NA
0.842 0.672 NA
0.836 0.646 NA
0.834 0.647 NA
0.829 0.674 NA
0.843 0.673 NA
0.838 0.683 NA
0.852 0.675 NA
0.849 0.644 NA
0.837 0.67 NA
0.829 0.646 NA
0.5 0.271 NA
0.516 0.264 NA
0.507 0.269 NA
0.526 0.237 NA
0.513 0.233 NA
0.506 0.221 NA
0.515 0.26 NA
