1000 2
-0.1584552736 0.525841496
-0.8893322079 0.7873871517
-0.9175817803 -0.0128405746
0.0072217691 -0.6884298264
0.9545450881 0.2373079644
0.5432475661 0.1147152972
-0.1773290909 -0.8354510963
0.978337083 -0.0903340294
0.734986451 0.1867268765
-0.5360895577 0.6417670171
-0.6647719722 0.589072444
0.331461017 -0.4053909704
-0.7776894132 -0.8353567407
-0.8953186506 0.8694784753
-0.3365742997 -0.149483386
-0.3674599328 0.4486957425
0.0806732154 -0.7672634153
-0.4657338914 0.6721745287
-0.1881574597 0.3426909321
0.2925837473 0.3834044435
-0.9537784252 0.4783849381
-0.989598732 -0.4861229155
-0.6906265449 0.5348384045
-0.5887597608 -0.7166629657
0.5196146164 0.6014347663
0.4913410451 -0.3542708806
-0.4632900208 -0.6243000766
0.9492946072 -0.8867121981
-0.3644460239 0.6099613449
0.9558445415 0.3897544476
-0.9406261146 0.4051566757
-0.5324094724 -0.4171942729
-0.3838899541 -0.1001604809
0.8028563699 -0.3767822166
-0.8324204427 -0.4245355632
0.8569239448 0.8541191942
0.7052518534 0.6179752965
-0.5628862507 0.765999781
-0.6377393478 0.3139009424
0.2177836872 -0.4384908089
0.0977849416 0.3542706002
-0.7201860906 0.4046188029
0.5156644131 -0.87703308
-0.9640503074 -0.0247175819
-0.1197144561 0.6764411083
0.6233383804 -0.2704649339
-0.486144504 0.8836955577
-0.726926398 -0.193480337
0.8568920549 -0.7240422689
0.9635130507 -0.3494646009
-0.2223884547 0.629938642
-0.4631574764 0.6780316103
-0.2715402548 -0.7411481254
-0.3138495409 0.7776237838
-0.7018654454 0.4977294081
0.7451022193 0.1381415958
-0.4472194416 -0.3678659722
0.2916647089 0.4924822911
0.7836430077 0.6141625037
0.7073874027 -0.2106866185
-0.5839453838 -0.5474101333
0.9359918609 -0.3656559302
-0.0147765996 0.8512436356
0.1891599502 0.5947597367
0.6871343781 0.5692025465
0.4456242933 0.5559668788
0.4747294462 -0.5878709485
-0.2245220989 -0.014752584
0.0861676824 0.488897867
0.6063416279 -0.9031131133
0.6741069173 -0.913440851
-0.0635783356 0.6001844271
-0.8310635607 -0.3440247197
0.3929275325 -0.9497893206
0.2554110331 -0.2211612011
-0.4701108322 0.9796740259
-0.6624334091 -0.183985197
-0.2838488743 -0.4278355232
-0.7358936947 -0.3389399084
0.0309866527 0.7572002839
0.4118950316 0.3924211706
-0.9279480563 0.3360612481
0.6570633054 -0.0676659257
-0.7071330892 0.1433289815
0.3029198973 0.0631182864
0.3176482837 -0.5484092725
-0.1395119419 0.0036681518
0.7003550758 -0.3465928338
0.7759701759 -0.1655074493
-0.627681029 0.2729813452
-0.1265799315 -0.9618056924
-0.6634520711 -0.2326816241
0.2666507754 0.4393030908
-0.5780319483 -0.8977178349
0.4708807338 -0.7629891443
0.8135971297 0.2954450641
-0.4007241875 -0.1765867183
0.2301106537 -0.2846041592
0.8218300533 0.1377004022
-0.8472408629 -0.1300594979
-0.364976563 -0.5403381768
0.8507628767 -0.3140109852
0.3200522088 -0.0169282597
0.4524960904 -0.0494066766
0.5889032301 -0.3520638174
0.9330897839 0.7031680564
0.1693499405 0.6924155601
-0.3732134094 -0.2598356409
-0.8841475612 0.6034600995
-0.5565481326 -0.036362445
0.5823738552 -0.9986292012
-0.0776573238 -0.929417761
-0.9958458063 0.3449579626
-0.934418899 0.6856669523
-0.0033781859 0.7650641617
-0.0876281704 -0.193716059
0.1731410795 0.9069108688
-0.0227332343 -0.8917782679
-0.8793065562 -0.5228809244
-0.2724724822 -0.8520133551
0.0467427135 -0.9538992066
-0.403084435 -0.9923723326
-0.0713428543 0.5767942313
-0.0308637801 0.1273691994
0.0697058621 0.397725055
0.6320767212 -0.802345247
-0.6175492206 0.8162899506
0.4628656926 -0.9426594633
-0.7147268942 -0.1396164349
-0.6049807966 0.1269495548
-0.5493460535 0.4509078241
-0.3863731325 0.7128616604
-0.5771637768 0.8973371433
0.7397355498 -0.6058622994
-0.6620071414 0.8979871324
-0.8838902172 -0.7260285998
-0.6765048211 -0.9507836932
0.0637213616 -0.8013731688
-0.6395684998 0.5227186517
-0.8146442529 -0.1191056557
-0.1894132625 -0.293629677
0.573384915 -0.5914095188
-0.5197684406 0.2276910585
0.2064999971 -0.7726269858
-0.0140940263 -0.4350431971
0.8817310063 0.0733477585
0.0796576771 0.1973204068
0.1917477273 -0.1573778009
-0.8112331461 0.370137142
-0.3650674499 0.1487096883
0.561316594 -0.4408138534
0.1653664615 0.1863686517
-0.3853030661 0.7029185914
0.714369236 -0.588921675
0.7313803458 0.8338079401
-0.9124820437 -0.7714696992
-0.9029104104 -0.1336246179
0.9464695356 0.8386102668
0.1750123687 -0.2332627038
-0.3420283445 0.3167074826
0.6207720181 0.8340401929
-0.0174192712 -0.1019380526
-0.1514851488 0.1719838199
-0.1197170732 0.327814322
-0.6792441546 0.1171557885
0.2860632674 -0.9721090244
0.5257243542 -0.5079081026
0.0200101277 -0.3919501575
-0.0486386507 -0.1124609313
0.0116475164 0.3861700362
-0.2486012266 0.9728059415
0.8835223233 -0.2901667915
0.9440447595 0.6360741141
0.7240448128 -0.2820085073
-0.9461580878 -0.7372898301
-0.3284899429 -0.7126803314
-0.4076435524 -0.6737185474
-0.5436440604 0.4147925712
-0.3047686727 -0.891240296
-0.2652584501 0.9588247202
0.1949682436 -0.2565182084
0.525736121 -0.5211296263
0.0423963089 -0.1779760439
0.8292781287 -0.377648057
0.9893502393 0.5536292107
-0.3372611515 0.2405528715
0.0149597912 0.7549007544
0.2940298854 -0.3363600592
0.9171300158 0.3175870311
0.2450624136 0.4833640815
0.4494415419 0.1011541234
0.1500542746 -0.7359137414
0.711966346 -0.8258404117
-0.3425843837 0.6185161024
0.5905932686 -0.0504865097
0.2087690518 0.0139180534
-0.3727293108 -0.6067489632
0.3843706222 -0.3312883717
0.8871208793 -0.3594476404
-0.2970395898 -0.4988016924
0.5669980696 0.5309885778
0.5631917259 -0.9475636594
-0.0731521416 0.5633178563
-0.0359676857 0.5681279432
0.4361530039 0.9371974249
-0.8134183493 0.4888678794
0.8232153803 0.6569511238
-0.1232670955 -0.1758627798
0.091094574 -0.2084733308
0.8645411478 0.3245153138
-0.5247442573 0.7155725094
-0.5839768681 0.674999055
-0.6891053761 0.5819427553
0.7290772842 0.5016206647
0.7947439188 -0.3046545368
-0.758559797 -0.1024400531
0.053341046 0.4501951751
-0.84256852 0.8615456196
0.4179854086 0.4209880293
-0.213913938 0.4199378043
-0.8627818399 -0.9131523571
0.3368435125 0.6554436954
0.1118100439 -0.4767070017
-0.2454314372 0.532520398
-0.3512022588 -0.1582833338
0.3725651358 -0.3001113674
-0.3536617667 -0.8241787911
0.6940968912 0.8563580769
-0.4911541948 -0.8193334877
0.39652063 0.6036394429
0.5158650605 0.645393698
-0.0354059064 -0.0998882148
-0.1333851777 -0.9945318708
-0.8145867339 -0.7705032467
0.3088798546 0.3097072747
0.1148298471 -0.6361830872
0.6519532525 0.6067818617
-0.9582720492 -0.7985053151
0.7761581568 0.2039676821
0.5278116539 -0.1099348902
0.5318394997 -0.2249479066
-0.5720628528 -0.938292332
-0.1155689545 0.5109188948
-0.5357773677 -0.9486072576
0.0886693904 0.5811734907
0.696392057 -0.394079946
-0.0102612874 0.7342808661
0.7072916939 -0.8307860079
-0.9475488523 -0.8327698307
-0.7242633691 0.6660275338
-0.270039564 -0.7443161928
-0.6532631163 0.7535432116
-0.5835467256 0.0040623671
-0.8141667354 0.4078002954
-0.2926633577 0.4754985105
-0.64950951 -0.4713472142
-0.8903897591 0.0530369771
0.0352985421 0.3665306862
-0.9944747668 -0.1921258378
0.0109369205 0.8076712382
-0.7257299977 -0.3836551369
0.4321047529 -0.6801552474
0.8533497858 -0.5686641983
0.9605228091 -0.0609950968
-0.0305573796 0.6735234554
0.87013146 -0.1321550901
0.2016366995 0.9768337575
-0.2784717316 0.4638493732
-0.8258940498 -0.2386034541
-0.1031264225 0.8712824108
-0.6544134649 0.5790689508
-0.2235040618 0.2456937837
-0.8379108375 0.7126394021
0.6408896702 0.9264629395
-0.1652370729 -0.0304297768
-0.435679079 -0.0654836893
0.5788406995 0.5823012092
-0.2154183793 0.5391571014
0.3515944593 -0.4120068951
0.7167793643 -0.3445901801
0.8042125064 0.4809691445
0.9869174999 0.15999786
-0.4046174609 -0.260517091
0.469946139 0.9315030263
-0.5207165126 -0.9067393113
-0.5528551792 -0.7966794064
-0.9770434094 -0.7612323486
-0.3511924716 -0.3954048287
0.2557424065 -0.4170632288
0.534396918 0.8294911822
-0.3331423472 0.8342959727
0.4133830997 0.2373686773
-0.6537098885 0.8514223727
0.4663802702 0.4407743188
0.8239531214 0.1686834944
0.7847585985 -0.2716613268
-0.1632900913 0.378689066
0.06438404 0.3553655017
-0.5615000599 -0.6461871886
-0.2211380131 0.2948129242
0.7896106094 -0.9623239953
0.6514061783 -0.0424855407
0.4409228317 -0.121604396
0.1573807714 0.3129338757
0.6227477998 -0.02577001
0.9560998133 0.1612668135
0.6081887311 -0.1437762654
0.477270118 -0.8184065982
0.0112806153 -0.6746444842
0.7166503905 -0.1399431732
0.810321399 -0.823103284
0.4063705597 0.3259877688
0.6623148662 -0.2827549102
0.7362541161 0.119949339
-0.1822216725 0.7650780082
0.7627320159 0.1284561427
0.430849548 0.9206834207
0.9745268021 0.2045498695
0.6488140253 -0.5618597195
-0.3223448535 -0.2567268484
-0.1975026997 0.5050024386
0.2870184486 0.9504268924
-0.2506712838 0.7901498973
0.9083579704 0.6688549062
-0.579218857 -0.7005468318
-0.5107128308 0.0008779494
0.2808995699 0.0510111772
-0.3366275248 0.5459797932
0.9876384786 0.1671105353
-0.6310019963 0.1263749246
-0.2275295183 0.4341662829
0.3586694272 -0.8258144469
0.7923127254 0.8299774146
-0.4641779689 -0.695518448
-0.4800095106 -0.8549276926
-0.3021208527 0.4484110647
-0.9768788577 0.5987295122
-0.0384496483 0.2644454944
-0.11749346 0.3009064686
0.1207544608 -0.2809517863
0.1322950893 -0.3887958555
0.8586537968 -0.5225010118
0.8193597225 0.1490298668
-0.2430633246 -0.0403222633
0.6279982585 0.9879139489
0.1245789276 0.5753536439
-0.5764821405 0.0291721998
0.8867792198 -0.6450334978
-0.1764154932 -0.6877776822
-0.2594093201 0.2573489849
-0.5411259825 -0.8104441133
-0.4829171919 0.0203543431
-0.6797672664 -0.8685772326
0.2039101906 -0.1823546081
-0.6782399938 -0.554530045
0.5976197408 -0.54383882
-0.7939074966 0.9997032317
-0.8408738011 -0.2888861834
-0.7548527769 -0.2504270556
-0.8434888418 -0.2853735881
0.9784255503 0.8928768663
-0.4544032272 0.1378656761
0.4304471188 -0.8229086646
0.4264157843 0.7577797384
-0.6244992893 0.8492432106
0.6890785615 0.6171962973
-0.0301663657 -0.4982672553
-0.1156347226 0.724759968
-0.0891175801 -0.729149262
-0.3952301401 0.7547307103
0.4398014061 -0.5733760274
0.5078412271 0.8221519608
-0.6268591108 -0.1825401406
0.7360779578 -0.1804518374
-0.9661573428 -0.6870952584
-0.4753179657 -0.1263332721
0.5892322068 0.6304997606
0.2022121483 -0.6265063821
0.5582906427 0.5282189385
-0.4768483425 -0.3902312485
-0.2897264995 0.9315635818
0.0847405437 -0.4385606116
0.9188090423 0.2514847764
0.9589099237 0.5511924387
-0.3466948685 0.0865980126
-0.0999925039 -0.9174683117
0.3418882089 0.2371770423
0.4445653609 -0.9359501456
-0.9702980323 -0.0299999346
0.5606222535 0.1361686774
0.9660805878 0.7266781162
0.6186733018 0.8672366533
-0.054660284 0.4209661083
0.536195647 0.2825838109
-0.8364240737 0.7173783239
-0.8041126616 0.3028452964
0.3950438229 0.7935701162
-0.7423439748 -0.2062103325
0.1624720418 0.1488112714
-0.0597722586 -0.3727847016
0.9124905607 0.9992035874
-0.6800688817 -0.6403367496
0.2465794375 0.1522414903
0.008469163 -0.342917379
0.5745977559 -0.5953387059
-0.3007832742 0.6838264577
0.0078913672 -0.4686016017
0.5040633474 0.4709915994
0.9574801475 -0.6418220126
-0.6966662444 0.2563058459
-0.3995807976 -0.6172381761
0.1169338077 0.5591762573
-0.3358151838 0.4812890361
-0.5653402777 0.7341645481
-0.2719183699 0.7305152505
-0.8220722317 -0.0350082009
0.6677038372 -0.9276135084
0.8252105475 0.1644000178
0.7281594868 -0.2099958509
-0.1789350323 -0.6529049268
-0.2705217171 -0.4714459018
-0.7562382016 0.7804483399
0.2605629438 -0.5173840048
-0.0287919333 -0.4395732642
0.9471726613 -0.6068839622
0.96716817 0.2683888082
0.9494735431 0.2101984248
0.2560772109 0.4936545109
0.9908930855 0.2991795386
0.366732175 -0.6854371685
0.0315070418 0.158387932
-0.6073832265 -0.2324788179
0.8804585715 0.5412884355
-0.3557639457 0.1803436317
-0.1901959577 0.3916910007
-0.3300879472 0.8331074868
-0.4600988156 0.1083307434
-0.3746975837 -0.6702499613
0.5177880311 -0.8861798625
-0.3478242476 0.1202273401
0.0951234261 0.9089208152
0.841548875 0.5347148348
-0.5539694354 0.8550050776
-0.0049303412 -0.8910297514
0.101765471 -0.0890246858
0.054587401 -0.6734602028
-0.7436961452 0.6726312302
0.7395140477 -0.5577892531
0.0600026129 -0.2743355664
-0.9368107119 -0.0083719776
0.1994706751 0.8097978793
-0.13509038 0.9022536175
0.8644137038 -0.9056940977
-0.2923422852 -0.7966958457
0.6853353404 -0.7184807612
-0.5756483558 0.4955768697
0.2357934909 -0.7642613593
0.2058581151 0.7491265698
0.9156331788 0.3040099493
-0.259010728 -0.7934704209
-0.3490833845 -0.7508252352
-0.1753071202 0.8926302576
-0.0726067908 0.3749775849
-0.7852394958 -0.0332882921
-0.5789133636 0.8802893427
-0.3301543095 0.3711354206
0.3034392702 -0.4370707711
-0.445680683 -0.0061014006
-0.7002542955 0.9735321309
0.2178307194 0.4921166166
0.3326326543 -0.3519243211
-0.6411041464 0.0438489234
-0.3060719115 -0.7439533863
0.4845284862 0.9087190642
0.1168547748 0.740159391
0.1283002696 0.9709419049
-0.973523003 -0.3676285855
-0.3774215188 0.8598012114
0.8154264339 0.6025567544
-0.9094773601 0.1978242369
-0.5436914368 0.0849337745
-0.9097335767 0.0317885224
-0.4378388566 -0.7007903894
-0.1257277061 -0.5050720838
-0.6632305351 -0.2598639666
0.4042644668 0.4309850899
0.3709006202 0.455058001
-0.216983425 -0.5352872508
0.0339987669 -0.2668118179
0.7514765747 0.4204310961
-0.6096978341 -0.8918070663
-0.447028317 0.3513821294
-0.1778109181 -0.8395030526
0.591195506 -0.6567638502
-0.2594674779 -0.6063942504
-0.9963835278 -0.180573158
0.7031138581 0.3058192478
0.8622613437 0.2197675277
0.740461011 0.6467145504
0.8016733835 -0.7742929519
0.611565595 0.2751357788
0.2457541381 0.2658401998
0.2928128578 0.028984888
0.244647142 -0.4609119557
-0.3024807563 0.8170563555
-0.7430773433 -0.8079124643
-0.9560673945 -0.0045075975
-0.7862244085 -0.8721434567
-0.1922145509 0.6164235561
-0.4965513749 0.4314069324
-0.0012907293 0.433413818
0.249895182 0.5691726278
0.5386432991 -0.2599230502
-0.2104399148 0.8752750894
-0.2392006521 -0.987765565
0.760569687 -0.744800685
-0.6687475499 0.9048556038
0.0290126042 0.6562958588
-0.0532105747 0.5906501757
-0.5344439284 -0.3632695382
-0.0241309619 -0.2652647612
0.1368744937 0.1514054798
-0.1651286152 -0.5032950044
0.5352752707 -0.1340320897
0.8279285631 0.8380347854
-0.4591530543 -0.3706666473
-0.7218747381 -0.2717835037
-0.5458229398 0.1637235419
-0.6044341093 -0.1132900761
0.4316568593 -0.5343551198
0.2961081164 -0.6765846717
0.9654663764 -0.8193983347
0.1319630295 -0.0044551366
0.8058238137 0.2725210814
-0.8934526029 0.9889027649
-0.9190352103 -0.1886074608
-0.9016482588 0.6885664943
0.6679819035 -0.3612896577
-0.1006869399 0.8084823051
0.6015473213 0.2708754577
-0.979936203 -0.6836618441
-0.0570833148 -0.2622710336
0.3774565803 0.6257335329
-0.380995627 -0.855640633
0.1546807229 0.0113231661
-0.0468987199 0.8997266409
0.5586303826 -0.2376931431
0.8116776282 -0.1475733463
0.3143997481 0.3982979595
0.720742716 0.8272552472
-0.7077906108 0.7597546559
-0.5010438287 0.9273598655
0.2154035936 -0.25428541
0.9005511771 -0.1336378166
0.7967522033 -0.6866131341
-0.9602262769 -0.8847836279
-0.7418888574 0.603922877
0.4028842626 0.2846625759
-0.1672696671 -0.0198299512
-0.2260316052 -0.5774114248
-0.8922101771 -0.2904720218
-0.5503191575 0.5785315507
0.0046563544 0.2858469752
-0.1760306517 -0.9322370468
0.4806332379 -0.657494667
-0.9082436445 0.2996865483
-0.7678806698 0.1596256667
0.0317232236 0.3585778764
0.2252832712 -0.2136098556
0.1030528843 0.8609130913
-0.4558211393 0.4298246466
-0.5665720985 0.7432142124
-0.5430954015 0.6862321603
-0.9317919109 -0.6776535278
-0.0651078215 0.7622295525
-0.4930090904 -0.3240617067
0.8800851586 0.9887149208
0.7472568424 -0.9244036786
-0.5971360421 -0.8675023471
-0.1327985255 -0.1785361497
0.4419745849 0.9861802463
0.1097825184 -0.401140193
0.1278246297 -0.4031394389
0.8700259789 0.350523754
0.8202002654 -0.0115945027
-0.5198505544 0.4762172839
-0.6285925424 0.3951782705
0.371603705 0.2350968448
0.7394332979 0.4439785522
-0.9851643359 -0.0770420362
-0.0287138764 0.8365814793
0.7591074943 0.7102856492
0.2393131084 -0.8892064909
0.1549669052 0.1927240537
0.2649457902 -0.3387338677
0.0665274914 -0.2570689148
-0.7836427442 -0.3143683961
-0.9447878227 -0.2738217786
-0.1665466032 0.5873017767
0.1961898333 -0.0553449295
-0.5905643734 0.7842669021
0.054900792 -0.1291981689
0.2275793902 -0.6918221856
-0.6252266895 0.4392307801
0.6478478843 -0.4377487912
-0.2574679344 0.5122629995
-0.0736281262 -0.0793303833
0.9289200846 0.955112054
-0.9801872172 0.8174018632
-0.4063636903 0.2709871517
-0.8872420616 -0.7427547108
-0.1262639016 0.929189038
0.4527136744 0.4464534777
-0.511425918 0.2863377128
-0.7780368146 -0.5227864669
0.8623883668 0.0735193514
0.6384913465 0.3499773182
-0.9322049287 0.2510033413
0.959142535 0.3441076968
0.4365767995 -0.419521871
0.1393429153 -0.5306357397
0.5876149586 0.7678988446
-0.0388402329 0.1823940384
0.6224987609 -0.1387284715
-0.6804681183 -0.1356790252
0.0905632759 0.3191404827
-0.0293565118 0.1341228401
0.4509511325 -0.6096549616
-0.5127167595 -0.4749808894
-0.7201581993 -0.2615706506
-0.7122739223 0.2132070689
-0.0180220585 -0.0518483664
-0.4311684179 0.9712383258
0.1406852943 -0.3743328624
0.7901116293 -0.4099764717
-0.0441468074 -0.5649337014
0.4304828383 -0.3823647979
-0.271867407 -0.9185166154
-0.7387348665 0.3997725537
0.5193221499 0.7444506539
0.328699423 -0.0936737079
-0.4524003579 0.7162064128
-0.2858174224 -0.6082479488
-0.5517782415 -0.390591884
-0.7995336391 -0.6191174113
0.2859144458 0.4275781596
0.3982995227 0.0064210314
0.5120111196 -0.5156933833
0.1444881358 -0.0582018136
0.0744770872 0.3492323165
-0.3726601163 0.2554138727
-0.0100927101 0.4266442549
-0.8490570383 -0.7700662524
-0.0739118429 0.7293973123
-0.4615390953 -0.0966047402
-0.0368283936 0.993827262
0.5496164151 -0.8687049425
0.7574469717 0.7912858962
0.6191301756 -0.6803233256
-0.1188564692 -0.3382427851
0.9345139 -0.8412810965
0.4745569983 0.0738367923
0.9223590149 0.8188104918
-0.17387297 0.5080768922
-0.5726666045 0.2924024444
0.4612243539 -0.4651486655
0.8355230335 -0.5567459352
0.5696504572 0.0646504904
0.0261557749 -0.4888042072
0.8956111246 -0.0415082374
-0.5171568631 0.3360783528
-0.7535091653 -0.9223367414
-0.0867279405 -0.387533708
0.1641220618 0.1714724847
-0.2387706432 0.7831515181
-0.3503179299 0.7838213802
-0.9789512847 0.0999361863
0.1864886475 0.6747401962
0.1270792652 0.4273613077
-0.4953062739 -0.0688808984
0.5900475942 0.7123584785
0.4752715966 0.3228393123
-0.4657783075 0.5001749899
0.9302406674 0.2061064388
-0.1886184886 0.4554420374
0.910607107 -0.924343965
0.167591983 -0.1955367168
0.9703859398 -0.4183268147
-0.1074516405 0.0555971204
0.8219362781 0.652341879
0.8930704128 -0.5184299978
0.0104998089 0.8767931759
-0.6815400929 0.0703565688
0.518831722 0.2893620329
0.3654202409 -0.085094234
0.0613720287 0.3593009356
-0.1215150449 -0.5268513639
-0.5442620106 0.5797483199
-0.5839502518 -0.0052169119
0.3831269145 0.9581392799
-0.9488562802 -0.2863129163
-0.9392378996 -0.6434240546
-0.2282915679 0.0137083353
0.1749194614 0.8708662549
0.6379542039 -0.3560738666
-0.9056357532 0.9012136552
0.8105345396 0.5710461666
-0.3758525914 -0.9538561241
-0.5291332914 0.9994537202
0.9733574586 0.2893524338
0.3956094645 -0.4204241764
0.5669118268 -0.4669037987
0.6640065587 -0.0261953538
0.1484443014 -0.8736793804
0.4680758854 0.2056464977
-0.3715848369 -0.776821564
-0.7228274671 -0.5363465999
-0.048565398 -0.1581256925
0.8980259136 0.2792719272
0.1508430629 0.2444060412
-0.7395265684 0.0803753072
-0.2893094728 0.2875893195
0.4789026524 0.9944835254
-0.3051307513 0.3732014615
0.9553555334 -0.2218044689
-0.7804917386 0.6399829206
0.5348333591 0.9225253286
0.8190097432 -0.7172064534
-0.8503969396 0.170996143
-0.1449325886 0.8808685606
0.3240145128 0.4995285864
-0.5357943433 -0.6966231391
-0.6727619078 0.9996896582
-0.4351663664 -0.4756977721
-0.2111685164 0.2735352577
0.2545539644 0.1664760322
-0.3894551545 -0.6191289062
0.2775815311 0.5037623676
0.7132285032 -0.1710915361
0.481860219 -0.0106770946
-0.4186435831 -0.6087310342
-0.6840643384 0.3103520847
0.548299415 -0.7824516911
-0.7035516496 0.3171436065
-0.0640260796 0.1562482831
-0.3804340116 0.1161980564
-0.8218015619 -0.5052037919
-0.4721657624 -0.6006819359
-0.4902424663 0.655457906
-0.2006921913 0.6712996536
0.2978075515 0.5967911473
-0.5247261412 -0.691608787
-0.5340034282 -0.3795744535
0.2898752941 -0.0735030398
0.3676778851 0.600376063
-0.8392115105 -0.1665925253
-0.2502913992 -0.0901196608
0.7170134215 0.3354441342
0.9897500351 -0.3142920658
-0.9350255136 -0.7556435768
-0.7297464665 -0.2260253099
-0.9564931616 0.4348476646
-0.3012613892 -0.6271549026
0.6197266649 0.8367083604
-0.4600751437 0.7463726527
0.1874074684 0.1038790671
0.546456594 0.7114437846
-0.64441359 -0.4538862146
0.7445229874 -0.715205851
-0.0218252693 -0.133590132
0.6689201831 0.0404846831
0.4897789634 0.8148095324
-0.7555366005 0.1947064013
0.3664570502 0.6072373013
0.9063981548 0.836000111
0.3162689488 0.6279883869
-0.5517947064 -0.4817437585
0.2913827854 -0.0257273973
0.8939681137 0.9533870718
-0.2455267892 -0.5353346146
0.125245573 -0.9951098412
0.6747680423 -0.9746068055
-0.2966281134 0.2591969599
0.260393119 0.2087801346
0.8696723757 -0.7698180065
0.4963288894 -0.6768692737
0.6664688331 0.2419127584
-0.4357951274 0.1586523452
0.7893794053 0.5042575658
0.1133629647 -0.4070857498
0.6932823891 0.6376298992
0.4602416186 -0.1641782629
0.7044473188 -0.1180532025
0.0518386601 0.6615049047
0.2601965913 -0.5475158789
0.4193301154 0.5759280557
-0.0897050803 0.6929763183
-0.7731894245 0.2044575955
0.0810566708 -0.2715054532
0.47412328 -0.0264661429
-0.7458942956 0.4528759196
-0.4896624819 -0.25854435
0.4619295397 -0.8852349897
0.8179910076 0.6928751655
-0.8345849044 -0.6535883723
0.913302083 0.9929102501
0.0977793057 0.6016110708
0.3748719874 -0.1466743741
0.1275161477 0.0102966204
0.1061436054 0.3000383461
0.776682274 0.1813307786
-0.2662488846 -0.9343205532
-0.9272773727 -0.5400460619
0.9978563911 -0.4764694255
0.7503935616 0.8387633753
0.9714390058 -0.8748081671
0.47741772 -0.9734949865
-0.7887027762 0.7027827078
-0.2144293366 -0.8451837511
0.0576646123 -0.0988878119
0.0276312917 0.455660237
0.0129855792 -0.6146061355
-0.8372247745 0.1353828507
0.453401899 -0.933162252
-0.9354344308 0.697125122
-0.3713115333 -0.2545104409
-0.8141066632 -0.7983267894
0.4193791677 -0.9679261949
0.0655122395 -0.7453919803
-0.7630732153 -0.3293733373
0.3687177654 0.4793688217
0.9127215846 0.7930068048
0.2055543121 -0.232197362
0.6869057519 -0.9744630773
-0.5002006376 -0.3022560012
0.535970035 -0.1049689208
-0.5568762487 -0.3248122274
-0.5996464049 -0.1346703451
-0.7833671635 -0.8514652587
-0.1865705568 -0.7836805563
-0.0189981447 0.4565244108
0.8389821365 0.5150989359
-0.7166612684 -0.6716145296
-0.13118036 -0.0452013318
0.5171286557 0.3908064077
0.1803147583 0.2711918717
0.573972872 0.6434517894
0.9080987256 -0.2794114454
-0.0393767073 -0.9258119301
0.5781240626 0.7964430437
0.1967740329 -0.4032855881
0.3220753218 0.3883221997
0.6548175565 0.6861019279
-0.641888543 0.2673602882
0.866956668 0.760573708
0.7254179595 -0.6204780326
0.096618196 0.8293918036
0.2887035855 0.5080211898
-0.3117868667 -0.1222575265
0.1898532268 -0.7654654831
0.6732921144 -0.4872433618
0.1213647416 0.4589166809
0.4717629002 0.8997156168
0.4140718351 0.0473034298
0.5721939551 -0.9355763514
0.5500833462 0.2670195624
0.8686108072 0.1901570158
0.1019544713 -0.6788226431
-0.516371123 0.0244755945
-0.9535291987 -0.0416913833
-0.3190564755 0.9771886882
0.7393213706 0.7582901446
-0.5418924601 0.0820284449
-0.5768385557 0.504329212
0.1229353491 -0.492433981
0.0785742709 0.0600617374
-0.9878092622 -0.1252358011
-0.1620482593 -0.7522727181
0.8104015011 -0.0684817424
0.5065272576 0.2997102672
0.7040315173 0.5317190578
0.7784593636 0.0025117029
-0.0109380339 0.1841835245
0.852265371 0.7645400036
-0.9572055601 -0.7926483508
0.4979077261 -0.1530258982
-0.1225245013 -0.0473642
-0.8055159613 0.4543585945
0.5025760126 0.7016876051
0.0266761533 -0.9520052257
0.9353883807 0.151799988
0.9246776574 0.6196126076
0.9361561867 -0.2190350317
-0.3667375478 0.6736413599
0.0052353824 0.2978359815
-0.4288280322 -0.5624638908
-0.6232978911 -0.7476033014
-0.3690782594 -0.0174953374
0.8598288172 -0.2197629688
0.2927475828 -0.1228603199
0.8304245095 0.7344522965
0.1631789668 0.3223157474
0.8173449836 0.7760807569
0.1261733943 -0.2135196836
0.6738356054 -0.7609037654
0.2361444086 -0.41739053
-0.9903432424 0.850601959
0.9295006259 -0.253178658
0.0617788956 -0.5889915363
0.5926800435 0.7446888369
-0.3770440486 0.6477353768
-0.1648784215 0.451840824
0.2925740788 -0.9984848695
0.8683873662 0.6684913966
0.420525765 -0.8885216736
-0.7030000081 0.9866906344
0.3111457941 0.2493411428
-0.6014459464 0.5238738894
-0.234013739 0.0782426475
-0.5119728548 -0.1423999025
-0.0896232547 0.0111192944
0.2946877768 -0.6083690193
-0.2369281109 0.4742460693
-0.4848038116 -0.8452543071
-0.2127609132 0.2908420283
0.2308339993 0.876782679
0.2904959624 -0.7708706376
0.5195069956 -0.1350737526
-0.5255273101 0.6868616161
-0.3001312558 0.5459764348
-0.7968624504 -0.0374887916
-0.2225840967 0.9443010404
-0.2781711672 -0.3525445177
-0.5991628151 0.1356655573
-0.6033554259 0.5526233637
0.2902779952 0.1419046572
0.3752068379 -0.2151309336
0.2459908994 0.1972341076
-0.4339802377 0.9434279101
-0.0139837419 0.7104594046
0.5277555701 0.7840209822
-0.0004561902 -0.4537846195
-0.5078015877 0.3263215525
-0.5348632657 -0.7271003011
0.1272882763 -0.5291579366
0.37399176 -0.4707952752
-0.4116770164 0.2048306852
-0.414787278 0.4652200188
-0.7545766658 -0.1886624154
0.728212419 0.2518448024
0.1811257661 0.4677459919
-0.586608029 0.7104263678
0.1565670576 0.1876501981
0.2319531483 0.1442652419
0.8836437445 0.8830868686
0.3952619475 0.3313262044
0.2924001794 -0.7420504279
-0.3687498346 0.0315109221
0.753105598 -0.5118744648
-0.2126136306 0.7363111498
0.6120160972 0.7448510183
0.9975221329 0.4445360121
-0.1928928648 0.9384728614
-0.8654358829 0.4452350372
-0.8770332546 0.9821748678
-0.1568612559 -0.9337334898
-0.1303278096 0.0007770457
0.8599990709 -0.794179468
-0.4386177869 0.3800656302
0.8591785138 -0.8708714475
0.3694625786 0.1930700131
0.2623001193 -0.2696508025
-0.1484216428 -0.3660469078
0.0855136067 0.5948518738
0.9627621844 0.8044031342
0.9684080682 0.8557396741
-0.8459558184 -0.0629791464
0.3942009769 0.6231746809
0.4587217681 0.399880114
0.2477791337 -0.8178886771
0.5174646201 0.121185449
0.6414962979 0.4665890746
0.7445455799 0.3808136382
0.4213692592 0.1825890532
-0.8190354463 -0.4604364503
0.4294999214 -0.3969099685
0.7002253188 0.4244312318
0.3322652355 -0.0756241144
0.3192673898 -0.0886899135
0.0516000856 0.580797316
0.181889175 0.4202825972
-0.5034259814 0.9439474661
-0.261422981 -0.1203187816
0.8613132974 0.2391766105
-0.9348222124 -0.8860808276
0.4170617894 -0.7921333625
-0.660890074 -0.2349518891
0.3103101645 0.3002427435
-0.8448811802 0.1611834285
-0.767679099 -0.699290724
