2551 2
563.225 56.748
564.887 58.119
565.434 68.061
565.926 79.953
566.762 69.405
567.99 81.669
569.194 62.483
569.791 55.458
570.576 73.136
572.167 73.306
573.101 47.248
573.649 88.769
575.847 55.477
576.019 55.179
576.686 66.819
577.379 44.799
577.513 51.055
578.727 80.574
579.476 39.921
580.633 44.737
581.278 65.616
582.023 54.002
583.593 76.708
583.796 79.86
584.366 53.483
586.459 59.779
587.023 85.774
587.679 71.899
588.232 39.995
588.672 51.99
589.312 38.724
591.027 44.019
591.4 91.172
592.217 89.381
593.16 66.805
594.063 66.893
594.76 74.765
595.356 80.827
595.79 75.361
596.355 83.586
596.668 86.122
598.529 58.733
599.626 59.223
600.848 85.828
601.795 80.356
602.177 43.649
603.088 68.333
604.009 86.323
605.044 65.636
605.162 87.564
605.689 81.98
606.666 65.305
609.273 46.702
609.805 79.983
610.426 66.076
611.214 67.693
612.12 50.623
612.611 80.34
615.622 67.058
616.511 69.774
185.148 187.84
186.379 210.891
190.146 203.939
192.725 200.574
193.58 191.945
196.524 209.577
198.153 194.02
199.639 189.935
200.871 193.293
202.992 198.882
206.631 195.446
208.041 192.715
209.812 189.853
211.981 200.95
214.217 207.195
216.775 196.353
218.926 212.944
220.754 190.068
221.351 191.195
222.246 185.421
223.856 211.078
224.959 201.679
226.243 191.191
227.497 199.323
232.63 208.815
233.817 198.346
236.097 201.321
241.224 206.679
242.439 191.389
244.763 189.957
245.674 206.491
247.434 208.13
249.004 200.664
249.977 198.39
250.814 208.034
253.545 215.389
256.788 192.156
257.962 208.085
260.626 210.016
264.383 201.5
265.424 194.869
267.976 208.111
272.218 187.568
275.199 196.881
281.512 193.436
282.56 198.533
283.104 202.56
284.464 215.55
286.95 198.506
288.923 213.113
289.933 208.837
290.501 200.067
292.782 209.527
295.307 185.377
296.686 208.971
300.462 210.472
301.987 213.201
303.553 213.944
13.354 264.529
16.103 255.247
17.339 249.372
18.137 258.655
19.608 265.248
21.247 262.794
22.098 281.747
22.758 242.831
23.345 251.326
23.635 245.377
24.691 273.256
26.117 244.136
27.203 257.622
28.94 244.752
29.936 234.543
30.809 233.232
31.169 284.702
32.489 266.777
32.93 271.838
33.591 283.933
33.773 281.922
34.513 276.181
34.652 252.158
35.524 243.571
35.876 243.583
37.343 233.625
38.62 246.751
40.455 255.385
41.524 284.287
42.817 248.056
44.067 281.238
45.476 271.387
46.187 286.244
47.739 252.702
48.338 258.763
48.994 234.513
49.857 253.511
50.245 237.932
50.976 267.189
51.328 270.145
51.66 262.632
53.837 292.781
54.617 291.696
54.983 230.195
55.211 290.125
56.785 252.76
58.204 276.242
59.035 272.023
59.624 282.485
60.396 231.942
61.014 242.437
61.448 245.848
62.185 263.182
62.725 245.593
63.76 274.755
64.487 237.96
64.713 252.737
65.05 227.462
65.823 290.489
66.296 267.64
67.832 281.385
68.888 226.002
69.967 246.5
70.286 260.492
71.834 228.468
72.206 243.232
72.789 287.178
73.157 293.775
73.85 264.688
74.708 264.807
75.394 254.897
76.311 243.142
76.972 287.451
77.989 230.004
78.233 266.766
78.502 237.794
79.202 287.122
79.272 242.156
79.722 264.361
80.199 298.082
81.069 261.888
81.534 276.974
81.913 237.585
83.034 247.402
83.679 240.902
83.855 297.607
84.888 253.396
85.499 236.795
86.941 232.489
87.406 299.783
88.392 237.048
88.701 250.651
88.982 299.489
89.319 226.7
90.41 257.448
90.58 231.072
91.23 262.604
92.209 222.15
92.786 227.418
93.554 293.737
93.768 293.591
94.697 258.708
95.536 237.686
96.182 228.088
96.715 223.257
97.527 273.821
97.685 278.438
98.38 284.748
99.108 296.813
99.767 224.9
100.165 222.073
100.778 278.911
101.931 266.622
102.84 240.178
103.131 239.699
103.347 251.559
103.919 268.385
104.593 279.342
104.851 266.407
105.187 268.4
105.396 267.244
105.877 248.509
106.187 280.048
106.267 221.253
106.699 250.833
107.251 233.71
107.427 264.254
107.743 239.853
108.98 262.284
109.713 272.873
109.967 298.248
110.534 224.346
110.823 229.572
111.309 226.288
111.731 278.228
113.107 268.624
113.726 289.755
113.971 233.849
114.502 226.788
114.867 299.812
115.386 274.375
116.25 285.816
116.901 239.932
117.588 279.468
117.808 296.526
117.991 296.388
118.793 226.169
119.412 292.521
119.916 279.182
120.435 281.88
121.329 271.627
122.254 274.67
122.962 272.851
123.476 263.763
123.817 290.177
124.895 225.312
125.876 237.528
126.299 248.847
127.881 277.424
128.782 258.494
129.474 259.443
129.986 263.765
130.248 254.418
130.953 288.629
132.874 236.928
133.637 287.142
134.173 262.139
135.02 242.398
135.631 288.789
136.99 279.42
137.468 248.605
138.208 250.879
139.394 251.962
140.295 288.066
140.989 255.222
141.315 270.173
141.852 235.406
142.609 245.018
143.009 238.399
143.719 276.511
144.26 231.112
145.175 256.033
145.439 275.743
145.89 252.356
146.859 269.907
147.058 258.492
147.155 235.835
147.203 236.173
148.38 258.14
149.106 257.056
149.431 255.84
150.654 287.67
151.7 255.743
152.675 261.621
153.978 271.106
155.048 286.331
156.319 265.01
157.05 285.03
158.213 278.882
158.962 243.196
161.138 237.596
161.646 243.994
163.331 280.859
164.213 281.869
164.773 282.94
165.059 242.019
165.281 280.402
166.042 248.031
167.623 242.272
168.128 276.198
168.464 268.973
169.483 267.895
170.249 249.485
170.979 273.265
171.513 253.62
171.783 269.142
172.844 257.272
173.952 265.78
174.138 270.815
175.856 272.269
177.18 255.497
177.257 264.482
178.95 243.888
181.542 281.885
182.722 251.107
183.453 267.579
184.185 246.987
185.341 270.505
186.511 242.978
188.91 241.019
191.666 243.181
192.627 275.928
194.441 269.436
195.761 262.548
196.945 247.552
197.076 274.643
198.511 272.877
200.067 270.562
200.776 269.116
202.842 259.868
203.896 244.526
204.787 250.219
205.469 248.346
208.056 258.037
208.684 259.333
210.158 265.929
210.741 245.633
213.053 239.042
213.685 254.623
214.879 253.977
216.027 264.996
217.35 266.199
218.58 255.904
218.852 243.589
219.705 242.826
221.495 236.117
223.711 242.644
224.354 259.331
225.566 248.478
229.354 237.398
233.129 236.923
233.311 258.28
234.903 256.115
236.158 240.551
237.976 253.329
239.34 251.177
240.348 244.397
243.132 254.789
243.505 248.39
244.731 247.555
245.48 255.893
247.504 258.892
249.927 234.034
251.727 260.918
252.992 248.801
254.104 251.732
255.41 243.183
258.885 236.008
260.153 258.965
261.686 253.904
264.961 245.82
267.765 254.765
271.931 253.244
272.186 246.484
273.159 248.205
274.679 256.092
276.12 238.06
277.313 240.625
278.117 262.051
280.711 258.076
281.716 246.601
281.94 236.785
282.711 249.692
283.115 263.584
283.983 257.348
284.543 263.316
287.046 262.162
288.927 260.541
289.315 255.218
289.943 250.361
291.608 267.339
291.955 267.281
292.398 252.325
293.017 255.158
295.004 260.365
296.183 237.238
297.623 252.161
298.424 264.142
299.807 263.045
300.557 269.025
304.204 271.556
307.425 274.677
308.161 273.136
308.928 247.987
310.057 251.42
313.136 266.045
313.672 247.666
314.848 254.205
317.095 273.844
318.449 266.77
318.858 277.693
320.149 245.128
320.88 254.928
321.587 243.537
323.345 257.64
324.518 243.11
325.259 254.743
326.596 254.017
327.833 249.55
328.233 263.65
329.356 264.379
331.098 264.241
333.338 276.376
334.236 263.988
335.585 269.761
336.776 245.851
337.25 243.518
338.656 262.053
339.143 237.759
340.372 273.623
341.517 282.249
342.655 280.406
343.522 269.317
344.314 252.462
344.967 243.995
347.038 255.476
347.652 285.927
348.419 273.871
348.735 244.499
349.448 246.822
349.757 286.903
349.886 271.844
351.663 274.561
352.21 235.047
352.711 252.672
354.288 235.336
354.766 253.537
356.356 250.344
356.632 270.577
357.71 243.756
358.554 270.689
358.852 276.35
360.086 259.86
360.788 271.746
362.224 276.787
362.946 254.075
363.594 272.175
363.749 296.325
364.26 266.056
365.446 264.773
365.78 289.731
367.157 276.706
367.698 278.978
368.132 265.631
368.667 235.202
369.802 277.56
370.829 225.197
372.405 228.113
373.835 270.518
374.024 269.535
374.702 226.626
375.341 276.45
376.196 241.588
376.595 237.067
377.026 266.93
377.092 248.07
377.393 220.006
377.831 248.255
378.371 274.317
378.5 240.02
379.145 225.451
379.454 269.72
379.639 234.918
381.229 286.043
381.421 267.62
381.813 230.739
382.338 262.01
382.845 234.506
383.098 241.973
383.557 292.124
384.073 230.751
384.686 262.532
385.559 291.054
386.265 300.405
386.731 275.618
387.253 226.958
387.448 226.627
387.822 289.82
388.107 260.38
388.736 233.743
388.97 291.242
389.399 243.022
390.715 226.094
392.665 264.428
393.032 288.458
394.425 298.366
394.91 252.065
395.928 301.856
396.136 276.809
396.765 263.377
397.189 235.132
397.463 229.396
397.862 259.51
398.33 243.374
398.63 235.251
399.487 228.996
400.102 245.483
400.213 246.726
400.6 276.768
401.105 273.561
401.597 254.28
402.147 286.638
402.891 297.832
404.28 297.829
404.364 291.647
404.952 289.539
405.164 293.44
405.487 295.939
405.846 282.933
406.319 231.514
406.818 266.06
408.352 273.228
409.058 243.858
409.322 255.152
409.623 289.933
409.888 269.07
410.876 287.778
411.207 262.768
411.46 247.458
412.459 236.835
413.229 275.968
413.701 227.171
414.651 238.275
414.779 235.505
415.267 261.513
416.077 257.898
416.318 282.917
416.889 291.509
417.761 268.451
418.445 259.976
419.217 268.525
420.531 291.445
420.635 232.499
420.819 276.785
421.354 250.434
421.532 231.376
421.91 293.441
422.133 292.868
423.156 234.235
424.009 252.468
424.881 241.292
425.677 279.174
426.503 250.416
426.682 246.638
427.451 233.268
429.061 266.166
429.557 277.432
430.013 234.895
430.835 247.6
432.029 267.743
432.396 237.085
433.005 254.057
433.448 245.556
434.83 289.099
435.734 248.008
436.958 238.21
437.521 286.103
437.817 256.183
438.218 231.246
438.6 236.97
439.448 240.77
440.103 251.244
440.686 266.626
441.449 238.77
441.867 233.186
442.566 237.036
443.651 239.602
444.093 253.062
445.336 273.26
446.434 246.71
446.862 244.73
447.864 238.768
449.021 240.921
449.613 253.74
451.683 265.286
452.213 242.38
453.724 258.44
454.921 263.766
455.359 280.24
456.722 272.881
457.717 265.404
458.617 240.381
459.11 263.377
459.967 275.32
460.796 266.038
461.696 277.385
463.472 260.844
464.852 273.706
466.705 261.183
20.026 88.356
20.925 67.44
22.487 51.786
22.816 79.416
23.583 45.891
24.731 71.788
25.363 83.041
25.619 35.879
25.866 104.418
26.267 98.659
27.143 86.854
27.569 63.439
28.136 52.202
28.708 70.1
30.002 86.534
30.529 50.283
31.439 59.06
31.778 31.64
32.362 60.976
33.102 42.576
33.816 63.395
34.528 42.59
35.083 82.876
35.587 35.094
35.876 84.028
36.332 44.874
38.016 63.307
38.977 101.356
39.977 35.651
40.739 101.634
41.284 99.463
41.571 70.988
42.029 96.977
42.703 42.245
43.616 99.011
44.274 97.434
44.549 96.843
45.227 64.844
46.879 105.358
47.229 41.339
47.812 73.61
48.172 37.776
48.445 101.597
48.882 96.462
49.213 37.181
50.837 68.983
52.087 39.576
52.683 97.493
52.851 70.693
53.586 44.759
53.813 74.661
54.275 39.558
54.604 68.79
55.701 41.258
56.304 103.478
56.559 48.611
57.978 73.95
58.987 83.099
59.405 72.465
60.345 84.563
60.88 56.087
61.323 91.239
61.968 78.091
62.304 41.51
63.227 76.938
64.075 76.453
65.2 45.738
65.767 74.248
66.027 59.45
66.414 49.308
67.068 54.264
67.789 33.516
68.005 90.836
68.44 84.09
69.243 73.506
69.941 67.454
70.515 76.681
70.619 68.005
71.443 62.345
72.225 73.661
72.823 55.906
73.081 57.281
74.597 88.148
74.891 92.013
75.352 42.168
76.402 46.526
76.924 97.468
77.354 42.696
77.609 49.547
77.998 51.452
78.273 67.935
78.672 81.344
79.841 37.471
80.276 99.507
80.807 66.626
81.264 37.297
82.573 43.318
82.845 62.738
84.769 33.369
84.95 46.428
85.31 69.209
85.528 43.019
86.174 87.7
87.064 45.155
87.264 41.933
87.621 79.009
88.04 42.651
88.358 83.503
88.661 50.492
89.681 62.352
89.819 35.2
90.149 80.837
90.417 86.464
91.178 93.144
92.234 58.324
93.43 69.424
93.843 43.443
94.526 86.049
95.324 53.04
95.511 60.079
96.416 65.625
97.569 67.92
98.308 100.305
99.007 36.435
99.209 63.846
99.495 57.019
100.154 79.893
101.63 77.737
102.822 77.927
103.06 40.985
103.86 81.621
104.769 81.393
106.071 100.828
106.567 76.381
107.638 40.477
108.238 49.247
108.426 78.291
109.009 50.542
109.879 93.396
111.307 36.873
111.949 77.803
112.188 68.448
112.91 82.451
113.441 72.41
113.821 42.075
114.246 94.967
114.784 36.421
115.213 73.147
115.343 41.516
115.8 47.128
116.291 63.513
116.894 38.559
117.562 65.505
117.75 43.494
118.667 84.298
119.687 80.956
120.488 97.901
121.28 94.189
122.338 60.263
123.958 88.871
124.635 97.045
124.823 56.081
126.011 49.435
126.736 61.51
126.961 78.826
127.27 76.188
128.959 67.193
129.687 75.267
131.082 49.239
131.513 92.707
131.874 48.172
132.207 70.671
132.473 78.561
132.883 82.874
133.179 90.397
133.755 93.225
134.411 80.027
136.888 63.247
137.557 82.487
138.322 52.055
139.097 88.59
139.247 52.484
139.864 81.763
140.329 90.265
140.81 52.179
141.162 61.581
141.492 92.94
142.308 63.537
143.042 57.887
144.075 50.124
145.616 70.385
146.775 77.422
147.703 84.201
148.922 42.972
149.038 75.295
149.587 42.701
149.917 59.291
152.073 43.234
152.474 95.42
152.883 71.206
153.719 87.626
154.131 96.51
154.392 46.112
154.686 39.223
155.18 69.093
156.204 81.21
156.851 91.208
157.62 88.902
158.011 88.12
158.285 88.965
158.606 42.57
161.177 77.037
161.465 71.657
162.31 89.163
163.53 88.975
163.767 65.833
165.344 62.451
167.697 82.038
168.233 60.035
168.664 54.343
169.22 83.732
170.695 75.392
170.993 67.087
171.253 69.994
171.6 72.319
172.086 54.77
174.307 63.59
174.961 51.181
175.306 57.132
175.675 85.154
176.225 60.676
177.422 48.042
178.532 38.528
179.289 38.267
180.322 61.561
182.166 40.855
182.69 50.331
183.39 85.896
183.61 68.512
184.591 76.374
185.472 74.38
185.61 77.854
185.938 60.224
186.136 61.699
186.442 64.75
186.704 91.046
187.69 62.835
187.95 91.721
188.717 59.453
189.725 55.706
190.862 47.475
191.617 93.426
192.774 57.081
193.39 69.729
194.738 88.856
194.948 85.251
196.382 61.135
197.382 91.451
198.151 70.459
198.896 92.014
199.346 45.374
200.184 90.579
200.288 71.313
201.004 94.303
202.27 44.882
203.374 66.095
205.069 75.118
205.719 50.086
206.605 39.759
207.196 44.224
208.581 88.991
209.378 74.42
210.508 66.553
211.211 87.259
212.047 62.406
213.648 56.196
214.136 52.492
215.333 62.461
215.711 51.128
216.664 89.533
216.957 58.002
217.56 89.709
218.142 62.487
218.712 62.188
219.774 43.489
220.216 86.898
220.599 79.91
222.071 52.333
223.48 72.01
224.339 72.518
225.532 41.204
226.199 90.138
226.773 53.108
227.091 49.349
229.049 72.15
229.812 56.575
230.128 74.606
232.164 81.685
233.352 61.882
234.184 72.322
234.561 68.49
235.12 63.464
236.365 58.842
237.963 43.493
239.496 52.424
240.379 79.313
241.285 56.515
242.707 86.626
243.848 73.486
244.328 50.502
245.503 58.238
247.604 88.236
249.017 75.836
249.916 41.877
250.626 76.032
251.214 75.53
252.941 78.521
256.725 44.221
257.692 79.27
258.448 43.265
259.4 60.697
260.526 64.885
260.949 61.861
262.137 65.716
263.49 68.789
264.564 83.02
265.939 85.714
267.149 71.208
267.577 64.794
268.566 64.402
268.832 62.947
270.193 61.842
270.907 75.431
272.251 76.767
274.057 57.467
274.713 56.921
275.826 85.578
276.736 55.24
276.994 50.804
278.203 44.936
278.654 80.64
279.981 85.693
280.538 46.481
281.017 46.503
281.581 52.053
281.775 56.956
282.448 83.449
284.784 85.639
285.346 84.195
285.816 83.059
286.705 87.379
287.922 68.7
288.775 55.605
290.721 72.844
291.944 48.623
293.111 66.996
295.278 57.284
297.164 81.626
297.622 77.822
300.619 54.293
301.24 67.744
302.009 45.413
302.212 71.154
303.245 71.639
304.637 46.342
305.991 68.517
307.776 63.824
308.773 64.917
309.122 66.194
310.161 77.431
311.262 80.928
312.144 76.836
312.881 78.538
314.322 61.281
315.441 46.009
316.111 67.115
318.039 67.135
320.769 74.333
322.16 78.744
323.978 50.357
326.427 72.615
327.47 59.251
328.444 61.955
329.155 45.002
330.036 80.932
331.706 48.948
334.272 46.132
335.207 50.155
336.559 52.831
337.243 55.359
338.274 74.516
339.262 48.903
340.858 74.988
341.722 79.242
342.302 67.469
343.49 81.079
344.244 49.789
346.019 48.244
347.603 67.166
348.298 63.024
349.743 76.385
350.902 48.533
351.801 78.05
352.975 72.493
354.22 70.427
355.118 71.092
356.428 78.265
357.412 70.52
357.851 57.674
361.262 61.678
362.116 74.956
363.833 69.576
364.162 50.608
365.168 70.519
366.817 79.558
367.494 63.749
368.624 70.051
369.742 53.672
370.865 76.36
371.122 77.172
371.939 70.299
372.808 54.15
373.894 74.103
375.607 75.367
375.795 64.978
378.162 76.049
379.772 73.963
381.339 78.152
381.711 64.804
384.332 69.501
386.181 48.463
387.533 49.403
388.474 48.509
389.93 73.889
390.384 59.937
391.786 72.13
392.926 63.488
393.553 67.943
394.626 78.583
395.643 65.311
396.715 61.735
399.499 55.847
400.204 61.959
400.882 48.857
401.445 53.554
401.961 72.637
402.865 50.064
404.213 58.824
405.133 59.514
406.462 75.161
407.734 61.151
409.517 76.146
410.738 55.98
412.46 48.352
414.745 59.642
416.578 58.682
417.472 72.913
419.479 61.671
421.539 65.509
422.855 57.896
423.308 72.312
424.876 63.659
427.301 52.866
428.306 56.496
429.491 63.914
431.457 51.741
431.817 52.7
433.348 54.709
434.718 55.796
435.7 59.384
436.188 52.454
438.046 50.671
439.489 51.076
440.297 51.044
442.533 59.002
444.359 57.847
445.847 63.321
447.009 53.556
448.248 59.269
449.252 55.079
451.058 56.084
452.231 60.751
455.288 73.972
480.872 334.831
485.216 241.477
486.035 325.079
486.356 232.863
486.759 278.795
487.7 327.89
488.121 266.233
488.824 188.719
489.661 208.594
490.141 317.891
491.006 262.795
491.867 273.072
492.522 349.435
493.272 348.466
493.839 175.772
494.508 372.029
494.83 174.778
495.311 262.529
495.699 232.135
495.73 175.982
496.058 311.919
496.213 346.151
497.08 251.411
497.592 277.648
498.615 321.004
499.348 327.046
500.261 264.723
500.896 228.076
502.061 308.524
502.412 273.52
503.806 193.192
505.413 338.048
506.234 203.63
506.661 272.982
507.103 198.025
507.867 231.304
508.158 194.442
508.522 181.015
509.631 331.831
510.06 299.833
510.995 164.336
511.274 185.284
512.052 330.97
512.474 312.885
512.707 363.166
513.433 272.337
513.942 309.618
514.896 338.554
515.489 181.802
515.637 172.259
515.971 168.484
516.882 243.334
517.255 357.003
517.496 170.072
517.887 375.45
518.631 258.059
518.912 262.173
519.05 275.865
521.297 365.091
521.577 324.102
521.922 265.562
522.173 361.623
522.66 266.664
523.306 331.784
523.525 289.952
524.095 255.166
525.058 322.106
525.683 310.979
526.41 204.544
526.837 185.48
527.096 366.064
527.808 306.467
528.442 254.458
529.27 198.847
529.626 263.193
530.131 166.028
530.802 293.405
531.122 365.629
531.457 227.77
531.702 296.293
532.02 283.149
532.132 199.358
532.647 326.492
532.878 234.675
533.192 160.673
533.877 220.304
534.15 274.941
534.923 201.415
535.435 167.846
535.984 204.646
536.212 234.512
536.616 227.524
536.745 174.493
537.329 309.338
537.521 244.539
538.817 379.651
539.194 278.559
539.774 172.602
539.844 314.595
540.037 277
540.395 329.338
540.609 163.443
540.875 203.393
541.6 359.202
541.962 207.813
543.076 233.018
543.266 165.854
544.265 350.96
544.443 172.071
545.03 301.581
545.303 301.635
545.665 172.952
545.98 364.976
546.914 359.652
548.245 348.933
548.338 342.74
548.628 227.947
549.035 290.121
549.559 170.365
549.987 290.017
552.43 368.72
20.163 135.455
22.54 133.792
23.601 139.432
27.562 131.582
29.526 136.135
32.592 135.646
34.601 149.79
38.274 145.324
40.537 149.816
46.921 131.675
48.715 151.548
54.139 129.718
54.596 127.531
55.752 131.06
56.923 131.517
57.837 132.443
58.408 132.9
59.909 131.622
61.463 133.798
63.28 128.257
65.549 138.53
68.142 144.341
70.974 135.507
71.675 126.72
73.756 131.251
75.71 129.162
76.753 144.234
78.764 145.557
81.256 146.509
82.402 142.087
83.626 142.361
84.094 124.809
88.248 151.101
89.82 147.771
90.21 124.418
91.216 127.902
92.038 147.397
94.98 123.231
97.174 149.764
99.236 140.842
99.415 132.784
100.697 148.987
101.718 151.445
102.192 128.267
102.345 156.875
104.671 131.178
105.947 120.576
106.423 153.835
109.149 137.643
110.612 143.044
112.654 145.227
113.741 153.157
117.786 150.827
120.133 119.53
122.344 126.998
122.97 130.338
124.424 123.629
126.069 150.593
128.502 137.405
129.8 148.397
130.996 142.945
132.985 139.085
138.954 151.225
139.725 142.143
141.033 136.615
143.928 119.499
145.088 127.996
147.137 145.576
150.874 143.991
151.57 132.643
152.641 126.352
154.816 124.228
155.562 137.586
156.685 116.021
159.459 159.694
160.652 135.253
161.822 145.008
163.865 133.157
164.448 146.123
166.413 127.977
167.876 124.219
168.858 116.553
170.047 154.26
174.158 123.771
176.448 134.225
178.697 124.466
179.603 125.417
180.723 152.672
183.14 149.104
185.67 143.05
189.056 120.449
190.099 136.46
191.786 116.852
192.382 128.013
193.626 133.698
194.39 114.376
195.738 135.992
198.6 155.586
199.467 135.352
200.434 114.484
203.988 141.826
206.186 119.585
206.79 126.155
207.826 144.105
208.591 129.315
211.667 148.61
212.739 151.245
213.784 159.809
216.198 138.852
217.273 132.778
219.627 133.476
220.024 150.138
221.087 124.243
221.448 112.89
222.243 128.54
223.322 146.254
225.3 119.518
226.192 115.616
227.152 111.342
228.003 115.449
229.062 118.111
231.865 119.5
232.564 123.819
233.056 159.382
233.971 122.505
235.537 139.907
236.322 150.657
237.016 144.844
238.188 151.559
238.685 156.991
240.516 150.911
242.275 148.436
242.966 156.867
243.745 144.246
244.482 156.06
244.964 156.2
246.113 148.951
246.408 153.451
248.583 110.92
249.141 141.036
249.995 130.426
251.757 134.636
252.769 149.487
254.687 119.377
254.895 159.468
255.668 135.436
256.683 135.129
257.022 148.442
258.886 143.29
261.13 150.724
261.35 123.095
262.475 151.48
263.424 154.39
264.568 132.859
265.271 136.056
265.645 148.981
266.535 126.489
268.389 149.466
268.992 128.756
270.461 159.535
272.095 116.329
272.8 131.06
273.96 112.132
274.629 126.368
275.433 159.832
276.017 155.483
276.4 147.304
277.327 152.237
278.876 160.939
280.239 133.911
280.972 135.362
281.773 151.874
282.664 137.674
285.095 110.859
286.109 146.389
287.04 161.174
287.998 162.888
288.741 127.745
289.269 146.349
290.278 120.803
290.594 126.369
291.729 141.952
292.221 147.908
293.231 160.734
294.203 111.993
294.478 144.722
297.582 126.619
298.336 152.056
300.213 149.197
300.479 111.716
301.491 125.282
301.988 147.122
303.514 128.15
304.495 148.12
304.844 150.956
305.023 146.022
305.32 117.454
306.886 158.827
308.903 133.036
309.514 108.966
310.989 149.599
312.728 131.854
313.972 138.096
314.744 123.795
315.034 162.594
318.113 119.776
318.642 125.897
320.046 142.62
321.235 110.232
323.767 137.205
325.108 149.343
326.088 157.696
326.944 115.167
327.722 108.153
328.09 119.36
328.568 125.463
328.882 133.027
329.07 130.705
331.298 150.178
332.78 117.426
332.962 139.875
333.176 142.43
334.072 145.903
334.732 118.522
335.609 112.523
336.048 106.842
336.464 109.636
337.301 121.584
338.975 142.92
340.076 140.209
340.733 130.657
341.432 148.501
342.143 135.803
342.561 118.268
342.76 159.119
343.347 120.624
345.759 112.959
346.177 142.695
347.01 162.25
348.324 155.248
348.847 121.319
349.27 104.102
350.268 155.018
351.355 130.904
352.184 116.145
352.6 153.59
353.529 165.407
353.965 109.725
354.898 104.62
355.471 131.498
356.412 115.175
357.903 159.996
358.739 148.101
359.707 110.247
360.877 135.827
361.789 151.029
362.986 105.904
363.991 161.374
364.349 124.248
365.072 123.332
365.712 109.745
366.139 161.967
367.357 157.376
368.109 148.878
370.159 132.535
370.341 122.888
371.905 151.124
372.141 146.876
372.809 101.883
373.572 124.196
374.806 110.627
375.012 166.118
375.493 148.985
375.997 128.038
376.54 115.948
377.539 134.109
379.408 133.052
379.881 147.462
380.49 164.797
380.935 116.036
381.989 104.546
382.408 128.653
383.107 109.26
383.366 158.673
383.876 166.926
384.802 112.571
385.689 126.766
386.499 126.074
386.875 149.056
388.105 141.878
389.451 102.493
391.529 106.554
392.474 158.959
393.363 160.461
393.913 162.008
394.391 144.514
394.913 107.693
395.405 137.845
395.852 135.215
396.776 119.499
397.641 139.632
399.164 105.794
399.918 165.557
401.254 134.953
402.096 162.859
402.61 108.187
403.609 147.19
405.196 157.791
405.949 154.721
406.65 161.996
408.269 136.817
409.474 109.904
411.081 110.178
412.274 164.404
413.416 142.217
413.929 153.953
414.675 155.706
415.76 158.422
415.947 148.758
417.508 159.855
418.315 141.355
419.537 148.749
420.437 134.559
420.996 156.976
421.305 104.089
421.528 107.615
423.015 155.494
423.708 124.388
424.648 154.398
425.93 147.334
426.891 113.192
427.803 109.824
429.384 98.402
429.747 111.753
430.327 117.361
431.114 166.059
431.724 114.938
432.267 156.525
432.536 117.196
433.09 104.252
434.12 115.038
435.246 158.305
435.818 162.484
436.959 147.122
438.152 137.398
438.75 98.508
439.579 169.047
439.691 141.413
440.249 117.888
442.137 130.39
442.7 167.665
443.017 137.065
443.897 163.984
444.519 96.789
445.233 127.048
445.52 112.532
446.048 104.647
446.788 124.089
447.624 107.356
448.034 107.531
448.515 169.29
449.34 132.426
449.89 94.756
450.602 154.409
451.759 127.084
452.486 136.176
452.895 98.269
454.448 155.473
454.853 146.684
19.63 349.476
22.691 367.157
23.878 357.674
25.846 359.834
26.461 342.387
27.403 350.942
29.272 353.44
31.412 383.076
32.358 371.62
33.132 371.771
33.892 337.602
35.6 383.954
37.084 333.971
37.494 335.178
38.315 359.756
38.604 396.243
39.737 361.884
40.679 388.344
41.653 319.618
42.345 394.862
43.797 340.708
44.178 332.407
44.706 365.156
46.428 355.147
47.515 356.629
48.115 342.562
49.459 350.855
50.221 334.949
51.055 379.387
52.212 327.486
53.565 363.259
54.699 345.209
56.059 385.797
57.262 381.326
59.588 357.893
61.471 379.243
61.998 387.088
63.099 339.609
64.309 352.468
64.903 367.009
65.812 393.432
66.669 364.468
67.612 375.903
68.008 383.416
68.789 372.091
71.037 360.484
73.94 345.452
74.735 339.028
75.428 379.489
76.856 362.964
78.884 351.998
79.65 373.082
81.327 329.31
82.628 386.988
83.23 367.24
83.711 341.459
84.957 388.822
85.27 389.035
86.209 368.775
87.567 398.195
91.831 373.494
92.391 365.471
92.829 375.571
94.331 374.994
95.679 355.861
98.554 327.855
100.356 343.139
101.355 392.531
102.682 396.718
103.281 392.931
104.011 363.262
104.786 331.155
105.121 344.324
106.15 372.175
108.516 334.433
108.74 389.766
109.958 400.941
111.22 345.926
112.781 389.315
113.842 391.853
114.926 340.23
115.261 349.419
116.562 346.507
116.922 394.277
118.894 334.391
119.6 375.124
120.381 370.344
120.825 334.534
122.749 338.957
125.508 353.338
126.19 382.555
127.186 365.922
127.912 353.864
128.304 353.219
129.391 328.166
130.542 349.603
130.862 372.719
131.724 353.369
132.643 327.94
133.877 379.068
134.885 329.977
135.315 357.724
137.015 340.944
137.442 367.477
138.355 394.453
139.28 378.471
140.046 371.254
140.794 348.667
141.719 382.129
143.696 389.256
144.511 391.301
145.283 382.486
146.735 363.463
147.796 323.203
148.646 373.737
149.749 394.613
150.137 343.403
152.39 373.589
152.761 398.566
154.49 389.909
155.075 357.295
157.744 325.818
159.24 376.091
160.202 380.371
161.99 365.087
162.862 339.485
164.314 341.107
164.805 318.129
166.374 340.962
168.254 391.485
169.13 392.663
171.751 373.785
173.256 389.621
173.481 384.481
174.257 314.826
174.701 329.036
175.309 345.168
175.93 353.58
177.14 368.486
177.867 371.715
178.184 317.635
179.134 323.988
179.369 326.522
180.012 381.236
180.725 330.761
181.608 343.612
183.608 384.239
184.551 356.24
184.854 326.746
185.522 318.843
185.979 381.037
186.061 333.279
187.069 317.164
187.73 337.019
188.529 309.77
189.777 336.671
192.081 334.49
192.965 370.724
193.226 383.806
194.004 345.934
194.615 317.75
195.402 318.689
195.7 341.63
197.125 358.948
197.687 384.699
198.43 396.933
199.645 359.01
200.389 367.112
201.408 333.623
202.13 369.695
203.031 304.539
203.492 344.555
203.626 332.286
205.471 360.552
205.983 354.271
207.846 313.296
208.828 347.435
210.178 381.39
211.081 346.189
212.218 352.546
212.441 335.582
212.709 346.273
212.975 355.365
213.517 328.602
214.337 383.732
214.778 352.766
215.837 395.339
216.275 344.837
216.691 299.908
217.011 348.172
217.927 376.302
218.218 369.903
219.168 338.646
219.975 381.722
220.203 342.417
221.014 313.268
221.483 335.171
222.342 310.161
223.5 331.001
223.912 299.244
224.663 400.324
224.856 382.039
226.199 343.957
227.477 336.655
228.534 347.878
229.163 368.545
229.257 397.519
229.736 305.988
232.237 391.361
232.926 374.289
233.61 292.224
234.479 299.916
234.85 371.915
235.435 317.97
235.89 309.186
236.433 366.293
237.501 326.768
238.334 302.021
238.515 307.758
239.226 356.51
239.499 341.685
240.196 336.499
240.473 368.099
241.59 342.149
241.891 381.061
242.966 390.113
243.324 285.619
244.477 382.524
244.779 381.582
245.247 285.977
246.079 326.126
247.13 318.996
247.822 333.245
248.125 346.789
248.591 292.215
249.807 311.445
250.294 351.677
251.711 366.227
252.868 284.662
253.215 385.3
253.658 282.454
253.755 322.149
254.04 389.891
254.356 327.074
255.184 364.71
255.626 399.492
255.924 311.035
256.963 381.075
257.238 289.789
258.056 330.499
259.155 373.736
259.768 309.523
259.905 281.671
261.23 299.372
262.001 361.898
262.411 357.32
263.693 305.648
263.977 305.759
264.761 377.055
265.614 399.174
266.554 304.575
266.705 350.153
267.081 313.846
267.452 290.026
267.748 352.889
268.215 334.102
268.604 347.187
269.071 331.948
269.557 319.773
270.599 360.545
270.766 348.803
271.375 341.773
271.554 292.768
272.273 396.064
273.29 293.129
273.852 297.201
274.456 393.318
275.018 390.815
275.965 341.212
276.379 364.671
277.239 319.648
277.636 287.894
277.865 295.799
278.699 327.014
279.889 382.823
280.581 351.827
281.568 307.436
281.765 373.226
282.162 293.951
282.322 342.371
282.66 351.256
283.452 376.83
284.714 302.182
285.139 346.886
285.723 363.942
285.857 345.885
286.249 346.898
286.682 351.613
287.241 384.163
288.326 384.467
288.669 377.337
289.253 338.963
289.52 333.788
290.63 361.425
291.376 308.967
292.198 358.362
292.543 298.838
293.355 324.01
293.751 306.411
294.182 378.559
294.614 325.861
296.555 306.575
296.958 382.22
298.207 299.327
298.671 377.606
300.118 353.163
300.996 375.288
301.39 338.523
302.585 360.149
303.038 377.79
303.779 378.984
304.234 301.891
305.172 359.986
305.648 303.526
307.581 397.806
308.518 400.249
309.301 336.652
309.991 306.869
310.802 389.039
311.134 343.202
311.648 387.505
312.849 337.028
313.275 394.552
313.773 392.062
314.734 372.732
315.007 365.965
317.379 371.384
317.912 382.673
318.992 315.658
319.649 372.035
320.654 321.73
321.207 387.65
321.734 373.914
322.403 326.447
323.134 398.075
324.948 366.022
325.339 347.075
326.037 371.664
327.784 334.158
328.515 323.344
329.41 340.427
330.088 350.123
330.401 371.878
331.529 351.491
332.463 327.332
334.078 339.272
334.874 311.798
335.542 367.419
337.687 384.806
338.011 390.244
339.267 342.463
339.761 334.525
340.794 318.997
341.5 322.826
342.018 342.896
342.468 358.592
342.961 346.798
343.296 315.26
343.613 386.365
343.854 369.105
344.749 348.701
345.608 349.167
347.346 373.371
347.688 359.336
348.557 397.396
349.286 394.957
349.841 331.45
351.698 350.463
353.635 338.307
354.384 365.922
355.433 317.592
356.506 324.225
356.941 374.429
357.544 360.146
358.707 394.035
359.02 386.164
359.226 369.82
359.884 365.271
360.191 319.999
360.986 370.84
361.176 323.365
361.983 340.434
363.552 350.567
364.138 389.774
364.31 400.75
364.868 371.305
365.271 394.511
367.192 377.158
368.095 322.415
368.875 381.008
370.46 385.538
371.19 373.831
373.018 364.119
373.965 322.584
374.933 379.476
375.286 385.352
376.258 337.189
379.053 325.039
379.967 376.652
381.251 382.6
382.274 330.678
382.877 361.738
383.532 392.374
385.117 359.703
386.335 338.236
386.801 364.83
387.565 393.354
387.701 383.558
388.808 325.055
389.141 383.174
389.596 366.305
390.214 325.705
391.248 391.097
392.615 351.181
392.911 350.535
394.155 345.312
395.88 377.841
396.936 371.517
397.628 321.44
398.174 386.012
399.255 393.952
400.306 357.416
401.899 349.845
404.031 348.756
404.279 389.834
405.065 348.706
406.237 362.886
406.969 352.447
408.012 393.706
408.556 383.086
409.45 398.005
410.003 346.277
410.776 351.986
412.663 382.547
413.546 365.278
415.726 363.253
417.072 375.138
417.484 355.655
418.502 373.409
420.889 384.816
421.985 369.462
424.566 372.556
425.837 342.892
427.491 356.414
429.937 337.217
430.432 351.46
431.508 375.668
432.453 387.599
433.123 365.432
434.134 370.212
434.78 349.47
435.925 369.221
436.832 390.254
438.054 344.923
438.312 354.268
440.18 344.595
441.388 374.623
443.013 375.385
445.226 339.88
446.536 337.299
446.721 350.344
447.578 342.993
451.617 372.611
453.138 368.993
454.069 369.96
456.558 342.868
458.943 375.9
460.569 367.608
461.574 358.047
462.669 356.61
463.312 352.626
465.684 360.702
466.62 368.253
468.655 352.672
504.028 55.227
510.743 61.946
513.031 52.542
513.689 53.478
516.584 62.239
517.117 61.721
519.542 71.158
519.789 66.485
519.829 81.693
520.208 53.968
520.663 84.578
521.054 64.937
523.901 80.038
524.201 63.799
524.789 72.777
526.183 92.373
527.265 65.492
528.743 59.36
530.023 98.811
533.453 90.643
533.642 88.332
534.593 81.006
536.044 62.266
537.817 72.697
538.113 64.413
538.659 111.169
539.337 75.1
540.131 73.454
540.19 76.69
541.149 109.533
541.823 89.65
542.869 65.846
543.921 112.783
546.255 83.295
547.246 112.738
548.017 111.445
548.185 126.194
548.547 104.378
551.222 104.242
551.976 116.697
552.784 110.715
554.142 122.696
554.637 106.999
554.814 90.925
556.079 120.762
556.591 133.378
556.841 121.529
557.139 125.728
557.441 100.475
558.661 134.89
559.491 112.552
559.991 125.34
560.38 142.154
561.281 120.642
562.481 108.078
563.169 103.119
563.799 314.189
564.012 341.848
564.681 143.322
564.849 148.328
565.067 299.003
565.246 317.064
565.441 146.231
566.003 325.107
566.114 345.167
566.22 126.081
566.523 163.97
566.62 347.415
566.86 174.176
566.956 179.487
567.22 125.456
567.29 328.439
567.449 323.849
567.561 349.433
567.88 209.984
567.952 311.985
568.045 185.988
568.391 312.555
568.56 253.928
568.724 284.118
568.829 236.282
568.915 123.298
569.107 302.503
569.372 124.686
569.488 239.794
569.685 201.226
570.207 158.788
570.513 234.551
570.883 191.138
570.987 151.505
571.027 168.509
571.197 291.11
571.532 182.715
571.883 216.723
572.064 271.436
572.263 185.926
572.338 198.167
572.566 308.345
572.816 183.224
572.948 357.202
573.264 243.103
573.385 152.264
573.915 135.807
574.091 293.097
574.571 245.353
574.859 362.817
575.025 286.235
575.128 231.212
575.463 220.713
575.766 123.604
575.963 346.134
576.146 274.988
576.292 127.909
576.377 292.105
576.849 295.941
577.072 259.181
577.221 300.215
577.36 230.811
577.5 221.246
577.551 145.808
577.804 320.07
577.937 331.004
578.177 296.176
578.199 250.657
578.284 155.48
578.397 205.368
578.487 291.93
578.853 137.311
579.048 360.826
579.176 379.559
579.282 360.992
579.402 223.282
579.676 313.344
579.843 344.934
579.96 211.026
580.044 219.853
580.409 172.457
580.45 300.179
580.726 217.399
580.92 148.427
580.991 217.541
581.035 377.345
581.328 213.396
581.662 298.031
581.908 134.275
582.187 191.983
582.493 129.271
582.583 131.719
582.876 153.416
583.156 133.197
583.455 374.931
583.61 155.124
583.787 329.809
583.834 200.943
583.946 274.24
584.068 242.799
584.171 226.237
584.614 359.845
584.684 267.184
584.721 217.028
584.92 321.48
585.22 358.711
585.356 318.592
585.679 320.137
586.012 246.075
586.193 129.596
586.391 150.932
586.575 249.375
586.822 131.428
587.086 199.17
587.262 240.233
587.363 221.569
587.439 205.984
587.594 170.538
587.807 194.82
587.925 254.724
588.057 354.096
588.194 257.233
588.262 247.201
588.288 128.991
588.495 283.926
588.976 229.133
589.019 340.729
589.259 232.24
589.537 209.663
589.792 290.991
590.027 338.037
590.252 198.071
590.399 155.03
590.562 305.318
590.798 317.45
591.114 180.042
591.156 368.362
591.35 304.522
591.729 184.134
591.975 370.581
592.212 171.273
592.51 159.02
592.682 368.321
592.784 282.055
592.91 129.215
592.978 169.718
593.103 361.339
593.174 382.389
593.584 300.721
593.664 277.234
593.807 155.468
594.023 138.445
594.21 238.329
594.33 185.75
594.502 324.827
594.554 191.805
594.706 335.182
594.986 254.981
595.124 180.942
595.352 167.91
595.426 321.672
595.622 225.465
595.659 175.996
595.783 253.859
595.848 201.982
596.162 300.781
596.366 268.087
596.576 212.327
596.822 131.08
596.967 171.221
597.105 139.119
597.228 247.438
597.332 348.475
597.527 208.034
597.694 294.257
597.795 203.989
598.029 150.373
598.355 266.608
598.66 339.573
598.936 308.396
599.25 174.396
599.427 315.671
599.584 374.813
599.745 146.914
599.843 141.491
600.073 317.714
600.177 276.823
600.414 344.423
600.582 139.046
600.707 239.265
600.859 302.851
600.957 379.96
601.285 356.755
601.49 251.212
601.604 153.194
601.977 365.213
602.191 335.238
602.733 284.104
602.912 354.94
603.15 324.281
603.373 360.198
603.558 331.077
603.917 221.381
603.995 302.343
604.082 130.127
604.23 385.626
604.465 370.468
604.631 262.499
605.185 138.466
605.358 215.403
605.6 308.35
605.856 279.482
606.103 374.552
606.362 262.293
606.761 360.66
607.099 311.835
607.169 312.57
607.354 349.464
607.547 333.494
607.835 367.067
608.015 139.512
608.174 176.187
608.496 237.74
608.728 272.892
608.915 350.525
609.239 223.566
609.287 179.413
609.635 278.034
609.773 147.967
609.962 319.468
610.173 319.096
610.265 203.962
610.402 231.619
610.71 298.128
610.928 176.848
611.057 209.789
611.292 347.619
611.407 127.679
611.549 365.704
611.839 177.838
612.234 268.038
612.521 203.777
612.663 285.108
612.759 346.325
613.265 211.308
613.42 267.645
613.73 369.371
613.927 168.511
614.175 162.138
614.349 316.53
614.877 357.195
615.224 153.596
615.307 166.364
615.343 305.332
615.473 243.94
615.647 170.137
615.857 348.684
615.976 297.076
616.189 294.695
616.567 234.514
616.625 234.837
616.789 157.771
616.984 304.459
617.082 309.042
617.209 166.945
617.359 340.698
617.576 138.562
617.786 206.85
618.009 307.813
618.304 214.915
618.357 202.963
618.506 198.618
618.613 236.333
618.863 162.446
619.34 276.388
619.418 175.424
619.453 228.333
619.66 262.822
619.905 177.5
620.082 359.154
620.327 337.93
620.758 155.255
620.875 172.556
620.931 216.611
621.161 256.027
621.269 210.442
621.755 358.685
621.881 156.251
621.987 150.63
622.036 359.822
622.132 167.384
622.57 277.084
622.811 325.948
622.995 293.109
623.156 344.808
623.327 319.128
623.618 290.868
623.724 277.57
623.768 270.129
624.131 208.597
624.215 200.356
624.39 337.081
624.7 179.035
624.888 211.609
624.934 258.239
625.317 181.469
625.415 227.66
625.65 167.6
625.769 140.199
625.928 253.514
626.089 307.353
626.213 284.3
626.377 273.54
626.545 237.412
626.826 294.339
626.985 140.82
627.252 273.933
627.39 272.513
627.436 125.475
627.515 314.964
627.756 237.811
627.971 188.982
628.566 262.255
628.944 130.454
629.396 169.871
629.657 140.104
629.783 140.089
630.164 198.043
630.334 167.752
630.471 293.513
630.876 313.745
631.366 155.726
631.727 135.269
631.99 187.382
632.044 191.112
632.247 144.479
633.195 164.1
633.8 104.46
634.52 157.802
635.519 151.448
636.629 98.137
637.155 133.187
637.985 129.206
638.43 123.668
639.189 146.078
639.913 101.291
640.398 146.905
640.874 88.532
641.526 71.193
641.833 130.098
642.096 134.914
642.65 66.026
642.931 72.046
643.305 70.147
644.189 105.402
644.326 87.593
644.568 67.488
644.897 97.698
646.183 73.295
646.309 134.465
647.109 96.616
647.336 62.26
647.832 77.936
648.663 101.896
649.185 115.621
649.603 78.791
651.034 102.031
651.791 79.026
651.904 69.127
653.323 82.183
653.676 50.756
654.241 50.978
654.597 61.231
654.814 62.109
655.425 108.417
656.026 65.508
656.46 74.5
656.56 72.458
656.91 86.43
657.276 115.197
657.623 47.035
657.918 79.095
658.613 91.878
659.224 101.421
659.818 73.144
660.509 76.084
661.103 54.241
661.84 85.89
662.95 41.143
663.395 94.227
664.898 49.236
665.146 78.25
665.792 57.659
666.548 86.523
667.492 57.099
668.872 40.505
669.373 81.047
670.007 58.479
671.358 75.474
672.982 50.898
674.599 57.592
