1000 2
-0.3 0.5
-0.300063 0.505026
-0.300253 0.510049
-0.300568 0.515065
-0.30101 0.520072
-0.301577 0.525067
-0.30227 0.530045
-0.303087 0.535005
-0.304029 0.539942
-0.305095 0.544854
-0.306283 0.549738
-0.307594 0.55459
-0.309027 0.559408
-0.31058 0.564189
-0.312253 0.568929
-0.314045 0.573625
-0.315954 0.578275
-0.317979 0.582875
-0.320119 0.587423
-0.322373 0.591916
-0.324739 0.596351
-0.327215 0.600725
-0.329801 0.605035
-0.332494 0.609279
-0.335293 0.613454
-0.338197 0.617557
-0.341202 0.621586
-0.344308 0.625538
-0.347511 0.629411
-0.350812 0.633202
-0.354206 0.636909
-0.357693 0.64053
-0.361269 0.644062
-0.364933 0.647503
-0.368683 0.65085
-0.372515 0.654103
-0.376428 0.657258
-0.380419 0.660313
-0.384485 0.663268
-0.388625 0.666119
-0.392835 0.668866
-0.397112 0.671505
-0.401455 0.674037
-0.405859 0.676458
-0.410323 0.678768
-0.414844 0.680965
-0.419419 0.683048
-0.424044 0.685015
-0.428718 0.686866
-0.433436 0.688598
-0.438197 0.690211
-0.442996 0.691704
-0.447832 0.693076
-0.4527 0.694326
-0.457599 0.695454
-0.462524 0.696457
-0.467473 0.697337
-0.472442 0.698092
-0.477429 0.698722
-0.48243 0.699227
-0.487442 0.699605
-0.492462 0.699858
-0.497487 0.699984
-0.502513 0.699984
-0.507538 0.699858
-0.512558 0.699605
-0.51757 0.699227
-0.522571 0.698722
-0.527558 0.698092
-0.532527 0.697337
-0.537476 0.696457
-0.542401 0.695454
-0.5473 0.694326
-0.552168 0.693076
-0.557004 0.691704
-0.561803 0.690211
-0.566564 0.688598
-0.571282 0.686866
-0.575956 0.685015
-0.580581 0.683048
-0.585156 0.680965
-0.589677 0.678768
-0.594141 0.676458
-0.598545 0.674037
-0.602888 0.671505
-0.607165 0.668866
-0.611375 0.666119
-0.615515 0.663268
-0.619581 0.660313
-0.623572 0.657258
-0.627485 0.654103
-0.631317 0.65085
-0.635067 0.647503
-0.638731 0.644062
-0.642307 0.64053
-0.645794 0.636909
-0.649188 0.633202
-0.652489 0.629411
-0.655692 0.625538
-0.658798 0.621586
-0.661803 0.617557
-0.664707 0.613454
-0.667506 0.609279
-0.670199 0.605035
-0.672785 0.600725
-0.675261 0.596351
-0.677627 0.591916
-0.679881 0.587423
-0.682021 0.582875
-0.684046 0.578275
-0.685955 0.573625
-0.687747 0.568929
-0.68942 0.564189
-0.690973 0.559408
-0.692406 0.55459
-0.693717 0.549738
-0.694905 0.544854
-0.695971 0.539942
-0.696913 0.535005
-0.69773 0.530045
-0.698423 0.525067
-0.69899 0.520072
-0.699432 0.515065
-0.699747 0.510049
-0.699937 0.505026
-0.7 0.5
-0.699937 0.494974
-0.699747 0.489951
-0.699432 0.484935
-0.69899 0.479928
-0.698423 0.474933
-0.69773 0.469955
-0.696913 0.464995
-0.695971 0.460058
-0.694905 0.455146
-0.693717 0.450262
-0.692406 0.44541
-0.690973 0.440592
-0.68942 0.435811
-0.687747 0.431071
-0.685955 0.426375
-0.684046 0.421725
-0.682021 0.417125
-0.679881 0.412577
-0.677627 0.408084
-0.675261 0.403649
-0.672785 0.399275
-0.670199 0.394965
-0.667506 0.390721
-0.664707 0.386546
-0.661803 0.382443
-0.658798 0.378414
-0.655692 0.374462
-0.652489 0.370589
-0.649188 0.366798
-0.645794 0.363091
-0.642307 0.35947
-0.638731 0.355938
-0.635067 0.352497
-0.631317 0.34915
-0.627485 0.345897
-0.623572 0.342742
-0.619581 0.339687
-0.615515 0.336732
-0.611375 0.333881
-0.607165 0.331134
-0.602888 0.328495
-0.598545 0.325963
-0.594141 0.323542
-0.589677 0.321232
-0.585156 0.319035
-0.580581 0.316952
-0.575956 0.314985
-0.571282 0.313134
-0.566564 0.311402
-0.561803 0.309789
-0.557004 0.308296
-0.552168 0.306924
-0.5473 0.305674
-0.542401 0.304546
-0.537476 0.303543
-0.532527 0.302663
-0.527558 0.301908
-0.522571 0.301278
-0.51757 0.300773
-0.512558 0.300395
-0.507538 0.300142
-0.502513 0.300016
-0.497487 0.300016
-0.492462 0.300142
-0.487442 0.300395
-0.48243 0.300773
-0.477429 0.301278
-0.472442 0.301908
-0.467473 0.302663
-0.462524 0.303543
-0.457599 0.304546
-0.4527 0.305674
-0.447832 0.306924
-0.442996 0.308296
-0.438197 0.309789
-0.433436 0.311402
-0.428718 0.313134
-0.424044 0.314985
-0.419419 0.316952
-0.414844 0.319035
-0.410323 0.321232
-0.405859 0.323542
-0.401455 0.325963
-0.397112 0.328495
-0.392835 0.331134
-0.388625 0.333881
-0.384485 0.336732
-0.380419 0.339687
-0.376428 0.342742
-0.372515 0.345897
-0.368683 0.34915
-0.364933 0.352497
-0.361269 0.355938
-0.357693 0.35947
-0.354206 0.363091
-0.350812 0.366798
-0.347511 0.370589
-0.344308 0.374462
-0.341202 0.378414
-0.338197 0.382443
-0.335293 0.386546
-0.332494 0.390721
-0.329801 0.394965
-0.327215 0.399275
-0.324739 0.403649
-0.322373 0.408084
-0.320119 0.412577
-0.317979 0.417125
-0.315954 0.421725
-0.314045 0.426375
-0.312253 0.431071
-0.31058 0.435811
-0.309027 0.440592
-0.307594 0.44541
-0.306283 0.450262
-0.305095 0.455146
-0.304029 0.460058
-0.303087 0.464995
-0.30227 0.469955
-0.301577 0.474933
-0.30101 0.479928
-0.300568 0.484935
-0.300253 0.489951
-0.300063 0.494974
-0.32 0.5
-0.320057 0.504523
-0.320227 0.509044
-0.320511 0.513559
-0.320909 0.518065
-0.321419 0.52256
-0.322043 0.527041
-0.322778 0.531504
-0.323626 0.535948
-0.324585 0.540369
-0.325655 0.544764
-0.326835 0.549131
-0.328124 0.553467
-0.329522 0.55777
-0.331028 0.562036
-0.33264 0.566262
-0.334358 0.570447
-0.336181 0.574588
-0.338107 0.578681
-0.340135 0.582724
-0.342265 0.586716
-0.344494 0.590652
-0.346821 0.594531
-0.349245 0.598351
-0.351764 0.602108
-0.354377 0.605801
-0.357082 0.609427
-0.359877 0.612984
-0.36276 0.61647
-0.365731 0.619882
-0.368786 0.623218
-0.371924 0.626477
-0.375142 0.629656
-0.37844 0.632752
-0.381815 0.635765
-0.385264 0.638692
-0.388785 0.641532
-0.392377 0.644282
-0.396037 0.646941
-0.399762 0.649507
-0.403551 0.651979
-0.407401 0.654355
-0.411309 0.656633
-0.415273 0.658812
-0.419291 0.660891
-0.42336 0.662869
-0.427477 0.664743
-0.43164 0.666514
-0.435846 0.668179
-0.440092 0.669738
-0.444377 0.67119
-0.448697 0.672534
-0.453049 0.673769
-0.45743 0.674894
-0.461839 0.675908
-0.466271 0.676812
-0.470725 0.677603
-0.475198 0.678283
-0.479686 0.67885
-0.484187 0.679304
-0.488698 0.679645
-0.493216 0.679872
-0.497738 0.679986
-0.502262 0.679986
-0.506784 0.679872
-0.511302 0.679645
-0.515813 0.679304
-0.520314 0.67885
-0.524802 0.678283
-0.529275 0.677603
-0.533729 0.676812
-0.538161 0.675908
-0.54257 0.674894
-0.546951 0.673769
-0.551303 0.672534
-0.555623 0.67119
-0.559908 0.669738
-0.564154 0.668179
-0.56836 0.666514
-0.572523 0.664743
-0.57664 0.662869
-0.580709 0.660891
-0.584727 0.658812
-0.588691 0.656633
-0.592599 0.654355
-0.596449 0.651979
-0.600238 0.649507
-0.603963 0.646941
-0.607623 0.644282
-0.611215 0.641532
-0.614736 0.638692
-0.618185 0.635765
-0.62156 0.632752
-0.624858 0.629656
-0.628076 0.626477
-0.631214 0.623218
-0.634269 0.619882
-0.63724 0.61647
-0.640123 0.612984
-0.642918 0.609427
-0.645623 0.605801
-0.648236 0.602108
-0.650755 0.598351
-0.653179 0.594531
-0.655506 0.590652
-0.657735 0.586716
-0.659865 0.582724
-0.661893 0.578681
-0.663819 0.574588
-0.665642 0.570447
-0.66736 0.566262
-0.668972 0.562036
-0.670478 0.55777
-0.671876 0.553467
-0.673165 0.549131
-0.674345 0.544764
-0.675415 0.540369
-0.676374 0.535948
-0.677222 0.531504
-0.677957 0.527041
-0.678581 0.52256
-0.679091 0.518065
-0.679489 0.513559
-0.679773 0.509044
-0.679943 0.504523
-0.68 0.5
-0.679943 0.495477
-0.679773 0.490956
-0.679489 0.486441
-0.679091 0.481935
-0.678581 0.47744
-0.677957 0.472959
-0.677222 0.468496
-0.676374 0.464052
-0.675415 0.459631
-0.674345 0.455236
-0.673165 0.450869
-0.671876 0.446533
-0.670478 0.44223
-0.668972 0.437964
-0.66736 0.433738
-0.665642 0.429553
-0.663819 0.425412
-0.661893 0.421319
-0.659865 0.417276
-0.657735 0.413284
-0.655506 0.409348
-0.653179 0.405469
-0.650755 0.401649
-0.648236 0.397892
-0.645623 0.394199
-0.642918 0.390573
-0.640123 0.387016
-0.63724 0.38353
-0.634269 0.380118
-0.631214 0.376782
-0.628076 0.373523
-0.624858 0.370344
-0.62156 0.367248
-0.618185 0.364235
-0.614736 0.361308
-0.611215 0.358468
-0.607623 0.355718
-0.603963 0.353059
-0.600238 0.350493
-0.596449 0.348021
-0.592599 0.345645
-0.588691 0.343367
-0.584727 0.341188
-0.580709 0.339109
-0.57664 0.337131
-0.572523 0.335257
-0.56836 0.333486
-0.564154 0.331821
-0.559908 0.330262
-0.555623 0.32881
-0.551303 0.327466
-0.546951 0.326231
-0.54257 0.325106
-0.538161 0.324092
-0.533729 0.323188
-0.529275 0.322397
-0.524802 0.321717
-0.520314 0.32115
-0.515813 0.320696
-0.511302 0.320355
-0.506784 0.320128
-0.502262 0.320014
-0.497738 0.320014
-0.493216 0.320128
-0.488698 0.320355
-0.484187 0.320696
-0.479686 0.32115
-0.475198 0.321717
-0.470725 0.322397
-0.466271 0.323188
-0.461839 0.324092
-0.45743 0.325106
-0.453049 0.326231
-0.448697 0.327466
-0.444377 0.32881
-0.440092 0.330262
-0.435846 0.331821
-0.43164 0.333486
-0.427477 0.335257
-0.42336 0.337131
-0.419291 0.339109
-0.415273 0.341188
-0.411309 0.343367
-0.407401 0.345645
-0.403551 0.348021
-0.399762 0.350493
-0.396037 0.353059
-0.392377 0.355718
-0.388785 0.358468
-0.385264 0.361308
-0.381815 0.364235
-0.37844 0.367248
-0.375142 0.370344
-0.371924 0.373523
-0.368786 0.376782
-0.365731 0.380118
-0.36276 0.38353
-0.359877 0.387016
-0.357082 0.390573
-0.354377 0.394199
-0.351764 0.397892
-0.349245 0.401649
-0.346821 0.405469
-0.344494 0.409348
-0.342265 0.413284
-0.340135 0.417276
-0.338107 0.421319
-0.336181 0.425412
-0.334358 0.429553
-0.33264 0.433738
-0.331028 0.437964
-0.329522 0.44223
-0.328124 0.446533
-0.326835 0.450869
-0.325655 0.455236
-0.324585 0.459631
-0.323626 0.464052
-0.322778 0.468496
-0.322043 0.472959
-0.321419 0.47744
-0.320909 0.481935
-0.320511 0.486441
-0.320227 0.490956
-0.320057 0.495477
-0.47 0.5
-0.470009 0.500754
-0.470038 0.501507
-0.470085 0.50226
-0.470151 0.503011
-0.470237 0.50376
-0.47034 0.504507
-0.470463 0.505251
-0.470604 0.505991
-0.470764 0.506728
-0.470943 0.507461
-0.471139 0.508189
-0.471354 0.508911
-0.471587 0.509628
-0.471838 0.510339
-0.472107 0.511044
-0.472393 0.511741
-0.472697 0.512431
-0.473018 0.513113
-0.473356 0.513787
-0.473711 0.514453
-0.474082 0.515109
-0.47447 0.515755
-0.474874 0.516392
-0.475294 0.517018
-0.475729 0.517634
-0.47618 0.518238
-0.476646 0.518831
-0.477127 0.519412
-0.477622 0.51998
-0.478131 0.520536
-0.478654 0.521079
-0.47919 0.521609
-0.47974 0.522125
-0.480302 0.522628
-0.480877 0.523115
-0.481464 0.523589
-0.482063 0.524047
-0.482673 0.52449
-0.483294 0.524918
-0.483925 0.52533
-0.484567 0.525726
-0.485218 0.526106
-0.485879 0.526469
-0.486549 0.526815
-0.487227 0.527145
-0.487913 0.527457
-0.488607 0.527752
-0.489308 0.52803
-0.490015 0.52829
-0.490729 0.528532
-0.491449 0.528756
-0.492175 0.528961
-0.492905 0.529149
-0.49364 0.529318
-0.494379 0.529469
-0.495121 0.529601
-0.495866 0.529714
-0.496614 0.529808
-0.497364 0.529884
-0.498116 0.529941
-0.498869 0.529979
-0.499623 0.529998
-0.500377 0.529998
-0.501131 0.529979
-0.501884 0.529941
-0.502636 0.529884
-0.503386 0.529808
-0.504134 0.529714
-0.504879 0.529601
-0.505621 0.529469
-0.50636 0.529318
-0.507095 0.529149
-0.507825 0.528961
-0.508551 0.528756
-0.509271 0.528532
-0.509985 0.52829
-0.510692 0.52803
-0.511393 0.527752
-0.512087 0.527457
-0.512773 0.527145
-0.513451 0.526815
-0.514121 0.526469
-0.514782 0.526106
-0.515433 0.525726
-0.516075 0.52533
-0.516706 0.524918
-0.517327 0.52449
-0.517937 0.524047
-0.518536 0.523589
-0.519123 0.523115
-0.519698 0.522628
-0.52026 0.522125
-0.52081 0.521609
-0.521346 0.521079
-0.521869 0.520536
-0.522378 0.51998
-0.522873 0.519412
-0.523354 0.518831
-0.52382 0.518238
-0.524271 0.517634
-0.524706 0.517018
-0.525126 0.516392
-0.52553 0.515755
-0.525918 0.515109
-0.526289 0.514453
-0.526644 0.513787
-0.526982 0.513113
-0.527303 0.512431
-0.527607 0.511741
-0.527893 0.511044
-0.528162 0.510339
-0.528413 0.509628
-0.528646 0.508911
-0.528861 0.508189
-0.529057 0.507461
-0.529236 0.506728
-0.529396 0.505991
-0.529537 0.505251
-0.52966 0.504507
-0.529763 0.50376
-0.529849 0.503011
-0.529915 0.50226
-0.529962 0.501507
-0.529991 0.500754
-0.53 0.5
-0.529991 0.499246
-0.529962 0.498493
-0.529915 0.49774
-0.529849 0.496989
-0.529763 0.49624
-0.52966 0.495493
-0.529537 0.494749
-0.529396 0.494009
-0.529236 0.493272
-0.529057 0.492539
-0.528861 0.491811
-0.528646 0.491089
-0.528413 0.490372
-0.528162 0.489661
-0.527893 0.488956
-0.527607 0.488259
-0.527303 0.487569
-0.526982 0.486887
-0.526644 0.486213
-0.526289 0.485547
-0.525918 0.484891
-0.52553 0.484245
-0.525126 0.483608
-0.524706 0.482982
-0.524271 0.482366
-0.52382 0.481762
-0.523354 0.481169
-0.522873 0.480588
-0.522378 0.48002
-0.521869 0.479464
-0.521346 0.478921
-0.52081 0.478391
-0.52026 0.477875
-0.519698 0.477372
-0.519123 0.476885
-0.518536 0.476411
-0.517937 0.475953
-0.517327 0.47551
-0.516706 0.475082
-0.516075 0.47467
-0.515433 0.474274
-0.514782 0.473894
-0.514121 0.473531
-0.513451 0.473185
-0.512773 0.472855
-0.512087 0.472543
-0.511393 0.472248
-0.510692 0.47197
-0.509985 0.47171
-0.509271 0.471468
-0.508551 0.471244
-0.507825 0.471039
-0.507095 0.470851
-0.50636 0.470682
-0.505621 0.470531
-0.504879 0.470399
-0.504134 0.470286
-0.503386 0.470192
-0.502636 0.470116
-0.501884 0.470059
-0.501131 0.470021
-0.500377 0.470002
-0.499623 0.470002
-0.498869 0.470021
-0.498116 0.470059
-0.497364 0.470116
-0.496614 0.470192
-0.495866 0.470286
-0.495121 0.470399
-0.494379 0.470531
-0.49364 0.470682
-0.492905 0.470851
-0.492175 0.471039
-0.491449 0.471244
-0.490729 0.471468
-0.490015 0.47171
-0.489308 0.47197
-0.488607 0.472248
-0.487913 0.472543
-0.487227 0.472855
-0.486549 0.473185
-0.485879 0.473531
-0.485218 0.473894
-0.484567 0.474274
-0.483925 0.47467
-0.483294 0.475082
-0.482673 0.47551
-0.482063 0.475953
-0.481464 0.476411
-0.480877 0.476885
-0.480302 0.477372
-0.47974 0.477875
-0.47919 0.478391
-0.478654 0.478921
-0.478131 0.479464
-0.477622 0.48002
-0.477127 0.480588
-0.476646 0.481169
-0.47618 0.481762
-0.475729 0.482366
-0.475294 0.482982
-0.474874 0.483608
-0.47447 0.484245
-0.474082 0.484891
-0.473711 0.485547
-0.473356 0.486213
-0.473018 0.486887
-0.472697 0.487569
-0.472393 0.488259
-0.472107 0.488956
-0.471838 0.489661
-0.471587 0.490372
-0.471354 0.491089
-0.471139 0.491811
-0.470943 0.492539
-0.470764 0.493272
-0.470604 0.494009
-0.470463 0.494749
-0.47034 0.495493
-0.470237 0.49624
-0.470151 0.496989
-0.470085 0.49774
-0.470038 0.498493
-0.470009 0.499246
-0.49 0.5
-0.490003 0.500251
-0.490013 0.500502
-0.490028 0.500753
-0.49005 0.501004
-0.490079 0.501253
-0.490113 0.501502
-0.490154 0.50175
-0.490201 0.501997
-0.490255 0.502243
-0.490314 0.502487
-0.49038 0.50273
-0.490451 0.50297
-0.490529 0.503209
-0.490613 0.503446
-0.490702 0.503681
-0.490798 0.503914
-0.490899 0.504144
-0.491006 0.504371
-0.491119 0.504596
-0.491237 0.504818
-0.491361 0.505036
-0.49149 0.505252
-0.491625 0.505464
-0.491765 0.505673
-0.49191 0.505878
-0.49206 0.506079
-0.492215 0.506277
-0.492376 0.506471
-0.492541 0.50666
-0.49271 0.506845
-0.492885 0.507026
-0.493063 0.507203
-0.493247 0.507375
-0.493434 0.507543
-0.493626 0.507705
-0.493821 0.507863
-0.494021 0.508016
-0.494224 0.508163
-0.494431 0.508306
-0.494642 0.508443
-0.494856 0.508575
-0.495073 0.508702
-0.495293 0.508823
-0.495516 0.508938
-0.495742 0.509048
-0.495971 0.509152
-0.496202 0.509251
-0.496436 0.509343
-0.496672 0.50943
-0.49691 0.509511
-0.49715 0.509585
-0.497392 0.509654
-0.497635 0.509716
-0.49788 0.509773
-0.498126 0.509823
-0.498374 0.509867
-0.498622 0.509905
-0.498871 0.509936
-0.499121 0.509961
-0.499372 0.50998
-0.499623 0.509993
-0.499874 0.509999
-0.500126 0.509999
-0.500377 0.509993
-0.500628 0.50998
-0.500879 0.509961
-0.501129 0.509936
-0.501378 0.509905
-0.501626 0.509867
-0.501874 0.509823
-0.50212 0.509773
-0.502365 0.509716
-0.502608 0.509654
-0.50285 0.509585
-0.50309 0.509511
-0.503328 0.50943
-0.503564 0.509343
-0.503798 0.509251
-0.504029 0.509152
-0.504258 0.509048
-0.504484 0.508938
-0.504707 0.508823
-0.504927 0.508702
-0.505144 0.508575
-0.505358 0.508443
-0.505569 0.508306
-0.505776 0.508163
-0.505979 0.508016
-0.506179 0.507863
-0.506374 0.507705
-0.506566 0.507543
-0.506753 0.507375
-0.506937 0.507203
-0.507115 0.507026
-0.50729 0.506845
-0.507459 0.50666
-0.507624 0.506471
-0.507785 0.506277
-0.50794 0.506079
-0.50809 0.505878
-0.508235 0.505673
-0.508375 0.505464
-0.50851 0.505252
-0.508639 0.505036
-0.508763 0.504818
-0.508881 0.504596
-0.508994 0.504371
-0.509101 0.504144
-0.509202 0.503914
-0.509298 0.503681
-0.509387 0.503446
-0.509471 0.503209
-0.509549 0.50297
-0.50962 0.50273
-0.509686 0.502487
-0.509745 0.502243
-0.509799 0.501997
-0.509846 0.50175
-0.509887 0.501502
-0.509921 0.501253
-0.50995 0.501004
-0.509972 0.500753
-0.509987 0.500502
-0.509997 0.500251
-0.51 0.5
-0.509997 0.499749
-0.509987 0.499498
-0.509972 0.499247
-0.50995 0.498996
-0.509921 0.498747
-0.509887 0.498498
-0.509846 0.49825
-0.509799 0.498003
-0.509745 0.497757
-0.509686 0.497513
-0.50962 0.49727
-0.509549 0.49703
-0.509471 0.496791
-0.509387 0.496554
-0.509298 0.496319
-0.509202 0.496086
-0.509101 0.495856
-0.508994 0.495629
-0.508881 0.495404
-0.508763 0.495182
-0.508639 0.494964
-0.50851 0.494748
-0.508375 0.494536
-0.508235 0.494327
-0.50809 0.494122
-0.50794 0.493921
-0.507785 0.493723
-0.507624 0.493529
-0.507459 0.49334
-0.50729 0.493155
-0.507115 0.492974
-0.506937 0.492797
-0.506753 0.492625
-0.506566 0.492457
-0.506374 0.492295
-0.506179 0.492137
-0.505979 0.491984
-0.505776 0.491837
-0.505569 0.491694
-0.505358 0.491557
-0.505144 0.491425
-0.504927 0.491298
-0.504707 0.491177
-0.504484 0.491062
-0.504258 0.490952
-0.504029 0.490848
-0.503798 0.490749
-0.503564 0.490657
-0.503328 0.49057
-0.50309 0.490489
-0.50285 0.490415
-0.502608 0.490346
-0.502365 0.490284
-0.50212 0.490227
-0.501874 0.490177
-0.501626 0.490133
-0.501378 0.490095
-0.501129 0.490064
-0.500879 0.490039
-0.500628 0.49002
-0.500377 0.490007
-0.500126 0.490001
-0.499874 0.490001
-0.499623 0.490007
-0.499372 0.49002
-0.499121 0.490039
-0.498871 0.490064
-0.498622 0.490095
-0.498374 0.490133
-0.498126 0.490177
-0.49788 0.490227
-0.497635 0.490284
-0.497392 0.490346
-0.49715 0.490415
-0.49691 0.490489
-0.496672 0.49057
-0.496436 0.490657
-0.496202 0.490749
-0.495971 0.490848
-0.495742 0.490952
-0.495516 0.491062
-0.495293 0.491177
-0.495073 0.491298
-0.494856 0.491425
-0.494642 0.491557
-0.494431 0.491694
-0.494224 0.491837
-0.494021 0.491984
-0.493821 0.492137
-0.493626 0.492295
-0.493434 0.492457
-0.493247 0.492625
-0.493063 0.492797
-0.492885 0.492974
-0.49271 0.493155
-0.492541 0.49334
-0.492376 0.493529
-0.492215 0.493723
-0.49206 0.493921
-0.49191 0.494122
-0.491765 0.494327
-0.491625 0.494536
-0.49149 0.494748
-0.491361 0.494964
-0.491237 0.495182
-0.491119 0.495404
-0.491006 0.495629
-0.490899 0.495856
-0.490798 0.496086
-0.490702 0.496319
-0.490613 0.496554
-0.490529 0.496791
-0.490451 0.49703
-0.49038 0.49727
-0.490314 0.497513
-0.490255 0.497757
-0.490201 0.498003
-0.490154 0.49825
-0.490113 0.498498
-0.490079 0.498747
-0.49005 0.498996
-0.490028 0.499247
-0.490013 0.499498
-0.490003 0.499749
