3000 2
7.58859 1.35137
-7.5016 0.536143
-9.05113 -2.40333
7.19311 -5.32045
-0.778891 9.18315
1.24272 6.46307
4.79006 6.59126
-0.65149 -9.59093
5.17691 8.4009
-6.06384 5.05089
-8.72013 0.815354
3.66194 6.30387
-2.82294 -5.22962
5.79075 5.09581
5.34556 2.83135
1.07067 -5.2708
-6.3998 -1.48529
-3.29536 -5.07341
-8.74271 1.33427
5.15935 -6.75606
-6.37003 -1.05832
-7.1684 0.617811
3.55363 5.84906
5.14664 -0.364442
-5.18104 2.3373
2.94633 -1.03125
3.71296 3.74007
-0.633286 -3.63625
5.62124 -3.85959
-6.11654 -0.650556
6.10438 -3.68123
-3.28985 7.55747
-1.68207 9.47039
-5.08338 3.59612
-0.0860008 -5.4159
-5.0722 -8.50356
0.685169 -4.36534
-8.3419 -2.35208
-3.3232 6.92302
-4.85943 7.59606
6.97555 -1.849
3.80482 7.67642
-2.36873 8.67654
-8.29031 4.74467
4.49782 -5.13979
-4.37552 0.60231
3.02741 1.75753
-1.27597 -5.20494
0.500507 -7.98658
6.84694 -3.50158
-3.38259 8.88547
-1.92489 8.34487
-1.51697 4.36878
6.0836 7.10695
6.58507 -4.65909
-5.24193 -1.07976
-6.78072 -3.51561
-6.83744 3.21008
-8.2621 -1.17661
4.75724 -5.06305
5.26002 5.19353
0.973943 9.06473
-9.06309 -3.27195
8.30699 -4.38988
-0.777788 7.71928
-2.02908 -2.77974
0.935513 3.17169
1.94964 7.59441
6.39015 -0.701341
-7.44211 0.421027
1.72645 -3.53022
7.66924 -3.09799
9.7484 1.41817
-4.8573 3.34175
4.77685 4.56327
-5.10164 -3.20946
-7.3918 5.98368
7.76314 -4.82877
2.88249 6.00859
6.33115 7.58763
5.37885 2.28809
-5.74748 2.14811
3.2041 -8.62496
0.320337 3.89911
2.655 2.51102
6.46891 3.01585
7.38589 -5.38264
-6.07221 4.32212
1.94401 -6.96269
-1.67704 -6.04583
7.7257 5.85429
-6.9853 -1.94016
-3.38114 -6.83369
6.22107 -2.53209
3.1358 3.44828
-4.78684 7.5262
-7.11257 -0.951365
-3.71291 -2.82047
-3.67661 7.2616
5.76926 4.00999
-4.10902 -0.367189
-7.46819 2.14466
5.31934 2.1094
-4.97188 -2.39871
4.96343 0.418819
7.9702 -4.86076
5.2596 -1.87181
0.561452 -3.67169
3.34187 6.73031
-3.60481 -6.01322
-4.13653 -2.61619
-9.38299 0.146041
-5.48194 5.00103
-7.66494 -4.71846
-3.21358 9.40295
-4.54366 -5.25545
-8.29209 -5.20105
5.97059 7.70333
0.848198 -4.33093
0.684009 -3.86396
-1.58728 2.5482
7.64656 -4.34689
-6.90539 1.07514
9.85545 0.613118
4.6751 -5.64101
-1.78772 -6.28458
-4.98514 -5.3308
5.268 -0.726523
9.32474 0.959867
-7.52297 1.47797
0.304434 -3.375
-3.55927 -0.638444
5.76224 5.9561
4.11009 -1.71982
-4.96922 2.26012
5.89014 -4.49167
-7.12078 1.12829
3.107 -0.720821
5.16427 -4.11711
3.68314 2.57147
-1.28104 9.51221
3.25363 3.77014
4.8226 -6.58814
-6.93172 -1.33449
-8.75573 2.51165
-6.67428 5.34118
6.16196 4.0714
7.97871 -1.84685
-0.0148101 -8.91353
9.1272 0.914945
-2.5217 -2.16054
-2.42294 -2.42147
3.26759 -1.56196
8.06211 -0.150064
3.98113 -9.06499
4.7747 8.45632
5.31276 -8.3634
-3.70228 -4.21584
4.40207 5.64678
5.39187 1.2029
-1.10139 8.96335
6.94693 -2.96519
4.01634 2.55719
-1.32956 -5.95665
6.54131 -0.16812
-5.58814 0.157294
3.64478 -2.2564
-3.2604 2.48751
3.66144 -2.13561
-6.65824 -4.99563
-1.63323 -9.65492
0.581003 4.90966
-3.30628 -8.71212
-4.55748 2.49376
4.0269 0.14549
1.68802 -9.51529
-3.48747 6.07437
-8.06475 -4.20213
-5.14908 -0.504545
0.112863 -3.10559
4.41077 -8.17183
-3.90892 2.74718
-8.10986 -2.39949
2.86048 -3.93919
-5.99171 -2.62933
6.49607 -0.54106
-9.17128 -1.72666
0.0625077 -9.43241
-7.66384 -6.18468
-5.94672 -6.52145
-6.66377 2.0955
-0.9161 3.10792
-5.21522 7.83014
-5.69415 -1.58454
8.64145 -3.18093
-1.91393 -7.46106
1.95557 7.33366
-3.14314 -6.73269
3.67139 4.97224
8.42845 -2.98994
8.14561 3.32409
9.91487 -0.727138
-1.00528 4.2333
0.827774 -7.60503
2.25179 5.82176
6.34469 -4.87289
1.37016 8.2866
-7.05024 6.5515
-4.18191 -5.32765
-1.8511 8.53889
-7.16391 -3.85021
9.48549 2.58935
-0.776169 -5.06687
1.16785 8.0466
-8.45271 -4.6415
0.999108 -7.99984
6.70061 -2.7816
-8.50246 -0.867609
3.52787 -7.07016
-8.11188 3.65989
-8.20744 -2.47309
-5.16663 4.38232
-6.29506 -1.01647
3.81424 5.99949
-6.57576 1.20557
1.95699 -8.79936
9.23407 -2.96634
-2.39529 2.38989
6.83159 -1.52853
-9.93993 -0.459255
8.7201 -1.30294
-3.09148 1.42689
1.66564 -5.64997
0.937391 -5.2619
3.28702 4.98922
-6.12727 -0.996244
-3.87065 5.97362
-1.39271 -7.33582
6.8028 -5.30975
-0.97604 -4.3028
2.80273 5.42088
1.42053 -5.1629
7.21868 4.29839
2.99437 6.39445
-8.4915 3.32944
-2.18585 2.46303
-3.81125 4.27992
-7.3196 -0.59787
-8.39547 -2.6713
3.40421 -5.48304
6.56477 -5.97096
6.04825 -6.98334
-9.06753 2.05948
-6.37608 -2.75103
3.42758 7.30334
7.19947 1.47302
-2.93683 0.710313
-1.76614 -3.44158
-2.66637 6.37468
7.53761 4.63896
-1.53112 6.54076
-9.484 2.35188
8.03018 3.21974
-5.75443 5.24093
4.33994 1.31422
8.10972 0.0135462
7.67151 -4.9662
-6.9397 4.51919
-5.90584 0.607632
-7.53049 -4.93824
3.02767 6.09772
4.31982 3.28253
-4.46345 2.83118
3.63912 2.62332
-3.58237 -8.89789
-6.87654 6.06695
7.15663 1.4879
7.18125 -4.67185
0.250596 -8.23852
-4.8416 7.25584
8.94612 -2.58225
0.207972 -4.60927
-7.9422 -4.47642
4.76677 -4.8136
-2.23583 2.41656
-4.91671 4.77999
-2.68966 -5.1324
-0.243671 4.62947
7.47326 3.07793
1.98579 -4.79445
-0.379837 -3.92268
-4.46867 -4.9367
8.89852 -2.5898
-6.72713 -2.84138
4.89766 -5.10108
6.21991 -1.96074
5.83825 3.46014
-5.39334 -5.82998
-4.53426 -7.32933
-4.09573 3.02603
-1.43936 8.61224
1.88776 7.63946
-3.65097 -1.86719
-1.78062 -6.81506
-0.649139 9.91251
-0.468189 -8.84743
1.30404 -2.97362
7.36097 -4.16211
7.36035 5.36996
-3.0774 -1.81104
1.7865 5.66022
-8.65568 3.96154
1.55835 -8.80819
0.669078 5.1857
-0.411533 3.36031
-3.24106 7.51975
4.5207 -0.519599
7.10028 -5.65899
3.32893 9.31299
3.4868 2.57567
1.55476 -9.19849
-7.60047 -1.06184
-6.42263 -5.13
-8.88453 -2.26005
1.9281 5.58429
-4.7826 -1.14583
1.98101 -5.16594
-4.01837 3.22999
-6.42001 -1.15488
-8.04035 5.85079
-5.84617 3.40126
5.04883 -4.33275
-0.53096 -3.84059
-8.86086 -4.39655
7.15377 -6.59199
5.72215 -7.86346
-1.19015 -2.87584
5.75369 2.22185
-2.77127 3.25459
-0.0275491 -3.01763
4.05575 4.93099
-4.78297 -7.36013
-1.65353 9.09613
-1.39612 -4.61186
8.54632 -1.96338
1.4175 3.91295
5.03105 -3.07575
1.01245 -3.75667
1.60632 -2.63268
-7.46499 -4.02776
5.39561 3.94597
-0.129924 -3.63051
-3.53138 8.07765
-0.545952 4.17833
-5.12669 -4.32995
6.53072 1.81782
-7.82533 -0.250267
-6.23888 3.16642
-1.91629 -7.06703
4.45565 6.15227
3.19224 -8.07168
-0.780436 3.20462
-5.01622 -7.60821
8.79033 -0.916777
-8.27491 3.59495
0.337432 -8.77765
-6.00093 2.40245
-3.86312 -7.40027
3.72753 8.5262
0.18012 7.2754
-2.41853 -8.25864
-2.94091 -7.8227
3.91519 2.54566
4.89642 -5.83782
3.69645 6.17757
6.44871 3.38789
0.346567 4.75489
-4.48808 8.91376
-6.39282 -4.07848
-7.0588 2.83118
3.69234 -2.91972
-6.97315 2.34702
6.37219 -2.6004
-5.00462 7.35948
-1.30248 9.21716
-8.30097 5.53225
0.444543 -8.57107
6.10597 2.96364
-7.84638 5.83662
-3.94139 -2.86643
3.92805 -1.20315
9.62206 -2.11702
-0.775173 -8.32579
-1.6156 6.61526
2.7044 -7.17334
-2.39148 6.41898
3.78394 -3.26658
-1.48064 -5.13654
-9.79834 -0.632073
-3.25826 -1.54751
6.13168 -4.8835
3.01628 -5.32134
4.15911 2.07912
3.68805 5.11118
3.58632 -4.74201
5.65795 -6.7712
-3.48201 -2.14548
0.838319 9.63547
3.294 2.19928
3.2493 -9.00945
-1.89993 7.95127
-2.93051 6.94999
8.46204 1.45298
-1.78427 -8.26614
-2.43517 -7.89121
-7.60388 1.59372
5.68062 -5.77415
-0.764528 -9.42986
-7.69589 -4.81764
9.36141 -2.84285
1.29323 -4.74355
-4.84169 5.71139
-9.80906 -0.895897
2.65197 -8.26099
-2.39645 2.83367
5.46809 2.11659
-6.54358 2.07859
-5.14995 4.74854
8.72018 0.0100145
8.31319 -0.166594
-5.74127 6.55485
7.28229 -6.49685
7.36725 1.29774
-8.83669 1.75022
-4.05339 -5.30249
1.11172 4.68485
-1.74948 -3.50018
-4.20705 -7.85752
-1.32662 3.51633
-1.00774 2.86718
-5.2715 1.81697
-2.14836 -7.55635
0.460972 7.55999
0.762523 -4.27393
8.10352 -4.16607
-3.95978 8.0258
-0.168022 -3.94304
6.00133 4.41291
7.70848 -3.65767
5.571 -8.23405
-9.68889 -1.13351
-2.39478 -9.02255
-2.015 -6.03269
8.50382 3.71967
-3.53673 -1.87066
-0.18067 3.47133
-3.74037 -4.3363
4.35571 6.48476
9.35549 -2.25354
4.6733 4.08628
-1.85547 -4.8485
-8.80561 4.05534
-1.93195 9.73061
2.33284 8.04578
5.50564 -6.70661
1.96419 -7.9239
3.01834 9.21705
2.52124 -5.59586
-9.67215 0.107849
-7.3768 -1.87684
-4.03909 -5.06942
-1.75838 6.95543
-0.00904426 7.99305
-0.85181 3.63415
-0.908771 6.28041
1.13445 6.69431
-8.64905 -4.58486
-3.70523 6.20489
5.66797 1.4912
2.67115 -5.96938
-7.3424 -3.76517
-1.19628 -5.83799
0.920433 9.72412
-6.75908 0.186101
7.80746 -0.0684961
8.78655 -4.40131
7.17203 0.351327
4.75432 5.84401
0.284069 -5.64732
5.41355 5.57283
2.54831 9.47793
-4.50447 -6.59463
4.09705 -0.881479
4.98016 1.5348
-4.58111 5.21442
-1.24923 4.16123
-2.20994 -2.53843
-3.36418 -1.72673
-1.11442 9.91501
-5.201 6.73288
-0.516106 5.80243
1.41324 -7.62288
2.29382 -7.73853
-1.48485 4.15394
-4.7759 -8.48493
-6.29716 3.67127
2.97667 8.92323
-7.23499 1.53498
-1.12642 8.22572
-3.84819 3.46117
-8.19552 -2.06356
-4.6588 -0.481617
5.4645 1.89189
-2.97712 3.56377
-3.78012 7.57993
-4.11454 6.98378
-3.56958 6.06085
4.75109 -8.37786
-6.66597 5.11998
-8.56543 0.875314
-8.59049 -0.32767
-7.1494 -0.023904
-3.62006 -2.33933
2.84132 -5.8866
3.98617 -4.50842
6.93007 -6.30637
8.85707 0.835633
4.48436 8.64042
-0.464998 4.77322
3.52119 0.658229
2.85587 -1.36859
-1.94492 -8.32394
-0.382266 -4.75066
-4.31795 8.25288
6.21512 -2.43945
6.12709 -1.98764
-3.55658 4.49889
-2.98591 -4.24489
-3.81623 0.577061
-1.33304 -4.40664
-2.38339 2.37992
-0.714388 -6.71256
1.99515 -7.44546
4.22003 5.96794
3.22153 4.30211
5.59327 6.1314
-9.54614 -1.93638
-4.7481 -1.24349
0.669754 -3.43679
-2.18938 3.1426
-2.36875 8.40403
6.48647 -1.83987
5.67841 -2.97742
-5.4367 5.3735
-7.55034 1.48046
2.08347 -3.09282
-1.00411 3.84179
1.2143 8.74227
1.16092 -8.48585
-1.66063 9.73163
7.87048 -0.81481
5.49256 -6.55308
2.35711 -4.11491
2.29684 2.96351
-6.99616 -4.41305
2.08703 -3.29263
-1.27821 -2.80204
6.12005 -0.393874
0.161435 -6.76299
-5.61347 -5.62333
8.63357 4.49442
-2.32847 5.32971
-3.49593 3.95643
-4.34435 4.53688
-9.09738 0.294821
-4.94178 3.49608
2.70805 -5.7844
1.60343 8.78153
3.72263 6.2468
-3.0395 -4.94197
4.92656 0.69716
-2.82522 -3.51356
7.654 0.765445
4.84124 6.64679
-7.40611 5.58783
-5.35275 -3.69006
1.21931 -7.04318
5.30961 -1.43026
-1.99044 6.73816
1.41705 -3.69162
-4.97617 5.45688
-6.15221 -0.113814
7.12946 4.87154
-4.08448 -7.77838
8.83574 2.34362
-3.551 -1.57357
-6.9408 5.90527
9.88036 -0.866464
-2.65825 2.77499
-0.742722 -2.9357
-0.368187 -8.11725
-6.67832 -2.58842
-3.58612 8.0906
-1.28568 -8.391
-7.61251 -3.43861
-1.78056 -5.87527
-5.59154 2.9996
-5.76035 5.84244
-6.07686 6.1439
0.455229 -8.97452
5.28392 6.76735
-1.12169 7.68872
4.35698 7.81256
5.61272 -7.07792
8.20238 -2.62397
-0.988381 8.27681
8.37264 -1.08798
-1.44495 -5.31436
1.49955 2.87523
4.05951 8.1931
-0.907168 -6.77042
-8.55025 -3.99006
-0.881205 9.58848
7.5851 2.7555
-8.29068 -1.39903
6.58416 -0.0544925
4.14426 -7.42115
-5.77533 -5.92106
4.80072 5.66423
-1.35157 4.21672
3.77076 -4.78743
-2.28212 4.46982
4.23465 -8.28203
3.96905 7.87642
-1.0153 -4.09438
3.8664 2.51685
-9.10944 -2.35555
2.36276 -9.04081
7.40743 -3.25779
6.33913 1.68324
4.66164 8.18835
1.53841 -3.86571
-5.02621 4.54278
5.80578 -2.23893
-6.03772 4.10504
-6.63389 4.22925
0.971691 -8.7922
9.50189 -1.77594
1.44895 -7.42441
-2.07144 5.27267
-2.26874 9.34332
6.47958 2.35554
9.49363 -0.545608
7.3578 2.60371
0.479177 -6.47108
0.724016 8.52901
-5.8224 2.87934
-6.87685 0.773816
-7.07597 -5.80985
-6.2263 -5.45336
5.37309 5.51065
-2.55326 7.29271
8.52722 -3.09215
-9.75199 -1.64944
-2.06798 3.43496
6.94622 5.03808
-4.9976 5.38301
-7.77078 -3.54419
4.15951 8.94707
-6.64134 -0.994382
7.42309 -0.180491
6.48808 5.21667
-3.39841 2.99678
6.92189 -3.7324
1.70387 -3.07751
-3.64304 -8.57895
-6.1934 7.59201
-1.01196 -7.98385
-4.51698 3.15341
-0.704789 -5.39591
-9.00791 4.11931
-3.16742 5.10885
4.40548 2.89072
4.34342 -0.125284
-5.65201 6.61266
-1.06238 4.57705
6.41364 -6.02177
-5.32433 -5.9835
-3.09305 -4.89867
8.00766 4.72776
-0.511359 5.58162
-9.72803 1.01366
9.63527 0.0355659
-2.24344 -5.47054
-3.40538 5.78845
4.04796 -5.89647
-2.01864 -7.27122
-7.3348 4.09141
4.29501 6.2928
3.01162 -3.71449
-3.70436 0.766951
5.45261 2.06324
-3.12195 9.32954
0.119447 7.54769
-5.94081 -7.21187
-9.27478 -1.15225
-5.90486 -3.05247
-2.9364 7.85344
-7.2269 -2.46401
7.30904 3.03226
3.27354 -1.5513
7.3647 -1.53144
1.14072 -7.92707
4.48127 -3.21382
5.39664 1.26259
0.380122 8.70538
-8.74988 0.763108
5.56429 -1.00452
-2.93975 -8.44523
5.93105 3.22063
1.17849 6.94503
5.18149 5.21859
-8.61292 2.65296
8.24389 -4.98579
3.78554 3.5583
4.28822 -7.89471
-6.47117 -0.925843
-0.647119 3.87457
-0.128809 -4.88808
2.63155 8.40246
2.81281 -5.13839
-0.870431 -9.3278
7.60367 -5.12827
9.2235 -0.701461
-9.46272 -0.00511622
-5.98824 -4.36295
-8.1189 5.58706
1.69022 7.60941
-2.81796 -1.50077
-3.49036 -2.48575
2.05192 6.56736
-2.44962 9.27283
8.42864 0.10508
6.07931 -4.99519
5.77349 -4.92298
-0.485302 3.53679
2.83565 -1.21005
2.6649 8.90041
-5.86138 7.75996
1.58314 7.86254
5.69488 -6.16015
6.38101 5.55496
2.15551 7.67812
6.2343 -0.169132
-2.59672 -3.02541
-8.06563 0.930902
4.67491 -8.70535
9.26501 -2.94589
9.67932 0.338878
-4.47897 2.00068
5.35838 -1.73422
-7.01832 3.10186
-6.33667 -0.351868
6.15661 -5.93889
5.03105 -3.09688
2.65709 -2.22821
1.72479 8.49036
-2.55413 -7.23695
8.62353 -4.3728
6.2781 -4.02569
0.2026 5.10496
-1.01999 -3.0338
-9.02011 -0.941114
2.69477 -8.98055
3.82302 -6.48738
6.59348 -3.44853
0.546516 5.30018
0.149004 4.30989
-3.69853 -1.26882
-5.06016 -6.08313
0.883925 -3.87262
-7.19485 -3.80038
5.82741 1.23393
-1.2681 6.97805
-6.5857 -5.94095
-7.53509 -2.26214
0.203841 5.96286
-2.29157 5.59828
6.73139 -5.5752
-2.41067 3.84421
0.794291 9.64818
-2.97459 6.07097
-5.22213 -8.34574
-6.82602 -4.97501
5.07994 -1.45599
9.11053 0.605234
7.18786 6.34035
2.22198 4.78151
-4.67938 -6.25625
3.96641 3.42249
1.71729 2.56345
3.91162 2.68051
-4.54666 4.33585
-4.49111 -2.14077
5.33624 6.23087
2.16148 8.05757
3.59746 2.57228
-7.73469 3.00819
-1.33362 5.76955
-1.99531 4.8244
3.77473 1.80965
-5.15071 -8.04992
4.97523 -1.37337
-2.24754 5.57007
-3.90275 6.39774
6.78724 -6.85762
3.98956 -7.44417
5.774 3.66725
-4.60904 -4.06157
-2.77955 4.10973
-7.73219 5.07117
-8.86049 1.68579
-6.9388 -0.359791
-7.00688 -4.57357
5.31321 -0.88108
-8.3153 4.69639
-0.969018 -6.29008
2.69485 -7.71049
-3.66312 -5.98124
-6.75673 -0.299499
6.31526 0.530628
-1.73538 -6.55169
5.8287 2.97324
-8.68455 -1.2707
3.41632 -1.87848
8.43087 -2.39299
-2.04337 -2.84078
-2.56704 -4.16168
-5.29648 2.01506
7.18755 1.2122
-6.59833 1.9502
-1.56776 -9.38323
-3.99646 -8.43321
3.10399 8.82023
3.15694 -1.24191
7.14934 -1.11515
-2.25437 -9.17406
-3.69992 -4.53411
-4.81222 1.08769
0.809759 9.61607
-2.78886 7.6099
2.9495 -7.72178
0.0709771 -7.08703
8.25956 -1.56695
4.24357 1.70799
6.21748 -2.80531
-8.83202 0.180458
2.50576 -5.65422
5.88758 -7.36984
-4.98281 -6.15841
-4.42554 -0.0799791
-4.20796 -3.11878
2.61726 8.25016
2.62964 -3.71023
2.1079 7.41152
8.92377 1.75438
5.83844 6.60697
3.32052 7.95796
-4.98609 -1.27468
-3.51401 0.111101
8.82264 2.18582
-2.89677 -6.01297
0.0731201 8.92929
-5.36243 -6.32264
-4.54133 -6.08682
-1.12377 -7.24506
-5.11614 -6.91884
3.8013 8.40373
-1.79586 -3.0244
8.87251 0.273513
-3.06892 0.586927
4.48816 -7.52036
5.38062 -7.94995
-3.18131 -8.29931
-6.51165 -1.3147
3.86403 2.7232
8.84637 0.909908
-7.17296 4.07686
-0.229876 -3.52937
0.251778 -8.36393
7.47912 1.63524
3.43713 7.85113
-6.0759 2.37093
1.29444 -4.29794
8.79848 -4.01323
3.63512 -4.6005
-0.538165 -4.94395
6.97449 0.19308
5.08842 1.04043
6.55756 -7.06039
-3.97914 2.58376
5.26436 -1.98242
1.47224 3.88779
2.10549 6.89816
-2.59267 5.00014
-2.65714 1.49457
6.53636 -3.47278
-6.95891 1.54732
-6.73559 -5.11194
-0.992241 3.40138
7.39213 -0.441988
-1.89708 -4.18312
-5.71049 3.76421
5.14987 -6.08904
-5.90779 7.79417
-3.38408 3.7395
7.3256 1.34093
-2.99573 -9.16402
0.342945 3.88249
-6.98896 -3.49753
-2.9079 6.93634
-0.955769 -3.60749
-2.23212 4.76298
-4.00873 5.23427
-0.419224 -5.8939
-3.31104 -8.65425
7.96705 2.15441
9.17236 -0.127279
7.53104 -5.82007
2.05408 2.89094
-4.92429 -2.46331
-0.879873 -8.03014
-2.51052 5.70879
7.71337 -1.46498
-1.94717 -6.02825
3.16958 -8.95087
2.8065 8.80993
8.43907 -4.58253
9.63161 -1.59615
-6.54053 -6.71019
1.84374 7.7259
9.16641 -0.193358
7.20671 3.22973
2.00238 -5.94702
8.41223 4.33498
-2.05446 -9.24016
9.24606 -1.50104
-7.90522 -2.95204
5.08967 2.02794
3.55176 -5.60418
-5.02322 -5.25779
-8.03704 1.40924
5.12732 -5.08911
7.29734 6.35357
4.45768 0.244559
-9.69957 -0.727086
-0.141094 8.63586
2.95194 -6.68359
-3.08169 6.0638
-5.74618 3.91668
7.66956 2.24241
8.14327 4.00394
-5.74758 0.470288
4.13308 4.70607
-8.05716 3.26814
7.63699 -5.05246
3.23354 6.06497
-6.01293 0.66495
-4.18317 -6.48796
-3.19966 3.31717
-8.39315 -3.60989
8.50483 0.680036
5.86756 -3.88228
-3.39689 8.49353
-0.118756 4.07134
6.94109 -1.1268
1.83157 3.25198
-3.9172 3.58948
8.00972 -0.669199
-7.22713 -6.38315
-1.55375 6.11112
-7.0229 6.11183
1.5388 2.57946
7.71131 3.93981
-3.69361 1.54184
-6.35457 -1.28109
8.7568 -4.38891
-4.42349 -5.6571
1.07639 -9.11807
-7.02358 -5.31404
6.89113 -0.742514
0.565971 -7.73102
4.816 2.5637
8.12894 3.13303
-3.20721 -3.63406
2.40689 -7.31701
3.06091 4.63266
1.17014 6.47313
-6.07051 -7.13104
8.65702 -1.43787
-6.3271 0.477046
-2.28141 -3.69781
-9.04497 1.18039
-5.37985 0.779095
-5.7552 -7.69152
8.66805 3.96772
5.45872 4.7751
-4.86716 -2.43093
3.42486 1.55226
-1.53202 -8.69546
-4.6192 5.02274
-2.87365 2.6173
8.88081 -0.277022
4.08643 0.657266
6.67376 5.83913
-1.73331 8.31729
4.35178 0.409698
-4.10348 -7.24764
-5.64154 2.63349
1.13092 7.42115
7.28169 3.39539
6.31386 -2.97587
4.51793 -7.1369
7.32988 -6.62329
2.37541 3.56674
6.2332 1.39977
5.91221 6.44082
-3.21523 1.55423
1.91404 9.21448
7.77048 -1.51728
-0.881305 7.90456
-8.05528 -5.09642
4.42271 -7.4433
0.450793 -3.51865
2.05168 2.53083
-4.37923 -1.72815
-4.9634 0.0747123
-4.31063 -8.72645
-5.49288 1.16275
2.30669 8.5053
8.64759 0.103038
-8.24683 -4.47248
3.7221 -2.69608
7.03072 5.29635
-4.19925 3.24653
4.45448 6.51951
-6.63082 -4.13393
0.990302 4.00258
-1.76221 2.58245
3.26819 8.43325
9.12939 -2.2742
-2.42743 2.13609
1.20833 8.41667
-1.0276 9.10822
1.8118 -9.08086
-1.95344 8.55995
7.00863 -5.91445
-4.09035 -6.55733
-9.04975 0.890604
-2.04524 5.62255
-1.77264 7.23609
-2.99853 3.65581
3.20241 2.98238
4.90176 3.79915
-7.70839 5.05374
-1.86035 -6.88858
3.69942 -3.84668
-7.46623 -4.86672
4.98863 3.87877
-9.49019 -1.64288
8.10116 -3.8442
-8.3986 4.68556
-8.5096 -0.861346
3.35652 -6.94896
8.87822 -3.69881
-5.97748 -3.45502
-8.46917 -1.38145
-7.72328 -5.08376
-2.6919 -2.80651
-8.95597 -2.93419
4.98721 0.116506
-1.8918 4.58998
3.74361 -1.07509
-8.96074 -3.21318
-3.87466 -1.47591
-5.62 4.65222
9.88985 -1.22591
-3.79402 -6.09605
3.74522 5.96424
6.46612 -3.94737
-3.52716 -0.903219
6.69217 -4.76853
-4.63092 8.13852
4.12817 2.21739
-7.06361 1.82857
-2.2639 -9.36512
0.414716 -9.87146
-7.71308 6.23766
-3.67887 9.26583
-9.14613 1.06758
-3.15743 -6.88327
-7.05023 6.78175
-0.0718396 -7.4085
5.34151 -5.2745
-8.49891 -1.21909
-3.66468 7.77444
4.94754 -6.73852
5.65488 1.49807
-4.80367 4.74962
6.86421 6.69502
3.24374 -2.39275
4.99648 -4.08052
-1.2666 -7.79474
7.90353 -5.33856
-2.87563 9.24973
0.151814 -8.45609
-1.43797 -7.94121
-7.87638 1.67694
4.29898 -6.96001
3.0378 -3.72415
8.29277 -3.47059
9.71624 0.776336
-6.18436 -0.468888
-3.9908 6.55168
-5.89945 7.92516
-1.62949 -6.82655
6.17478 -0.481649
4.93356 -1.63166
-3.24218 8.73882
-6.7095 -6.61127
4.3787 -7.19861
-7.03775 -3.50521
7.97016 -5.58454
4.59725 6.0142
1.93285 5.3987
-4.00382 7.71466
0.237384 9.7086
3.94313 -7.749
2.5898 6.72165
4.04598 0.843023
8.68931 1.23052
1.33456 9.88585
-8.45504 -3.91719
3.73787 2.41999
-7.22651 4.01622
0.597622 4.23904
1.12629 9.49697
-4.49049 8.33232
1.23735 -3.90723
-7.8598 0.395392
-9.06305 -2.61767
4.86608 4.21505
2.37324 7.06033
-5.97416 -7.64878
5.15834 -3.70265
-3.87374 -6.03057
4.2049 -8.24443
-4.0748 -5.08287
-7.8398 -3.54595
3.26396 -2.57884
-5.32361 6.16318
4.53297 5.63354
2.93171 -6.7639
-0.937346 6.01824
8.52482 -3.29089
4.08642 0.418092
6.87895 -5.45952
1.91866 6.95052
-2.62576 8.79385
1.57966 9.3177
-7.58484 1.54618
4.58291 5.02401
7.21403 6.12861
3.5664 0.436365
-6.00915 4.16216
-6.53889 0.836282
-4.60333 -8.22157
0.880315 -4.54827
1.03373 -6.01913
-3.43562 -2.50308
7.77286 -1.45988
3.71824 -7.59906
2.56894 -3.85587
-5.53227 -0.865914
3.31325 5.87396
3.66127 -5.03575
-0.999088 8.32009
-4.17432 2.15138
-1.74271 -9.73107
7.64668 -2.32346
2.80264 3.99021
3.53935 5.90588
0.176414 4.98611
1.47942 4.54254
9.64712 -0.85033
8.50134 1.99776
-3.59306 -8.50696
3.48505 -6.70528
4.37609 8.94774
4.64319 -1.91917
-4.52019 2.38561
-5.81131 -0.77867
1.32139 -4.50739
2.42774 0.884542
-4.31892 -3.79215
1.01037 -0.747364
-3.18347 1.70095
1.54327 -1.49602
-1.44727 -5.13048
0.987967 -4.2666
3.22385 -1.70964
-1.35443 -5.02831
-3.99342 1.74433
4.26975 -2.94355
-3.54325 0.276739
0.640777 0.0133994
4.74317 -2.32305
0.627335 -5.11268
1.56107 -2.67027
-2.84242 3.7061
2.28536 -2.82819
0.647898 4.66391
-2.48372 -0.330824
-0.536154 -1.88387
-1.47813 -0.704413
4.30276 2.48435
-3.10973 -4.38461
1.09848 0.734348
-0.335014 1.87967
-5.44776 -1.63576
0.604948 -5.13966
-2.48611 -3.45735
-0.841343 -1.32563
-5.61287 -0.559036
0.995627 0.277476
5.00464 1.13943
1.08281 -3.13237
-1.77185 -0.296012
-1.23573 4.4604
-1.02545 -2.4555
5.16912 2.10628
4.71292 0.417635
-2.11946 1.16363
-3.31692 1.17841
-3.67183 3.4466
0.357434 2.9427
-3.46709 1.73298
-1.28531 -1.38121
-5.53245 -1.45879
1.94994 1.9178
-1.69877 -2.22432
-1.66505 -1.15245
3.7232 -0.443924
-4.75739 -2.00169
2.99127 -5.1038
-1.15297 4.14313
0.556584 -4.42809
-1.1117 -5.30048
0.270245 4.17674
3.87793 -2.20854
0.299457 0.754369
4.07354 -1.72513
-3.37823 1.47699
4.18195 -0.256342
0.261098 4.17333
-4.47689 -3.97667
-0.991121 5.89397
-4.20379 3.43047
-1.96688 -3.23005
2.60086 5.30516
-5.06263 0.780275
-5.65973 1.90095
-0.544475 -5.27528
2.71262 3.2513
1.88045 -3.64302
3.63819 -4.12824
-5.44872 -2.37195
0.173337 -1.47122
4.29048 -1.13902
3.92618 -3.56216
4.40831 1.48138
0.963782 1.86389
0.574223 4.50377
-5.01832 -1.0622
-5.5549 1.81547
-4.68802 -1.40794
5.13545 -2.62355
-4.14288 -3.83593
-4.17179 -0.521788
-1.613 2.61988
1.66187 -0.583634
-3.29489 -1.9528
-3.62732 -3.64248
5.29848 -1.69822
-0.549727 0.969584
-5.17199 2.90841
0.495842 3.7434
-5.74074 0.46314
0.742168 1.24664
-3.37495 3.74631
-0.0376869 0.574645
4.90952 -2.39289
1.84156 -1.65806
-0.18723 5.20201
1.20613 -0.123514
3.19271 0.554516
4.00401 -0.0930735
2.69489 -4.71739
-4.78248 -3.42887
-0.719686 0.939031
3.86827 -1.50801
-1.85817 -4.21261
5.71499 0.768
-2.05394 4.1004
5.278 -2.77836
2.42544 -2.36203
-2.14531 -0.732259
-3.82669 4.60662
4.92297 -1.72558
1.92638 5.05876
-5.91103 0.366505
3.72949 -4.63663
0.859009 3.50765
-1.92396 4.17514
1.201 -3.33496
3.87673 -3.82988
-2.79425 2.5055
1.00718 5.65334
2.84851 3.65277
2.62315 2.12544
-3.98814 -0.77419
-2.73051 2.42406
-1.73575 0.356269
5.42753 -0.543237
2.57555 3.99144
4.38786 -2.83353
0.0412433 0.226902
1.3313 -5.30236
-0.12304 3.05073
-1.97553 -0.992593
0.288063 -0.110605
-2.64951 3.03876
2.3902 -2.68637
0.050444 3.5438
-1.41681 -2.85475
5.42673 -1.40962
1.17713 3.90106
2.85601 -4.25762
-0.0173566 -1.23214
-5.14743 -2.50205
0.367629 -4.83571
0.550581 2.63329
-4.62993 2.98634
2.04939 2.92918
-0.0572463 -4.3566
3.4797 2.63847
-4.04691 4.24458
1.80536 -1.95853
-1.90453 3.58372
-2.71246 2.06072
-2.91164 -2.83035
-5.51291 -0.286096
0.839256 2.21092
-2.0924 5.4253
-3.14797 3.04623
-4.72414 -1.73474
1.35599 -1.57995
-5.36056 0.838038
-1.70994 -3.46871
2.09624 2.46686
-2.27892 -3.72638
3.70269 1.08976
-0.914229 -1.2379
-1.96924 -4.33693
3.29689 3.41397
-5.53457 -1.39096
3.9445 4.05195
2.38738 -5.39819
3.59815 1.75056
1.5059 5.67615
3.16908 1.43491
-1.25978 5.81044
3.38755 -3.72193
-4.44919 2.89222
-3.65865 -4.42674
-0.956136 -5.6518
4.79304 -0.956446
2.33442 2.95
1.06627 0.567703
-1.07867 -2.81617
1.47538 -5.11907
1.92879 -2.58082
3.75173 0.717425
-3.89236 2.47452
-0.437198 -5.53083
0.183323 4.39033
2.90002 2.75706
-0.627846 2.30826
2.65581 3.25175
1.34271 -3.73593
2.5384 4.55868
-0.991781 -3.19241
-2.81979 -0.429164
-2.00573 -0.1676
-3.10157 0.00245994
-1.25154 1.19846
-4.99377 -2.16974
2.86099 -2.12645
-0.470423 3.95044
0.548109 -2.18016
2.6976 1.73985
-0.37826 4.6035
4.47908 1.44642
-5.88847 -1.06766
-0.527544 2.2598
0.256447 1.16757
-1.82864 1.18643
3.3496 -0.181401
-0.724531 3.97302
-0.0873728 3.83413
-1.67072 -4.71871
3.65209 0.0651252
-1.87848 -5.21021
-3.56876 -4.53765
-4.71637 -2.34218
-1.24481 0.441466
2.65184 -2.82161
2.41406 5.49275
1.14575 0.844604
1.94813 5.38333
4.52748 -1.03312
1.01712 -0.87063
-1.1289 5.45168
3.74174 -1.63756
-3.09233 -0.12898
2.20106 0.0701808
-0.116678 1.70143
4.47595 -3.31208
4.12868 -1.68633
0.41749 -5.12704
-3.76104 -2.27452
-2.48621 1.39515
-2.74534 -3.17357
-4.60138 -1.92709
-3.40518 2.26796
2.09024 -4.70893
-0.934086 -5.84735
-1.01445 -0.162037
2.04192 4.61029
-4.47845 0.751139
0.814118 -0.0380597
1.89827 0.483631
-1.40136 4.0225
-5.46671 1.25863
1.91577 4.59928
2.26807 0.169188
2.922 5.12072
-0.344046 -1.08088
4.65755 -1.81037
-2.75311 3.91351
-3.49281 -4.46683
4.12576 2.40881
-4.65816 -2.48445
3.52554 4.30699
1.76406 -1.79765
3.49063 -2.49072
1.73648 4.82326
-3.40119 3.84689
-2.58408 3.65759
2.06888 0.29948
-2.36748 -0.531953
-1.29414 -5.36718
-2.78799 3.65609
-3.4568 1.45656
0.618392 -2.7613
-2.66703 -1.30681
0.473167 1.70308
3.01927 -3.73093
2.5067 3.56054
1.87691 -1.34776
1.91556 4.57463
2.5672 0.105975
-1.2594 1.54385
2.12142 1.9326
-3.74658 3.65463
3.33013 -4.24944
-0.610022 5.55883
0.770503 0.753345
0.10598 -2.08286
0.351773 4.71246
-3.91338 1.43294
-2.96264 -2.13044
3.51066 3.69131
3.1838 -0.885893
4.80013 2.10423
2.22835 1.97306
-4.80037 -1.35648
1.34051 2.23774
4.91894 1.52953
-3.0608 2.00144
-5.26868 2.33364
0.696274 1.36484
4.84543 -3.53747
1.58971 2.10716
3.47505 -3.88735
-5.24013 0.609762
-1.21685 -1.28834
-1.00147 -2.45549
-1.5236 1.58539
-2.59297 0.445621
0.210719 4.79854
-3.19722 3.78961
-0.644873 0.679006
-1.75142 -3.34268
-0.158139 4.54941
-1.2673 -3.42469
1.15133 3.46348
-0.749841 2.47179
-4.36505 -3.62939
1.64841 -0.957809
5.62111 0.245221
-2.8796 -2.68396
-2.08439 2.82259
1.4197 5.35155
3.28987 2.51628
-5.37664 -2.40798
1.26162 -2.24872
4.01137 -3.97764
-4.70346 2.66647
4.30112 -1.63209
2.60573 -2.46814
-3.47187 -4.46577
-1.95916 -1.05818
1.89515 4.72377
1.49889 3.00131
0.808846 -3.2534
5.47073 2.22807
-2.97919 -0.924497
-3.44836 3.59265
1.45297 -3.37777
1.85715 -1.63883
1.74135 -0.562582
2.80501 2.71126
-2.21294 1.25016
5.58717 -1.27945
2.99298 -5.18924
-2.83796 -4.72041
-1.5194 5.21614
2.54441 -0.917659
3.56825 3.04932
-3.1575 -0.95205
2.95182 -4.01458
1.18373 2.43114
-1.24861 -4.20234
-1.33532 -3.88064
0.148472 -1.64016
-0.310298 -2.72883
-2.99728 2.67022
2.34132 -5.16037
-3.34194 -2.31829
0.819265 -3.17038
-2.28211 -5.25192
0.43449 -4.97006
-3.30454 -0.0487763
2.83492 -0.35887
1.13004 2.24438
5.20783 1.98299
2.02781 4.95357
-3.62716 2.38595
3.96419 4.05329
-4.26312 -3.18326
2.76288 3.68055
-0.526215 1.86957
-1.06209 -1.50856
-1.20506 1.31428
-0.214288 -3.72778
-1.04466 -1.50997
-1.89422 5.49563
-2.24875 -2.16603
-0.293679 2.83554
2.13658 -5.45486
3.08645 -4.69678
-2.24751 1.85426
-1.19023 3.92176
4.96856 -1.9784
-2.93896 3.18288
1.71542 1.26071
-2.47413 4.9549
-5.06989 -1.05821
4.92729 -2.85192
-5.08309 -0.196396
1.51489 -4.66457
0.572034 4.04628
3.35923 1.8267
-0.200021 1.77816
-4.10078 3.56374
-0.0545434 -2.31603
-0.490518 4.75048
0.929428 -0.134588
-2.35346 4.62529
0.986097 -4.21003
-1.94447 -4.90819
-0.108055 0.680569
4.57191 -1.97733
4.55713 3.06008
0.489821 -2.91161
4.82038 2.53964
2.0343 0.892208
-4.1046 -2.75993
4.8755 -1.70445
-4.17861 3.59391
-5.41542 0.906533
1.44428 -2.38071
4.41824 -3.68449
-1.2998 -3.53034
-3.06318 -2.08356
-0.141977 3.57518
4.70579 -2.57471
1.32033 -2.66629
2.95269 4.59494
3.32391 -0.743008
-0.486475 -5.34873
-3.84308 -4.09123
4.54643 0.250065
2.72605 -0.363511
-1.54959 1.12857
-0.719871 -4.86294
2.36946 2.57192
-2.76756 1.80773
0.294782 -4.30776
0.874603 0.0590175
0.705867 5.12065
-1.2918 2.35835
1.5789 4.66439
-0.977193 -1.92312
-1.44543 -3.70376
4.97649 -1.23197
2.83838 -3.76451
-2.40586 2.63831
-5.48191 2.05859
-2.60547 -1.58529
-3.10604 -3.27108
-3.43126 -2.01619
-3.70296 -1.12415
3.58635 -2.57551
4.01954 1.80644
1.04827 -3.71371
3.0569 4.40985
-2.88608 3.62217
-3.9307 4.40705
4.63253 -0.888791
5.13099 -1.48321
-0.393103 1.94828
-1.22384 2.77791
1.21365 -5.63503
-0.76212 -2.22012
-0.547169 -3.18155
-1.96797 -3.51922
-1.292 1.79632
-3.41762 -3.99407
4.74433 -0.0183222
-2.22406 -4.03044
-2.62901 0.695585
-3.57795 -3.47514
-3.93012 3.25043
4.17701 2.06553
-3.13088 1.71739
-3.27186 1.13713
0.59588 -4.07151
0.654187 -0.106394
-0.102373 -1.72279
-4.39163 0.377274
-0.468752 4.26242
-0.247336 -4.72205
-0.50569 4.27863
-1.40945 0.583632
-2.47321 3.25077
-2.86834 0.648264
2.78675 -1.08774
-0.507573 -0.214045
4.89514 -0.237805
2.36131 3.4849
1.10259 -5.67404
-0.702783 -0.95175
3.17017 -2.6921
0.835347 -4.04938
-1.79188 0.905513
3.806 -3.86834
-4.65046 3.46833
-3.86379 3.41022
0.633665 1.94462
3.755 4.34281
-1.50771 -5.03292
-2.42944 -5.38294
0.748661 3.06627
0.869463 1.68441
3.05759 3.10165
5.73673 0.278729
3.24815 -3.74608
2.08122 0.193428
3.86983 -3.05318
1.08378 4.30728
-4.18156 3.76822
-3.67158 -2.01441
1.32529 -5.74467
-0.401957 -5.88384
1.63904 -5.61454
1.6756 0.192145
-0.58981 0.403622
1.11195 3.9454
3.82847 -1.80888
-1.60226 3.74562
4.01919 -0.274446
-3.65791 -3.87224
-5.95813 0.405489
-0.108382 -1.15659
-2.46681 5.46679
-3.15332 -2.20609
-3.1734 1.36507
2.58303 -3.13816
-3.48025 2.96469
1.06668 1.43916
-1.82931 -1.33019
-0.333293 3.59305
0.467323 0.837608
-4.13994 0.960236
0.753897 -1.06318
0.934586 1.23222
4.79336 0.629846
-5.77448 0.681073
-5.36749 1.49001
2.0681 4.7857
-2.01428 -2.39487
-1.81794 -5.19528
3.6694 -4.57298
2.01253 0.687463
-4.48844 0.375445
-0.361477 2.78754
-1.62394 -4.73945
0.0178381 0.330883
-1.25866 -2.80203
1.93298 -0.783751
-1.93922 -1.50715
0.148817 -2.16435
2.49999 -2.26756
-3.33 1.52555
-3.26176 2.84067
2.63999 -1.60522
-2.68345 -4.62346
-4.40597 -1.78429
0.348392 -3.32728
-1.10984 2.46611
3.32316 -1.51805
1.27981 -4.43862
2.34097 3.46677
3.76565 0.970044
-3.31491 2.24231
-2.7227 -3.31691
-0.82085 -2.70926
-1.60991 3.3039
-1.8842 -1.37726
0.509099 -0.365827
-1.17954 3.99309
4.06662 1.66073
2.6849 1.75346
-5.36739 -1.53638
0.423179 5.24532
-3.75181 2.34274
-4.4664 3.64618
3.35216 4.97464
-2.87424 -3.25818
-4.06269 -4.1906
1.76083 -3.22322
-1.81032 -5.10548
0.280771 -2.62479
-0.923333 2.85846
-4.80326 0.111866
1.30493 5.62611
3.60729 2.82596
-3.36654 -2.04947
-0.39785 2.5471
1.10622 5.08847
2.78228 3.39347
-0.175102 -2.70454
-0.932089 2.47776
1.50977 5.11871
-4.16101 -0.919338
3.0026 4.4492
0.689788 -5.10882
0.109167 2.87864
-1.83927 2.30849
-1.09542 3.21232
2.53373 -4.56193
-1.39417 1.07925
-2.02535 2.0661
0.555276 -0.0562219
3.38092 1.95659
-2.1923 4.75696
2.47781 -1.56212
-2.58749 3.67364
1.63022 2.77162
-1.88811 -0.390608
1.85595 4.15307
-3.89079 -2.24902
-5.44929 1.51951
2.63092 1.58982
4.21501 -0.349082
3.1967 -0.591171
3.44115 -4.78095
4.52915 1.29597
-5.69149 0.740006
-3.04018 -4.09397
-3.29356 -4.65186
-0.295732 1.35467
-1.95361 -4.12493
3.342 2.33893
-2.79766 2.26687
2.09587 -0.726632
-0.944574 2.8956
1.0208 5.71147
-2.97089 -4.92559
-3.28243 0.50289
1.491 -2.14696
5.06206 -2.1047
2.0862 -0.14469
0.765028 -4.78876
3.82774 0.00385806
-1.05909 -3.00668
-1.00467 2.0973
-0.945976 -5.29011
0.947367 -0.480489
-5.11433 1.56111
2.23662 0.443271
-1.61936 2.14848
-2.78681 1.36635
2.3848 2.8662
-3.70375 2.00506
0.0487385 2.74302
0.813872 5.49496
-5.05103 2.73084
-1.09878 -4.48766
5.04583 -1.80964
2.70819 -2.24323
-3.20867 -1.76848
4.69288 -1.84204
-5.45951 0.895923
-1.8063 1.05967
-1.90694 3.6934
-1.79523 -2.31165
3.74605 -0.600047
2.76434 3.24208
2.03306 4.77567
1.86239 3.27286
1.72491 -1.36858
3.24319 -2.70354
1.71328 5.56191
-4.57229 1.5915
-4.69008 -0.371328
2.93686 -4.59621
1.48944 2.68265
4.31283 0.0775811
3.75289 3.19871
2.02925 1.121
2.25392 0.395022
3.83384 2.49755
-3.01552 0.421341
1.59542 2.29571
2.35224 4.89156
0.558856 -5.70258
-5.24489 -2.03109
1.5661 -5.00798
5.59516 -0.62489
-5.22634 0.423513
1.31259 5.45285
3.84119 -3.88899
-2.97085 -1.72537
2.87832 -1.38279
4.27992 0.528002
-3.14147 5.09082
-2.33307 -4.71606
-3.91235 3.55955
1.74115 -3.0104
2.52108 -1.85687
0.762089 -0.657067
-1.05249 -4.92595
1.64616 4.13699
-0.110663 -3.28011
4.97753 1.24891
-1.08269 -0.663358
4.11869 -2.90382
-1.75354 2.80707
-1.81504 2.35436
-5.31825 -1.16189
3.44408 -4.43152
-2.26007 0.224757
-1.93966 2.3839
-0.144501 -4.76087
3.83802 2.31486
-0.183081 -5.22898
-3.3351 -3.65596
5.44346 2.02847
2.89335 3.97744
-1.4034 0.197111
0.200864 4.77873
-1.95511 1.80238
-0.591097 2.52021
3.60823 -0.133665
4.22853 -1.25889
4.47811 -0.200611
0.0540093 5.9034
-0.76197 4.24726
-4.78135 -2.87539
1.21284 -5.85911
0.10391 5.02589
-4.93845 1.47074
0.156959 5.28647
-3.11952 4.1111
4.49929 2.13369
-3.72883 -0.0298208
4.01804 -3.24901
2.70376 3.45919
2.57276 2.63598
-1.21606 1.87272
-1.34525 4.90938
1.38565 2.14375
3.00228 -4.87872
2.4103 -2.38844
-1.60887 4.12097
-4.25685 3.68889
-5.74593 -0.0954531
0.815522 -0.368841
0.352637 -0.546629
1.22413 -4.30107
2.009 -0.70211
-2.20022 -3.22845
1.57101 1.01545
4.17944 -2.37595
-0.605749 4.19238
-4.84189 -2.94704
5.01049 1.12985
-0.397475 4.43754
-0.433248 -1.58469
-0.885416 0.789789
1.57307 2.28604
-1.56566 -0.581483
-0.548838 -3.09481
0.10211 -2.31479
1.87798 3.42029
-1.18105 -0.818334
-2.66085 4.87385
-3.87504 0.689329
-2.35596 -1.42433
3.91185 1.04976
-1.5822 4.59588
-3.61865 -4.01353
-3.04882 -4.23727
4.05057 -3.93002
-4.34984 -0.722944
4.21408 1.21484
0.784445 -5.09001
-0.878786 5.36654
0.936879 -0.503856
2.51042 2.17595
-1.21861 4.93359
-5.49761 0.111342
-0.771627 1.35024
-2.16013 -0.181661
4.93438 -2.51569
2.66737 -4.7654
0.666202 4.60677
-1.44598 -0.836787
0.295463 -1.1632
-2.72897 -2.88857
-1.77067 2.39744
-1.59532 1.46796
0.410331 -2.73994
3.09818 -2.60985
-2.34126 1.42893
-1.02726 -3.45041
0.789392 5.27169
1.91339 2.9269
5.0097 0.0286594
-0.937193 2.74124
2.71957 -0.981247
0.0042513 -4.01274
3.51956 2.05001
0.910957 -2.1692
0.162236 -2.72159
-3.57594 -0.347259
-2.56677 0.85169
-4.16063 -0.118926
3.42108 -1.40802
-3.75888 -2.8035
-2.53668 -4.43574
-2.42481 -5.44615
0.511813 -3.45781
-1.54544 2.92752
2.87265 0.108648
1.36467 1.3096
0.704553 -2.09612
-4.44396 -4.01734
-3.50739 -3.15086
-0.439511 2.59535
-5.59349 0.774005
-1.42729 -3.68445
-3.08418 -4.35636
-3.31426 4.50204
0.824754 4.83086
-4.95799 2.21971
-4.19401 -0.31272
-4.05977 -2.31529
2.62703 -1.96259
-0.794179 -2.47631
2.68122 1.82498
-1.83794 -1.18808
-1.37682 -0.136975
-0.196558 -5.22593
-0.883078 -2.16256
0.408471 3.92024
5.07684 1.25438
4.38015 -1.80814
0.762509 -3.67625
-2.21144 5.51635
-3.87502 -3.7137
-1.13229 -0.157612
-2.29529 0.546569
0.663881 1.36821
-2.88404 4.19951
-4.99671 1.07674
0.401615 -3.96258
-5.39383 2.3174
5.11227 1.20309
0.0105518 3.32303
-0.144155 3.69398
2.64623 1.53608
3.15831 -4.32216
-0.19251 3.76128
-1.71497 -0.423602
0.0713343 5.56727
-4.14475 0.584027
3.68634 1.16349
0.803339 -2.71448
2.859 -1.75795
-3.09654 4.57375
-1.7745 -5.34597
4.9503 -1.01291
3.44303 3.36187
5.71443 -0.958674
-2.46863 2.14075
-4.15249 -2.46937
-5.3556 -2.60666
3.57513 4.42353
-4.33329 -1.11314
4.81925 3.20909
-4.69024 2.60945
-1.72671 1.01735
-0.642419 2.26166
4.79467 1.71862
-2.75184 -3.54407
0.916827 3.42005
1.50904 1.97076
-0.280674 -3.71424
-3.83303 0.0445711
-1.5157 1.14567
1.74498 2.9186
-2.09417 3.16193
-0.906263 -0.125462
-5.24541 0.918882
-3.30493 -3.07856
-0.228385 -0.0835899
4.64894 0.68609
5.10304 -2.20735
2.9108 -0.863382
-1.5449 -4.46955
4.63303 1.62097
-0.813383 5.45169
3.34787 -1.81039
5.44916 -0.494734
1.99877 -5.46429
-0.448945 5.622
1.72419 -1.19753
1.8939 3.35247
0.743644 4.73159
0.099146 -2.82418
2.35658 2.13731
-3.46478 0.893431
-2.34375 0.794406
-1.45691 1.9445
0.38426 -2.56497
4.0225 0.577934
-1.56838 -5.71886
-0.341981 3.01795
-4.77693 -2.33292
-0.473421 -2.73958
-4.45036 -0.660384
-1.73977 -0.602538
-2.17164 4.04562
-5.41514 -1.10269
3.19735 -4.355
-0.386408 2.79277
-0.880266 -0.0958425
-1.02639 -0.740884
1.6698 -0.59123
-0.714739 -5.67189
4.28152 -1.70225
0.0849675 -1.3324
-2.12894 -1.52313
-0.897486 -1.42916
-1.87983 4.2955
1.77716 5.70458
2.2255 -1.28314
5.87768 0.126635
-1.7914 -1.73063
0.654114 4.15552
3.53751 3.4013
-2.37494 2.49752
-1.93261 2.99137
3.0186 1.86698
-1.83539 -2.75093
-4.6112 2.19146
0.156426 -1.07056
-2.5161 3.35508
5.29738 -1.40703
-3.72809 -1.31125
1.82266 3.63623
3.56201 -4.28469
-3.61371 0.975851
3.17611 -0.198918
-0.387272 -0.976714
-3.75322 0.0840114
-3.53814 -4.01851
1.50033 3.6173
4.77332 1.57923
-2.35372 -3.86956
-5.81058 0.987361
-0.522084 5.02391
-0.54977 -4.94749
0.820269 5.26954
-2.44601 -5.32463
-2.93742 3.30645
-0.77536 -3.25348
-3.8011 1.38294
2.1813 2.03564
-5.83477 -0.68618
-3.68573 -4.29823
1.32543 3.03172
-0.704763 2.77039
1.28974 0.843173
1.36287 -4.03177
0.363794 1.19146
4.13273 1.39787
-0.669462 0.173532
3.00363 1.28337
4.02487 3.83586
-2.90746 -1.32867
4.15415 2.89331
-2.47444 4.85094
-4.262 0.464882
2.21905 -2.09622
0.195679 3.57301
-4.88077 3.46802
4.35963 0.389891
-2.80727 -1.7497
-3.16536 2.86486
1.58926 -3.71305
4.62422 1.64736
-1.08223 0.486106
-0.00814533 2.08881
0.28131 0.605533
-1.93471 0.956274
-3.62974 -1.61382
-4.59469 -2.7402
4.0178 -1.15999
2.38275 4.04867
1.90795 -2.52157
4.99828 -3.00384
-0.811353 -0.0398801
1.14342 -1.16712
-1.18358 -3.20512
5.88783 0.583471
0.78355 3.60539
-1.3445 2.91987
2.81768 0.733849
-5.8257 -1.03173
-3.21033 3.55039
1.41363 3.87705
-4.4875 -0.179791
-3.51322 -3.01884
-0.272803 0.735996
0.402191 4.77878
1.1358 1.63678
0.414846 0.138935
-3.35682 1.25947
-1.95907 2.48183
1.44766 3.54562
2.66123 -3.45144
0.659286 5.44639
-4.19893 -0.493444
-4.83202 2.97716
-3.56483 1.93961
-2.45709 -1.59838
0.389712 3.36664
-3.88838 0.449896
-1.82187 1.83209
3.03376 3.80325
-2.73733 -4.8418
3.36727 -4.16392
0.242111 1.40666
0.895008 -2.05135
-0.810719 -4.36858
-4.30414 2.23931
-0.295039 5.89879
-3.40716 1.60778
3.00425 2.93456
-2.11762 0.164098
-1.48684 -1.57848
-1.46722 3.04705
3.08458 3.44858
0.0515887 -3.02627
3.19586 -4.71496
-0.680238 -0.849245
0.255546 -5.14064
4.11661 3.55394
3.47958 0.200339
1.63767 -2.5714
0.526507 1.19742
-3.28519 -4.27738
-1.43632 2.76614
2.0542 -2.95632
-2.40869 -2.3386
4.31479 -3.82211
4.33922 -3.64133
-4.6645 1.48767
-0.328385 -0.488769
1.60039 -5.38145
-1.03487 0.22502
1.10939 -4.63157
2.84973 2.62281
5.84704 0.840758
0.829668 0.0690899
0.331352 4.60495
-2.55828 -2.00702
1.4658 -0.630803
5.09698 -2.16718
-2.95751 -2.21266
-1.87503 -2.38092
3.35084 -4.63353
3.21997 0.765499
-0.849024 1.51084
0.0941116 2.69315
-1.30346 3.08288
-0.0499851 -3.46543
-2.56397 -4.65277
5.56347 0.231675
-1.82927 3.59626
-2.36637 1.07437
-2.43546 0.384488
-1.3095 -2.23416
3.86887 4.07906
-0.6972 -0.497889
-2.46618 4.2344
-3.48217 0.584082
2.66693 -0.655897
3.47741 -1.39479
-3.25096 -3.9252
2.32609 -0.576053
-4.15103 -4.17866
0.0725489 4.16428
2.17137 3.11275
-4.85453 0.930353
3.55705 0.0672574
-1.86609 -0.904922
-0.217023 1.25913
-0.886804 2.16897
3.80845 -1.48017
-3.27534 1.23291
-1.45197 0.126266
-4.85114 1.02696
-3.08495 0.58175
1.3792 -0.685388
-1.5996 3.26991
-0.494659 -3.6692
1.31443 -4.458
1.31148 5.5453
-2.09078 -0.537412
-4.81347 0.283672
4.09014 1.08253
2.7925 1.92678
-4.81205 -2.55527
-0.446104 5.57624
-1.29402 4.92232
-3.11134 2.46786
0.922028 -5.12632
-0.74697 4.61896
-4.08507 -3.82495
-2.15154 0.806743
0.0799883 -0.051324
2.77663 0.309372
0.436825 -1.01823
-0.34718 2.09424
1.83923 5.23932
-2.07526 -5.15029
-1.99523 -2.83448
-3.3272 -2.27312
-0.586298 -4.58693
0.985944 2.39457
5.18776 -1.28661
-0.804258 -3.63669
3.79696 1.50761
5.27285 1.07865
0.0586336 -3.36625
2.98773 -4.90078
-0.806172 -3.43269
0.771898 4.59693
-0.342247 -5.19159
2.74969 4.68208
-1.70577 2.99629
4.02031 3.41591
3.48367 -1.38414
-1.87868 2.40917
-2.65729 3.09142
3.47744 0.0341197
0.0686702 2.05685
-3.33689 0.463957
5.50392 -1.69424
1.09952 5.21652
4.46607 2.19205
-2.82285 -0.173672
1.98273 -2.29095
-4.59491 -1.14937
2.9158 4.04261
-2.26327 5.47547
0.779606 3.12472
-0.387033 -2.12694
0.723327 -5.78512
5.86153 -0.944875
-0.716564 0.0780872
2.68766 3.61374
0.799569 2.29458
2.43087 -3.64548
-1.54073 1.26607
-4.39477 -1.53561
-2.06132 -5.17867
2.90806 -0.942257
2.56198 -4.15572
1.15673 0.273988
3.55094 3.64701
-3.03438 -1.52473
5.78805 1.09753
-0.677612 5.69531
-5.01794 -0.483412
-3.54841 2.57395
1.90913 -3.35309
0.111176 -4.72271
1.22877 4.54826
4.55525 -2.00741
-1.64172 -5.17031
1.79737 -3.68793
-1.6548 5.5041
1.23461 -0.300151
4.52305 1.93763
-3.41116 -4.24334
4.67311 1.41162
-1.27457 -4.45291
-4.19294 -1.08127
-3.78037 -2.61427
3.85531 -3.2525
-5.5391 2.14308
2.9935 0.373109
-1.67098 -4.19188
-2.04359 -1.54682
-4.1551 -3.27071
-1.21221 4.29276
2.67501 -1.14526
1.24648 -0.499483
-5.41877 -0.905349
-0.988621 1.91459
0.03452 -4.83763
-1.88121 3.0864
3.96459 -0.790666
-5.52803 2.02225
-1.48813 0.850362
1.90789 -3.67068
-4.86622 2.44187
-1.57984 0.704447
-5.5632 -1.30998
1.91403 1.37691
3.09176 2.69795
1.55609 5.72378
-1.5754 -4.41984
-3.44771 4.18922
-1.03915 -4.66234
-2.48009 -3.33961
-3.29262 -2.47168
4.40957 -0.974413
-0.0392877 1.57577
-5.2856 2.55442
-0.940847 2.73794
0.341845 0.341105
5.56604 -0.766802
0.876432 -2.89142
-5.04067 -0.327816
0.710923 3.3483
4.52951 3.91697
0.436174 2.84832
-0.937424 3.85216
-0.339125 1.81023
3.21043 3.11609
1.76826 -0.101479
-2.47507 -3.74187
4.84144 2.25228
-0.239166 -3.27091
4.54117 0.283064
-1.90221 -0.23764
4.6469 -1.53402
4.63206 3.15077
0.959582 -4.87963
-1.7431 -2.28495
5.60317 2.10914
2.49202 0.133026
-2.54799 -3.66321
-4.52621 -3.1114
-5.15581 2.80758
-1.75925 -2.86087
-5.93032 0.426983
0.467027 5.95794
-1.07545 0.0109047
-0.623518 0.600067
3.53084 -3.09139
-3.93595 4.23598
-4.55926 1.15689
0.760318 -3.80915
0.155782 5.56439
3.02989 -2.77777
1.1872 2.34614
-2.42196 -4.80329
5.30495 -0.214604
1.39618 -1.93962
2.62004 3.07919
2.83227 -1.82059
1.75627 -3.71517
-5.47821 0.836898
5.55584 -0.270571
2.88607 -4.99913
0.187262 -2.31283
-3.13656 3.91637
4.53685 2.02021
-4.34792 -3.10378
1.68915 -2.23056
5.60757 -0.863357
-2.54996 2.67904
-3.20086 -2.42015
1.0754 4.91958
0.346797 0.189485
-3.97977 -4.11762
4.85317 -3.13125
-1.21903 4.14221
-1.3635 1.86255
3.80213 2.30984
-1.93677 5.41061
0.129148 4.09966
-3.94167 -0.308959
-0.110052 -1.63462
-1.71878 0.807151
2.81262 2.27901
-1.64901 -0.64715
0.58619 -0.677724
-0.310111 -5.54255
-0.286028 -5.35817
-4.40684 -2.96178
-4.00234 4.18309
-4.76493 -2.19597
-1.43797 -2.32328
-0.431056 -3.23163
-3.57887 -1.06357
1.64161 5.09066
-2.23799 4.6643
-2.4426 1.27765
-3.00648 3.12294
0.672866 -1.85072
3.9173 0.708287
-3.20106 0.343718
-4.13593 4.21378
-1.8877 -4.45093
-1.01297 4.01412
4.79213 -1.06808
-4.37434 3.3116
1.69152 2.53206
-0.146463 0.200296
-3.23973 -4.0389
4.51957 -3.22748
1.44235 3.86041
-1.35796 5.00076
5.87666 0.793495
1.70058 0.095636
-0.529227 3.8494
1.08203 4.72718
1.32488 -2.00171
0.517537 2.13045
-0.37798 1.24033
5.78492 -0.289125
-4.39578 2.36593
-0.4212 -3.8327
-5.33942 1.3118
3.03507 1.74415
1.99776 4.93252
-4.0518 3.9554
2.22675 -4.161
-1.41368 -1.30907
-0.884046 -1.3117
1.85698 -1.12883
5.32122 -1.17527
-2.76728 -0.727031
-0.531183 -5.6967
-3.98867 -1.27928
-1.45779 -4.24169
0.284188 -5.71913
0.825366 0.324216
0.466769 1.97211
3.51724 1.8225
0.809168 -2.54397
1.82642 0.0238019
2.95386 -3.67968
-4.30523 -3.25751
2.16773 2.72962
-3.04551 1.22754
-3.72202 -3.23985
-1.73086 1.12782
-0.108353 -4.26032
0.263536 2.47434
4.44063 -2.40675
-3.61491 1.11153
-4.27411 -1.34068
-4.94969 -1.79295
3.51499 3.25888
0.888444 -3.49384
-2.01789 3.51918
-4.35084 3.63677
2.66456 2.5246
-0.119313 -3.0197
-3.90152 -3.42551
2.61211 -4.29623
-4.5145 -0.270257
-1.3311 0.520076
2.06347 3.60452
4.45283 -0.503413
1.34551 -1.48562
2.87354 -3.68471
4.36777 -1.6069
5.90552 0.385362
-0.847259 2.42502
2.9005 -3.66974
-3.78012 4.11489
-0.297118 2.39944
-0.528494 1.55155
2.7434 -1.59786
0.574815 4.93463
-4.30995 -1.62663
2.25287 -3.74078
0.262893 4.30631
-3.24078 -4.66834
5.05143 1.34449
2.34262 -4.77991
1.81837 4.67064
-1.45129 -1.92495
0.670943 2.82022
3.81081 -0.261559
-1.9517 -5.07286
1.7103 -3.83184
1.56683 4.17578
-5.0978 -1.93736
5.55904 -0.826071
-4.61922 3.54489
-2.05974 -1.69086
2.70651 2.89131
2.77649 4.00607
-3.42888 -2.2118
5.05503 -2.6063
-1.45964 -1.68164
4.68945 3.31609
-3.70997 2.18487
1.79111 -3.61422
2.23372 -0.249123
2.95511 -2.18175
1.48899 -2.44756
1.61052 5.2648
-2.04915 -3.38577
-2.39796 1.32075
2.93765 -4.98027
1.0781 -4.12159
-3.18242 -2.41332
3.33045 0.311938
2.00368 -5.02409
-2.47427 3.83272
1.65793 2.25485
2.87688 -5.09765
-4.04657 -3.50461
-1.04148 -5.40658
0.795464 3.08965
-0.36712 -1.20116
1.59793 -3.93008
0.0316512 0.340925
3.68266 3.57036
-5.37838 1.3264
-0.442721 -2.94769
-5.93238 0.837255
-4.29543 1.17643
-1.27433 0.587203
-2.04452 0.177452
2.39717 -1.44313
-1.59144 0.388651
1.47324 -5.59997
-3.93141 4.04198
-2.71675 -0.568555
-2.56032 4.27968
2.29688 -2.05009
1.10485 -2.16309
-3.02901 1.44697
-4.92788 2.79961
-3.85402 -0.395332
3.7683 -1.85241
2.6357 -3.07987
-2.4172 -4.36913
-5.43287 -1.17113
-2.57997 1.28076
3.413 -1.212
-0.0535166 1.5524
3.58168 -1.76011
1.16446 3.78921
0.542131 3.31174
-0.93335 -4.48267
3.69531 4.65692
-5.7175 0.213986
-5.42848 2.39023
5.61575 0.996177
-3.16864 -2.91385
-2.54229 2.16347
-4.69841 0.144507
-0.161944 5.18756
0.778892 5.51468
-2.81395 1.36751
-5.25854 1.34559
-1.01197 0.700025
-0.443041 -5.62076
1.17177 -1.80335
-2.83782 -1.54842
-1.54945 -0.929075
-2.31111 4.94866
-4.83719 1.29022
-0.2148 5.88114
-2.4711 1.69978
0.571171 -4.96276
0.339261 -4.73511
-3.09871 -1.5997
-0.348787 4.33503
-3.12835 -0.100837
-1.79879 -4.70477
-3.58271 2.26011
2.78753 1.8082
-0.123948 1.96043
-2.43356 -3.21626
-2.26426 -1.62654
1.68409 -4.65078
-2.32776 -1.20612
-0.707737 5.38596
0.255072 5.46633
4.41593 0.633168
2.33431 -0.923543
-0.0126825 2.22721
5.74532 -0.664488
4.68088 -0.15797
0.398914 -5.58329
5.19272 1.42975
-1.91029 -5.62283
0.380863 1.28713
0.807041 2.32345
-3.75249 -0.0665096
0.88764 -0.598629
1.48741 -1.72917
-5.18795 1.48661
2.89114 0.0682493
2.89984 3.2225
-1.28555 -5.85122
-0.136755 -3.64248
3.86548 -4.16882
1.70212 3.49829
-1.46117 0.432182
-0.0716354 5.88435
-1.97298 4.76093
-2.43802 -2.96124
1.31937 -5.46283
0.234531 0.325357
1.7738 0.679348
-2.51425 2.75676
-1.92971 -2.38528
0.0455503 -5.10988
1.77882 1.1924
-0.651301 -0.751071
-2.39759 2.93498
3.20794 -0.663106
0.100242 -5.00478
1.87676 -4.02572
2.59484 3.6181
-5.94525 -0.438543
-3.86941 1.13159
-5.21796 1.4683
0.680483 -5.26657
3.74445 -0.801278
3.68771 2.5732
-1.66515 -2.11569
-1.91447 -2.04171
-2.29309 2.15351
-5.54001 -2.23498
1.27264 5.16443
-5.66241 1.42052
0.330163 0.030462
2.765 2.01163
-3.7737 1.69579
0.437841 -1.33696
0.0716784 -0.175124
-4.85655 1.48561
-4.76743 2.44821
-3.00677 0.25721
0.493022 4.6749
-1.74886 -4.3036
0.482778 -4.80716
3.76828 -0.197934
-3.51145 -3.53416
5.16567 -0.0373302
-1.93494 -3.50997
-4.10491 -2.2352
-0.617967 2.99141
-0.274249 -0.504965
-1.826 1.54123
-1.56149 4.43923
-4.82046 0.292674
-0.962716 3.56607
4.46605 2.18611
-0.297112 -0.382372
-0.576658 4.0791
-3.16883 2.00059
2.69534 3.33886
2.56822 1.2129
0.26351 2.11776
-2.21877 -1.98568
0.26957 2.1784
-3.1152 1.93497
-0.419888 -4.73696
0.132733 -1.87636
3.102 4.81358
-5.15196 0.0010433
5.02007 -1.34566
-5.03389 1.96246
1.53526 2.65802
-2.36922 -4.85502
0.870507 -1.23727
-0.957672 4.00938
0.673491 -0.345829
4.12851 2.12925
-0.541149 -1.58093
4.0703 1.85137
3.61195 -4.23111
-3.76659 2.94645
1.6407 -4.07036
2.03615 4.17622
-0.156172 0.667392
-2.43959 -2.45092
-5.36468 -2.65974
-2.06433 -5.1464
2.46231 -3.65906
-1.18914 -2.59598
-0.0474138 3.78643
0.161553 4.04426
2.53113 -0.7508
-1.2964 -2.16433
-2.06122 -3.98886
-4.85202 1.85152
-2.48423 2.3329
-0.808562 -0.903561
-2.26625 -2.90328
-3.26236 4.73728
0.874775 -0.484355
-3.58784 3.90938
5.55085 -0.980426
-3.16201 3.70955
2.44023 -1.10064
-3.87056 -2.40965
5.79326 0.113586
-4.89699 1.96592
-2.58767 5.08225
-5.35161 0.0923975
-2.23731 4.66819
0.375412 5.10427
-1.84082 2.03556
-2.59045 3.16068
-0.664514 5.09409
-0.230448 -1.68177
2.87315 -0.324996
-0.798001 -2.94339
5.5165 2.24149
-0.898353 0.891757
-1.14449 0.143222
-1.82532 0.112369
3.60646 0.854076
5.38506 0.349518
-2.92066 3.00936
-2.94649 -2.7806
4.68602 -2.74639
1.59682 -0.364661
-3.8737 1.69758
-2.05197 -5.32683
-0.155828 -0.458393
-1.00527 -3.82997
-0.608218 -0.758851
4.05564 -1.82936
-3.69536 -0.773072
2.1958 2.61024
5.55098 -0.940295
2.06561 2.82485
2.60866 -2.89052
3.1378 3.8981
1.80283 -4.53661
4.92894 2.00833
2.47698 -0.378009
1.69958 -1.07415
-1.80787 2.22736
-1.05304 -0.294067
1.47249 -0.750903
-3.92724 -1.62028
0.826423 2.25663
-0.647237 -3.15611
2.02262 5.62983
0.937527 1.27251
-0.145385 3.43835
0.662066 -2.76028
4.80455 -1.71634
0.365971 2.42792
-4.23026 -1.69963
-2.18371 1.164
-5.33702 -0.727106
-1.80455 -5.07857
4.21206 -0.0138566
1.74864 5.41244
0.580387 -0.727758
4.1889 1.18519
-4.88147 -1.62583
-5.31928 -0.0424763
2.8711 -3.48533
-4.53907 1.63845
1.32934 -1.27541
-3.95326 -0.00420993
-1.67921 2.3548
0.329295 -2.72602
2.29291 -5.41604
-2.57535 0.100511
1.24422 1.85797
-1.97435 3.0512
2.99657 -0.120192
0.604553 -5.62995
-3.02263 2.48873
0.618489 -0.223721
-4.88078 -3.24578
-1.66354 5.73954
-2.64008 2.97933
-0.799662 1.41078
3.77145 3.47194
-1.53172 2.65357
4.21862 2.69008
-1.53971 0.657363
2.86231 3.30313
1.6388 -4.7247
-1.96781 3.50993
-3.19109 -1.44862
-4.13236 3.41339
-0.75839 -5.33204
-2.25297 4.44082
-3.71131 -3.12681
-1.20212 5.68489
2.29591 4.39779
-0.156664 -3.0797
-1.08703 3.75682
2.88694 4.47393
3.97499 -3.36494
5.05791 -2.20048
-0.490588 0.960148
-1.60533 4.95987
1.52715 0.605799
1.02271 1.96998
1.44707 -1.50252
2.60612 -3.79139
4.48512 3.03448
3.00038 2.41393
-0.295082 2.81898
-0.441839 -4.79693
-5.22375 -2.0684
5.50523 -0.139496
0.40314 4.32787
-1.14664 3.60054
-2.33048 0.756208
1.36837 4.31148
-1.74168 -4.14972
-1.09 4.59931
1.24013 4.03742
-2.18341 -1.44085
1.9089 -5.31903
4.51192 -2.05616
1.45974 5.47215
-4.6244 2.01132
3.45503 2.52398
-1.34143 -1.97342
-1.03811 2.6089
0.0754508 -5.21288
2.56524 -0.593231
3.43021 2.26958
-1.30283 -0.301635
4.96574 2.84311
5.06742 -2.66468
3.37042 1.04383
-1.29459 1.39055
2.21997 1.06572
0.324021 1.23069
1.56033 1.35425
5.1292 2.10999
0.686089 -0.309069
1.77861 -3.10827
-3.76601 -0.308273
5.21046 -0.910455
-0.560812 5.16166
0.144001 3.20138
-4.12777 -0.293759
-5.39421 -1.5524
4.39385 1.74393
-0.631643 -1.23078
3.66238 -1.9312
2.63996 -0.240041
-4.5002 1.5436
-1.72952 -1.6491
-0.496078 -2.1106
-0.173968 -4.62505
-2.19996 -4.85765
-0.412945 -5.75843
0.166031 -4.34011
-5.61186 -1.03368
-0.0511443 -5.02502
5.49997 0.901708
-0.200329 -0.422481
1.05026 -1.12734
-3.31304 0.411348
3.30463 1.62481
-3.38879 4.65263
-2.89947 -3.17092
0.844413 -0.546725
3.92267 0.553843
2.09694 5.50707
-4.83291 -1.86262
-2.56099 0.0309236
1.15455 3.73554
0.73586 -0.399274
1.04262 2.66606
-4.95818 -2.69567
-4.50553 -1.57773
-3.31164 0.00904364
0.572816 1.5966
-1.40599 2.79012
-1.7625 2.8291
5.02568 2.91041
2.35419 1.82385
2.39315 3.06011
-4.02301 2.43109
-2.83154 0.206181
5.36929 2.40405
3.71112 1.78344
-1.84817 4.73712
0.390872 -2.4422
0.655956 -5.4483
0.124118 -2.58631
-1.08216 -0.147666
-0.456384 5.70784
1.58073 3.11701
-1.62891 3.63385
4.53742 -0.67478
3.13857 2.1552
-3.28548 -1.86409
5.14544 -0.722252
5.72987 -1.23795
1.22483 -2.29366
0.0536129 4.24804
2.93354 -0.134873
1.75632 1.33741
1.66695 -1.76644
-0.602928 -0.660854
3.71088 -2.83487
5.69246 -0.197019
-3.38949 0.94835
-0.194974 -4.19441
3.0825 -0.0435117
0.210493 5.73634
-0.421793 -0.500711
-1.1509 -1.58318
2.16387 -3.89958
