5000 2
4.41933 -4.36495
-1.77464 -6.36329
-7.87681 -5.55291
-7.67895 -0.0445517
-8.78107 -3.44272
8.06809 0.342552
2.38297 -9.50536
3.45055 -6.59698
4.57874 -5.15817
6.57837 2.73167
-8.81436 -2.92184
-7.39345 -1.76283
-7.89565 -2.15333
-6.54728 -0.0876705
6.52202 -4.33461
-3.91646 -4.02122
-4.58709 4.83372
-5.12965 5.90749
7.18161 1.38561
7.86786 -4.83125
-1.02285 9.00981
7.92153 -2.77708
5.6654 -1.53849
2.65043 5.74498
-4.11372 0.652849
-7.56108 0.980279
-4.18283 -0.780036
-5.67893 -5.8083
-0.181397 -8.74047
1.57009 8.43134
-0.000787923 6.75739
-8.51443 -1.98542
-8.95572 1.19594
0.108774 8.15713
-3.04418 -3.4835
-7.11458 5.30978
1.52764 -4.91389
-7.73962 0.240423
6.23205 2.07145
-5.0709 -6.68709
6.41984 -1.71176
-7.19305 6.41207
7.66958 2.64719
-8.72232 3.91121
-4.36275 -4.80819
8.7022 -2.14638
5.78821 2.46887
-5.74058 -2.00441
-6.03298 3.76949
-6.11914 -4.30824
-8.50846 -1.73793
2.12957 -8.26489
5.40522 5.50086
-7.72156 3.73982
-4.80271 0.922499
4.44189 -5.13087
5.39536 -0.20733
-4.60334 -8.2629
1.05976 -8.68944
-3.37197 7.29585
1.38589 -7.39405
8.14569 4.64956
5.23212 -3.73732
1.92251 -8.2905
1.54072 -5.19186
-9.39144 -1.88722
1.47732 9.38962
-3.28543 1.82611
-8.57997 -3.60043
7.64466 3.75658
-3.12635 -4.63653
-6.20069 4.99914
0.551544 9.80086
3.12456 -5.4748
5.08383 3.97214
-0.242109 -9.12543
-2.77281 -2.54988
4.10041 -4.43755
-3.21825 -9.12574
3.7054 -3.27361
0.14926 8.61048
-3.68395 3.85573
-1.04319 7.14399
0.83082 3.58929
5.12386 -3.30838
-3.89337 4.14651
-9.66268 -0.647137
3.56762 0.95914
-6.64395 -4.94774
3.31261 -5.00626
-0.171807 -7.55467
8.67362 -2.39056
1.94008 6.89463
-1.90371 4.28799
8.19335 5.68081
-2.69009 7.67094
5.49862 -4.6885
-1.27596 -5.01148
7.36144 3.77492
5.09282 -5.04859
-7.73611 -0.842356
2.51852 8.77437
3.10505 6.60957
0.437454 -7.70766
-2.61253 -8.82926
6.65078 -0.384679
5.06068 -5.23242
-1.29269 -6.23766
3.72723 3.6377
-1.21298 -6.60977
-6.10684 2.26722
6.06087 4.97117
-9.53526 0.955695
2.36169 -7.15071
-1.99237 -5.69588
3.54033 2.3231
4.36385 3.15837
-7.1699 -4.438
-4.9047 6.63567
4.70986 -1.30268
5.87765 5.58773
-7.02556 1.42311
-8.35972 -1.76674
6.37819 -1.75967
5.19578 5.47858
-1.48425 -5.8136
2.37844 -5.52413
-4.13173 -1.98831
0.968099 -9.15276
9.57234 2.40084
-9.04259 1.19818
4.4747 6.21743
-3.64367 0.840111
-2.82575 7.59772
-8.11239 -4.86459
0.833713 -7.79002
-6.89033 -5.69267
3.35919 -2.01245
-3.23435 0.267526
-3.68801 -4.46331
5.11178 -6.24942
6.01421 0.787754
-0.0967274 -5.69804
-6.96039 -3.33349
-6.00672 5.11207
-1.36999 -5.4364
0.186363 -7.80242
4.73838 -1.96401
-9.19631 -2.37381
3.31731 -6.03866
8.21829 4.80996
0.985724 7.0689
6.99258 4.24956
2.3576 4.26509
3.43182 -1.36745
-2.66091 -1.84471
-3.98048 0.00139821
3.49969 -0.691188
3.20858 6.64562
-7.10993 3.42164
-4.23294 -3.06986
4.84293 -4.81874
-8.5228 -2.74377
5.50923 -6.30849
-6.72489 -5.19514
5.33543 -7.49236
-4.08851 4.34931
-1.06286 -3.46784
-3.90955 -7.84456
-3.46006 6.69377
2.14886 -4.0854
-3.36475 8.6999
-1.41507 -3.14712
6.36907 4.9659
-4.64639 8.16547
-2.87249 1.97895
0.214894 -8.27044
-1.3522 -6.4741
5.52224 -7.73318
1.20481 9.21363
-6.51828 7.31215
-4.63014 1.18571
8.14403 -3.26209
-5.874 -4.33418
-5.36124 -6.32798
5.56907 -0.721779
9.06026 -4.16226
4.83587 -3.45898
4.88522 5.95287
2.2112 3.58588
8.9142 1.01656
5.37631 -0.388167
-3.91592 5.09134
5.03616 2.72818
-7.51698 2.11366
4.21478 -2.11534
5.12652 1.35984
-5.12132 5.9624
-8.77233 3.40172
-7.24376 -5.91899
-0.409662 -5.19068
0.314548 6.61014
-3.30818 -0.618816
-0.442934 -4.39587
-1.43194 -6.62025
-6.5173 3.73861
-9.44008 0.581829
-1.19618 -4.27099
-2.58362 -2.97827
7.81574 -0.795438
-8.91984 4.32507
1.98626 3.10251
3.87916 -3.04048
-3.02487 1.06962
-2.90127 -1.57515
6.4054 -4.44754
3.92733 6.61166
2.23051 8.22994
0.62024 4.36861
3.30649 -7.76179
7.63155 3.44257
-5.56934 -3.87966
-5.38742 -6.43087
-3.59444 8.28942
0.250767 -5.36452
-5.55244 0.202677
4.75913 6.74973
2.69202 4.81929
-2.15568 9.51096
-9.34629 -3.03839
-6.18466 -5.65558
6.68427 2.52474
-3.12461 4.61108
-1.59413 7.4245
3.61355 -7.06689
6.74142 3.07867
3.26265 -4.60146
3.1916 1.14828
-0.929825 -7.56618
-4.72144 6.78798
5.50491 1.07971
2.79546 3.32169
0.712392 -6.83376
4.95277 1.24083
-5.45349 3.16699
2.99352 -7.90167
-3.30759 9.31159
-2.34332 -4.17056
6.29401 3.35783
-4.92665 -2.20123
3.8931 -8.71726
-4.41766 -7.68113
3.18482 7.2289
-3.92799 2.2608
-2.65769 -7.87704
2.55301 8.44208
6.009 -6.69634
-5.39691 -5.83961
-6.30938 -1.8099
0.979729 6.30111
2.72436 8.37206
9.27604 2.32117
-8.05501 -0.559946
-0.44556 -8.52783
-7.23475 5.64053
0.426799 -6.78109
-2.27325 -6.46571
-9.17575 3.15084
-3.81227 7.09776
1.9319 9.48034
-3.97264 -8.17437
-6.61194 -6.88626
2.57065 4.88569
-6.15909 4.11931
-6.67897 6.50616
6.4475 3.08504
3.68569 5.45716
-1.55562 -5.34008
9.24729 -0.732982
0.769401 -8.66906
-0.920261 -6.83087
5.97331 -6.53918
-3.95455 -4.14497
-4.4635 1.94398
-2.43964 -3.08352
-4.79573 -1.87559
-2.98084 1.02638
6.14132 -2.90348
1.15615 -8.64947
-3.72027 -6.58041
2.97193 9.18067
-0.496868 9.13134
5.11794 -2.72346
6.82972 7.0929
-9.65545 0.898256
-3.01345 -7.04189
6.89599 0.835489
2.06993 9.23278
-4.7069 -8.79248
4.82845 -8.25075
-4.88612 -1.08233
2.87278 2.75679
-6.69929 5.0509
2.39883 -2.81791
-2.8509 4.84026
5.84529 1.75524
0.382179 3.27868
4.69075 -2.50188
-9.13193 -0.422561
-1.97578 -6.97132
-7.00304 -0.0803721
9.18659 -1.01198
4.85963 -4.14369
-3.02645 -5.53127
-4.05863 6.60734
-5.82835 2.89309
4.21846 -0.356206
6.70155 -7.12698
-3.14854 2.55609
0.199423 -8.29045
4.31092 -6.37221
2.34808 4.22633
-8.07507 2.3048
-3.26756 2.05831
-5.93558 0.639598
9.71845 -1.93336
5.97507 3.05373
4.09922 -4.41279
-3.38839 -8.63407
7.25048 -1.0997
-2.71146 8.50978
-6.25717 -4.2424
-2.08165 -6.2754
7.52425 0.122023
-9.16294 -1.49628
-7.94164 4.93698
-4.2124 2.15583
-7.03015 4.19437
-5.21567 0.261727
-7.9857 4.3898
4.2431 -6.27224
2.39642 -3.32814
3.97446 -1.26084
9.02824 -2.31265
-8.69144 2.97261
-2.21036 -9.49466
3.21897 1.1508
1.47532 -4.26095
6.25949 3.27877
6.26135 -5.49856
5.74412 1.48591
-6.24658 -6.24181
-6.08946 -5.50899
-7.07776 4.01636
2.98529 -6.21255
5.65447 -5.29647
2.19977 -8.52065
-6.5022 -2.45521
-4.743 4.44101
2.01194 -5.24411
-8.51283 4.83414
7.36744 4.62614
0.074482 -8.18077
5.83731 7.67529
-1.32749 8.90779
-6.81234 5.08488
2.54842 -8.64155
1.39527 -9.74781
-3.50655 5.41519
-6.96695 6.55481
3.15594 1.81494
3.62254 4.03494
-4.75197 -6.31098
-8.71633 4.58712
-4.34817 0.262821
-2.76878 5.11017
-2.69986 3.40422
-5.35218 5.87658
7.75003 -5.32154
0.884865 -8.06993
8.64546 4.24199
-4.91513 -8.5072
-0.541927 -8.15879
-4.78639 -4.89114
-5.41115 -5.1789
-1.82388 6.04731
-2.91564 -3.17361
1.19298 -9.62264
-7.67158 3.83279
-2.36278 8.71805
4.19373 4.04105
-2.13887 -8.06308
3.78403 -1.80321
-6.54501 -2.05339
8.60333 -3.81402
-2.2696 -5.14517
5.17889 1.52288
-4.99064 2.33495
3.48953 8.57907
8.45233 -1.66436
7.0302 -3.37699
2.99318 6.31637
-0.794716 3.21166
5.98115 5.23074
-6.93843 5.75902
-8.13335 2.77943
-6.11047 1.41203
-8.01574 -0.459231
1.69764 -7.7876
-6.1259 2.03066
9.24038 3.06469
8.37122 -4.83162
-5.06498 -7.09669
5.88525 -6.58058
0.175565 -9.27103
1.72151 -6.56079
-7.24819 -0.409587
-3.92343 -1.0868
-5.77609 1.32118
5.05227 -6.57148
-6.93162 0.343015
5.05378 -1.04359
0.88109 8.47606
-2.91022 7.85912
8.23728 3.90669
-0.316102 7.26544
6.30257 7.35739
-4.33202 -8.30868
-3.90761 4.85871
-2.40988 -2.90715
-0.508756 9.33321
3.33827 6.33422
-0.715909 7.7154
1.60598 -8.35892
9.44008 -0.530958
-3.80819 -4.29441
3.80948 5.96532
-0.935625 -5.05237
4.80492 -3.77792
4.42366 8.43844
4.82276 -3.86253
2.41838 5.77502
0.739218 4.02975
-9.40461 -3.30069
5.3743 5.901
-1.8923 -3.93717
8.06192 -3.29783
-6.62548 5.57097
-8.66654 1.53294
4.11638 4.04621
4.59201 -2.07941
-8.70804 3.92075
-3.95208 -2.62561
-1.01569 9.3645
-6.74086 6.31516
-6.73801 -5.72187
-7.5362 -0.897978
-6.58264 5.60962
0.933852 -4.7445
-0.733446 -7.02895
4.44808 -1.1754
5.00468 -6.2821
-0.920359 -8.47926
5.08253 2.02528
-1.13838 7.31797
7.49771 -6.00356
-6.37365 -1.96516
-8.43556 3.54311
7.82925 6.20058
-6.91253 1.09001
-0.190034 6.09118
-5.45941 3.77429
-5.25987 -2.64197
-3.66539 -4.14184
8.14207 3.71001
-5.86299 0.75773
-4.832 8.60411
9.35572 1.62802
2.1547 -5.89812
6.19244 -3.6968
-4.75047 -1.13355
-5.51164 5.89515
-0.213258 -4.23129
4.63236 -4.00216
0.169777 -6.55484
-7.18493 2.82694
-7.63704 4.3099
-3.53888 2.10206
9.33557 2.89478
-7.48468 5.03985
4.73118 -3.06722
9.26979 -2.67208
8.46448 2.55034
3.58227 7.1919
-5.73052 7.08492
-3.71239 5.90969
0.818421 -4.79202
0.484141 -3.03869
3.76337 -8.95794
3.89405 7.33368
-2.81741 7.87005
6.14254 -2.32639
0.308732 8.86364
-8.72866 -2.61773
3.77242 3.12454
-5.91448 -4.70911
-5.93486 -7.20652
0.0111737 7.79569
-5.42196 -6.94649
-9.58426 -2.67278
-1.40257 7.08215
9.71132 -1.77511
-3.56487 5.2983
8.56413 -2.74172
-0.097317 4.39378
6.19982 0.328609
2.92627 1.78951
-3.69988 -3.92052
7.75037 0.54495
3.61135 -4.09219
2.51176 -4.80378
2.87254 -1.1589
-1.28697 9.82524
-7.26127 -0.180297
-4.06718 2.96952
0.781449 -6.18117
-6.86577 6.97973
8.35979 2.9947
-8.09923 -3.76528
-2.99008 5.70097
-3.81941 7.11388
2.99011 -5.2594
5.18142 4.1384
-5.94966 3.98694
7.49699 1.91628
6.87732 7.06836
3.68116 9.23709
7.71019 5.0997
-9.34949 3.07393
-2.93408 6.98826
-7.74429 1.67088
8.91763 -1.36962
0.803724 8.19117
-1.82869 5.27683
7.64939 3.21974
-5.76351 -7.3429
5.07647 0.275435
9.23175 -1.91536
8.54971 -5.04189
1.01218 -8.35451
5.78654 -5.64736
4.75551 5.8756
0.42621 3.31699
8.58572 0.173127
-8.81553 -2.66182
1.29766 9.81968
-0.657248 -6.3751
-6.35713 -4.3676
-6.22826 1.63081
5.0679 -3.84371
8.1764 0.698753
3.93799 5.73753
6.34164 3.85954
7.30439 4.95093
-7.40646 -0.428927
-8.97352 2.05035
0.170891 -7.83996
4.80502 -1.98897
-8.66873 4.70299
3.06992 -3.9274
-7.89081 -0.766607
-4.3638 -2.3978
0.154103 -9.99591
7.86733 6.16154
-3.02211 7.38905
7.71332 -2.14838
-7.82683 -5.48499
3.29035 0.874039
9.97199 -0.744684
4.08836 -6.94626
-5.806 -1.49018
-5.37722 5.01984
8.42286 2.96168
-3.03921 -0.0479819
-6.43198 -2.35925
-3.26683 -5.57415
-4.66125 -1.60606
7.00293 -1.83411
-5.96032 4.83806
-6.7206 6.93957
-6.65579 -3.91033
-0.860591 -3.95553
8.79867 -0.678258
0.520247 3.79387
3.62933 -1.82529
4.80764 1.97753
-3.57476 -1.05431
0.262027 3.8929
7.8886 3.65569
1.11074 8.19312
1.82335 4.96489
4.91974 6.0216
4.99552 -0.272806
-5.87807 7.28949
-5.51543 2.17316
4.37719 7.45961
-6.39576 6.46152
-1.15701 -5.89928
0.644032 4.2521
5.03824 -2.29953
-8.27991 -0.392009
-8.49771 -1.05962
-7.45283 0.352079
-2.605 -2.21285
8.66416 -1.47325
-0.910614 -4.68696
-5.70755 -6.71068
-9.65072 0.333399
3.44411 5.18468
7.74422 -2.96692
-5.06739 -7.64809
-1.37948 -4.8849
-9.02735 -2.59435
-3.31488 6.77914
-3.0006 8.91894
0.622008 -5.90386
-4.91936 0.347345
-2.17429 -3.2281
5.36236 5.19251
-7.95528 -4.34402
-2.94898 -3.48217
-4.75088 -8.09135
8.62371 -1.33492
3.98594 -8.26383
-0.891608 -5.24822
8.97356 -1.3549
-0.886281 4.2676
5.47946 -6.70838
-7.73109 3.50806
-0.0314531 -8.6325
-6.47702 0.73207
3.90672 0.310633
-1.24411 -9.69705
1.60903 3.00084
-4.82215 -5.85143
-6.04383 1.29503
5.62746 0.698978
2.80497 3.2094
0.441785 5.07225
0.995576 -7.35847
6.23871 -6.01147
7.04839 2.30159
2.78433 -3.69989
1.2189 6.12018
1.79015 7.09659
-7.54178 5.29234
-7.23498 1.65941
4.04617 3.98844
-6.27364 -0.990491
-8.75806 3.31406
-0.532418 -8.3545
5.84837 -6.49884
0.113997 -4.04759
-4.97268 4.247
-0.595231 -4.05455
-4.80956 5.80553
-6.46862 1.9697
4.81592 1.08499
-4.62075 -0.936548
-0.563139 -4.67589
-7.74177 4.07321
0.294377 7.59061
-3.39754 -2.4792
3.22328 -6.25086
-0.0787704 -3.89493
-2.05117 6.0068
-3.67844 -3.53798
-2.78068 5.04924
2.50781 8.75739
-4.52036 6.24099
-7.71563 3.37373
2.27076 4.70092
-5.92472 3.16117
9.82935 1.80346
-9.18429 -0.406372
-9.89112 0.0180101
2.69571 6.79396
6.12729 1.37582
3.45338 0.884508
5.92411 6.54684
3.04702 -8.73949
-4.67317 -1.94781
3.2407 6.44674
-9.3376 2.90415
3.36532 0.895071
3.46514 -1.35989
4.33962 -3.95668
0.0401583 -5.05885
-4.01934 6.95475
8.4275 0.911066
-4.50205 -5.91739
6.48941 7.55642
7.03146 -2.27459
-9.0379 0.0587094
6.72899 -5.83076
2.45299 7.42108
6.04716 -5.37531
-2.86966 9.55232
5.8139 -5.75895
-4.88517 -5.0807
3.76984 -0.225097
-3.19998 -2.14032
7.67643 -2.31317
2.59484 -8.56996
5.40285 5.72646
4.68416 6.75233
6.44299 7.36257
2.71646 -4.52156
6.06429 2.60502
2.6289 3.88466
9.45218 2.75163
6.59331 -6.3194
-1.89239 -5.36814
-6.2156 -5.59072
-3.16416 -0.104689
5.34292 -1.59926
1.20249 -9.78313
-5.11677 2.44904
7.74667 -1.7074
3.73641 -2.17422
-2.095 9.40333
1.73106 -6.14918
6.77551 -3.95862
7.39465 1.8885
-0.0513862 -3.64854
-0.928543 -6.02613
-1.1594 -6.02007
0.743998 4.38121
-5.04625 7.59692
6.79013 1.68497
-0.771748 9.23042
-4.30175 0.49126
-3.39339 7.34783
-5.10506 -0.690851
0.0222757 -5.61287
4.50242 -7.77613
6.66027 -0.787792
-0.418522 5.89934
-1.77325 -3.01489
3.25962 4.45482
-7.8405 4.76083
-4.71455 2.62137
-2.61545 2.09033
-7.86471 -2.25702
6.33679 2.45951
9.44947 -2.68608
-4.97407 0.749426
-4.38884 -3.24969
2.38036 6.76261
-0.77128 -2.90423
4.49802 -1.79245
-5.66353 -7.00139
7.68884 6.30497
7.56802 -4.22259
-2.31822 -2.39265
6.80406 -4.11297
-6.66139 2.03972
-6.67191 5.25644
5.0424 7.63674
-0.0918475 -3.68145
5.92121 -2.24744
5.80232 -0.439885
-1.0022 -4.00012
7.08737 -2.64524
1.51465 -3.20964
-4.44936 -0.312051
-4.63279 -3.24209
4.09511 6.54455
-3.12219 5.35093
-6.89946 0.704976
6.39172 5.66726
0.21832 9.3044
-0.67684 4.35577
-4.50251 6.28254
-9.33176 1.0681
-8.37265 0.801068
3.548 -8.82089
7.23068 6.0888
-5.59882 0.658733
-3.27035 -4.76983
-6.5064 6.86688
-1.4704 7.05846
9.1758 -2.3776
-0.254257 6.70808
2.64348 9.03738
-8.76429 -1.47226
-4.19333 2.65927
-5.72994 -3.10848
-4.23309 -5.5095
1.05807 3.05299
-2.43443 4.52924
2.8659 7.24005
3.43999 -4.16838
2.11885 -8.52871
-3.13867 8.36711
6.08658 -2.81336
-4.15464 -7.09921
3.56823 -8.77032
-2.68944 -1.36134
-0.0758316 5.49791
3.45283 -8.3564
-6.00386 -6.88129
6.16097 7.38573
-7.95486 2.71834
7.07693 1.99166
-6.24293 -4.98247
-0.360324 4.02943
2.56692 2.15578
-7.83862 -3.65914
0.783634 -9.45515
7.35887 0.514665
-2.41971 -7.985
-3.93592 8.96271
-3.74233 2.72376
5.17758 -0.413339
-6.99551 6.40158
-8.61923 -3.39998
-3.49266 -1.13737
4.26988 3.89895
7.83267 3.68166
-2.366 -5.39691
-5.95012 -3.62295
3.62772 -8.97935
4.10208 3.70623
4.39072 -5.17294
-1.60503 4.25506
-5.19544 0.18771
-5.15713 4.06687
-8.18846 -3.38559
-1.68305 -7.03542
-4.32343 -3.87804
1.78839 -2.50759
-5.00997 -2.5115
2.52941 -8.26703
-3.99587 1.36009
-1.03095 -7.128
-0.334147 3.98862
-3.30337 0.230865
0.154456 -4.06336
7.06388 2.70446
-6.15967 -5.61716
8.08215 -3.24021
-6.68746 3.91143
-0.532529 9.78532
-2.10541 -5.61198
-0.487227 -8.82149
-2.78018 -6.52677
4.52146 -7.89801
-5.61057 3.1841
6.11216 7.12667
-3.16458 -7.13653
-3.58034 5.22148
-2.62761 -2.30673
-9.24724 1.57009
-1.86163 -8.38542
6.22597 -0.0972573
5.3968 4.08275
-1.2933 3.52718
-0.827678 9.22165
-0.854096 5.21419
3.06625 -5.50356
1.7304 2.79153
-2.69875 2.18703
-2.55291 -6.68647
0.547634 4.08222
3.23406 -5.14179
1.95356 -6.53135
7.58605 -1.18604
6.20455 -0.174733
3.27084 -6.92608
-6.63886 0.604179
-5.55613 -1.88407
-5.50372 -1.01838
4.08958 -6.40001
-4.9123 -1.06203
-9.53189 -2.46247
-6.78364 7.31084
-2.48794 5.11787
-3.93169 0.0259858
-3.25674 3.93719
-7.70786 -5.93263
-8.94364 4.18065
4.18205 7.79358
-1.65797 -5.52408
-3.17566 6.66789
3.81382 -1.09856
-3.45734 -7.48535
-6.19365 3.28235
7.3471 2.76047
-4.76986 -6.95454
-4.98687 5.73136
6.9271 3.70677
-0.365041 4.75488
-4.73523 -5.04959
-3.92499 -7.37025
8.23924 -3.14446
-1.94624 9.46749
0.0978313 4.25076
2.5487 -4.02603
-5.50955 0.934901
-7.12045 6.58092
6.71118 -5.18281
-7.45174 -1.44441
3.7672 -4.68185
-8.788 0.132992
-4.80702 8.4414
-5.42939 8.19553
2.3126 7.81958
3.71779 4.9601
4.33224 -8.05989
-2.5587 -3.98921
-6.68026 4.90507
-0.527661 -8.39092
-6.26262 4.19909
-5.83456 -1.37027
9.91255 0.205192
0.361461 -4.92025
5.35813 -5.97689
-1.27593 -4.52812
-4.11157 -3.23832
-6.40641 7.4795
8.01216 0.426909
-4.93235 2.05159
1.11598 -3.78057
-2.0415 8.52496
-1.00026 8.55585
3.55876 -7.95601
3.42258 3.29102
-7.81811 1.02981
8.04904 0.144968
-3.53096 -4.81523
-0.361153 -9.89337
2.10332 -9.48819
-8.0773 4.73619
-5.81785 -0.619462
-1.17072 3.68865
-4.82145 5.90472
3.9932 -6.30192
6.1626 -5.26204
0.830169 -7.35323
-5.75001 -0.445657
2.07508 -4.10364
-9.94821 0.509678
6.16127 -7.45606
5.97055 7.07409
-5.79412 -1.77751
5.37759 1.18319
5.79727 -5.29541
6.57024 6.03928
3.68942 8.12008
-5.83956 -5.54318
-4.26044 -5.25923
8.14902 0.636906
4.47641 -5.05604
3.17695 -4.93688
5.87457 -6.16038
2.48848 3.92065
-5.70754 -6.55149
9.1211 -1.71004
-0.707038 -3.18099
-2.92604 2.07218
7.07531 -5.3014
-0.138384 -5.81295
1.81725 2.52476
-6.34305 -7.60115
7.55376 -3.92002
-3.74377 -1.55614
5.70031 5.13069
-8.45844 -1.05219
-4.20767 1.77426
0.0424048 -7.30241
8.47049 3.4864
-4.08707 8.58382
8.32888 3.52445
-4.60305 -3.43856
8.03958 1.28877
0.321939 -9.1788
-3.82751 -8.91624
4.69439 -1.36448
7.23846 -3.21506
4.43277 1.51252
-9.0856 -1.61242
0.121644 4.46984
4.6208 1.79244
5.53565 -2.32607
5.7202 -0.648122
7.01532 6.42948
2.61495 9.51073
6.77199 -3.15055
4.78986 3.1475
0.0909713 8.95519
9.94587 0.161094
7.51499 4.47886
-3.7865 0.349123
-3.23181 2.98557
-1.50202 -4.3816
-1.56515 -5.45883
-6.57579 0.652868
-0.638245 -6.98864
1.86996 8.33797
-1.18073 -4.44524
8.87587 -3.232
-2.11206 2.6713
-3.4903 -1.43263
-6.48787 -1.56771
-5.88439 1.12918
-7.81828 -1.76624
-5.14116 -7.41244
5.09421 -1.63929
8.4301 4.67268
-6.28068 0.559602
5.22961 -5.94336
9.91732 0.350657
-6.50892 4.55158
-1.55931 -7.39818
-1.2285 -7.35058
-1.24067 8.10929
-7.13396 -0.528892
-3.35857 -7.52182
0.826167 5.39353
8.99043 2.12387
-4.12946 -3.80799
4.44611 5.79748
-1.83052 -5.62966
2.29325 2.69029
-4.30748 4.18121
-0.244486 -9.07169
3.27584 -2.98138
0.720865 -4.42765
4.45373 -6.11022
5.57895 5.33343
-1.07359 -3.79912
-5.94292 -2.60991
-4.73847 0.564816
-7.12945 -4.74569
6.25838 4.55355
-3.6166 -4.24967
-4.23374 3.49633
2.86034 -6.24218
6.44509 2.54867
-4.4341 -3.88983
3.6734 -1.13833
-3.39914 -9.29516
-3.69741 -2.33934
2.75727 1.39756
5.00994 2.07197
0.722689 6.24138
-1.04663 9.35376
1.73364 -2.63629
0.605978 4.67259
-7.70039 -0.395167
-1.57584 -5.07729
5.94045 1.15426
-5.92733 -0.689505
1.64555 -3.27156
-5.07456 -8.14396
-2.08709 2.24577
4.68566 -8.09184
0.463153 4.21338
-5.68351 -2.75638
-6.56064 -4.70776
-3.24356 5.56415
-4.52694 -4.26531
1.65704 9.82814
1.51078 -8.25366
0.777922 -5.47217
6.69036 4.95751
0.896985 -4.36879
4.074 -8.32902
-5.83698 -2.18259
-3.35208 1.61769
8.4356 -2.82793
3.61981 -1.93042
-4.59702 -2.15298
-5.15214 8.01438
9.70799 2.2172
4.45933 7.96618
7.66905 -6.22745
-4.68181 -7.18784
2.12245 -7.91849
-6.06883 1.10243
4.85081 7.63067
1.84384 9.37851
4.68575 -6.57352
-1.20595 -8.35411
-7.55792 -5.91233
-8.47849 1.94779
-3.48848 9.06689
2.24924 3.01183
-0.0949462 4.23892
3.49454 -7.19135
-5.04109 -5.61741
3.06501 -6.35144
-8.62966 1.33427
5.07984 -3.17999
-6.03345 -4.13514
0.71484 -5.68365
-5.14171 3.35229
1.90215 9.36924
8.76554 2.36522
8.20995 4.62294
1.61855 2.90562
-5.24219 -5.48679
3.58222 6.30971
7.33 -4.747
-2.75526 -7.61331
3.01583 7.01727
-0.812464 4.91711
1.90091 8.60713
6.79508 4.84656
-3.91174 -4.62489
-2.49212 -5.02831
9.18074 0.644216
7.34085 -2.25829
4.89692 2.58116
1.52591 5.93476
5.56862 -8.23948
-0.877516 -8.41055
3.86515 1.64345
1.4492 -3.22369
-0.479034 8.8733
-6.39693 6.83033
0.327715 7.9084
-3.4414 0.359464
1.51433 -8.64615
4.14149 6.00694
-1.36043 -4.67588
-0.890352 -4.14771
-2.07032 4.11481
-2.41303 4.26861
2.55942 -3.90105
-4.90015 3.20996
9.87679 -0.862628
1.81162 7.93558
-6.78903 -3.30098
0.405341 -7.44069
4.28864 -0.905924
-5.85711 -0.48523
4.74769 -5.63777
6.0454 5.01331
-1.35262 6.59158
4.69376 8.08761
8.49987 -2.732
0.798202 -4.62205
-2.86087 -2.63058
7.91083 -2.70233
7.39708 2.80303
1.05812 3.88227
-3.86645 -3.45429
3.78129 -7.91242
-4.05462 -5.92121
2.1781 7.35142
0.122161 -6.83804
-8.45483 -0.376857
-3.1739 -3.75657
3.24938 -7.58944
4.31636 4.98093
-5.45057 -7.76246
-3.5832 -2.77185
-6.14753 -1.6039
3.18971 9.43692
6.36791 5.45303
-6.4638 2.88106
1.93108 -4.41256
-1.96189 6.59399
5.19288 -3.32008
-0.63937 -5.89433
-6.07259 -2.10254
2.57373 -3.37168
-3.88878 1.19821
-1.67258 8.99888
4.11487 -1.39278
-8.46533 3.26922
5.73015 6.63692
6.72949 2.61296
-4.05814 -5.10891
-5.49851 6.54179
7.81728 5.04786
-0.620364 -6.45262
3.05032 6.81192
-7.29591 -2.35745
-1.70697 -8.99039
-1.47694 -2.95697
2.14393 -7.01987
4.84343 3.5453
5.91139 -7.33594
4.90522 2.03814
-5.04246 -8.61379
8.05834 -3.42344
2.20938 -6.98047
-0.78603 9.19755
3.30497 6.60482
7.13655 4.04053
-9.06551 -4.0392
-6.76993 -2.28898
8.3277 3.69618
1.77993 -4.63445
2.84419 2.34513
-5.45609 -0.477225
-0.728922 9.00298
-6.98616 3.63287
-2.3477 2.1866
-9.86133 0.696209
1.18566 7.41602
1.09286 7.71893
-7.96945 -2.59169
5.67605 -2.58261
-5.85496 -4.30299
-0.273193 8.43938
0.643296 -8.11607
-6.75912 -0.502306
-2.25639 -3.11264
5.92095 -6.60751
7.522 2.30688
-8.18618 -5.06785
4.69694 1.50994
-2.45053 -6.13901
1.58547 6.99251
3.06653 -0.894451
6.96459 -6.12212
5.53695 -0.531511
6.89111 -1.17109
-2.44331 -4.67846
-2.0761 6.96984
-1.37609 -7.89077
8.00136 -1.086
7.5469 0.728691
7.10434 2.72109
-6.60802 -1.05491
0.252578 5.08146
4.13764 1.35456
6.01777 0.654314
-2.95215 3.13981
6.30195 -3.0689
1.02661 -5.7189
2.38665 -7.65497
2.91344 6.25537
-5.9857 -1.57901
1.61527 7.86558
-3.1526 -5.69987
2.31845 6.1252
6.19786 7.40323
6.08231 5.31114
4.36812 -5.03297
8.2228 0.604432
-1.305 6.8117
4.19519 8.56028
8.78233 4.67488
3.87481 3.89582
-2.89591 8.5134
4.73094 -7.14429
5.97443 -7.70862
1.22523 -7.51555
6.09991 1.22789
-2.92388 -1.56761
3.69962 -0.537063
-6.41299 -3.11226
-7.74924 -1.47522
3.3001 4.74287
-6.55836 -6.28435
-1.10342 -5.21864
-9.6043 0.565908
-8.78085 0.337102
5.66578 4.80025
-2.2642 5.60753
5.80112 -0.506226
-8.13689 3.35584
1.66399 6.65799
0.781604 -3.57342
1.52524 -5.32691
-9.41625 1.0382
-5.26642 7.26339
4.60865 -2.44481
-6.46848 4.21368
-0.669468 8.24297
-0.454924 -5.91424
-0.585235 3.95647
-3.65015 -8.06131
-6.49158 -3.9146
7.35658 1.97465
7.91568 -1.20353
-0.657676 6.4478
8.22963 -4.67226
-6.74524 -7.23659
-1.03206 -5.81972
2.58656 -7.76225
-5.53941 -0.901601
6.79695 -3.62883
-7.82557 -4.3098
-3.73972 6.56693
-2.01289 9.40072
4.39788 -4.85143
1.93459 -5.30626
-2.27827 9.10827
2.71919 1.4103
2.92762 4.45624
-3.95786 0.213617
-9.73755 1.01794
0.0769866 -6.08695
-3.43067 0.676507
-3.58704 -7.3286
2.72894 5.2339
0.880059 -8.84385
6.32233 -0.645051
-1.37463 -3.41114
-3.15174 8.76107
7.32035 -6.80888
3.21962 -7.91686
1.35007 -9.41059
-3.71723 4.52202
1.59036 9.24405
4.71253 3.46337
5.86403 -3.25562
2.78762 -8.42209
-3.72632 -8.22664
-5.09763 4.16181
3.01983 -5.77254
0.989262 6.51831
7.1057 5.51117
-5.65697 3.36388
-3.25335 0.98907
-7.92306 -2.90844
-2.16307 5.31947
4.30861 -5.19679
-2.41907 2.6803
7.86949 2.55948
-2.86155 5.94887
2.70886 7.78731
1.28185 3.97075
-3.5985 0.0226601
0.847642 6.31578
7.91135 6.01061
-3.57657 8.51849
-2.92129 1.84542
-4.03468 9.0751
4.57276 -5.68523
6.18213 3.05446
-3.69571 6.13706
5.63018 6.47447
-3.53699 -6.16217
-7.61142 -5.15104
6.44752 3.38714
-6.57464 0.108283
-0.0848152 -5.48887
8.13206 -4.39148
-7.59922 -0.172952
-6.80456 -4.30085
-4.35313 -3.0974
-7.59095 -1.04155
-5.34492 7.9692
-3.67311 6.07646
-6.71362 4.11127
-1.81439 5.61038
-6.27551 7.46267
5.04462 4.88165
5.94418 3.82281
-9.20697 -1.62334
-3.47512 -6.30238
-4.17519 7.59668
-2.56732 -8.94875
-1.69998 8.46369
4.82577 6.64025
2.61149 -8.64139
4.17551 -2.26395
-3.27313 8.47654
5.16252 6.45683
0.0150143 -7.65524
-4.24791 5.43148
6.95927 4.3857
-9.60913 -0.709215
0.227602 5.29928
4.94879 -5.75149
-5.2432 -2.38204
5.06668 -4.23563
-8.22879 -1.34843
-3.08834 -5.64901
-2.98036 9.1082
1.55149 -4.02769
6.61355 -6.14344
-2.44821 -6.99512
-6.90562 -2.76432
0.0473466 -4.24584
0.0933782 9.40766
-5.42705 7.61414
-9.20213 -0.190437
2.92847 -1.26408
-5.37113 7.46028
4.94715 6.80864
-7.25145 4.90992
1.01215 -8.79138
3.3472 -3.53645
2.90515 6.80841
8.95104 0.144356
6.19771 4.99161
-5.97173 -6.91284
-4.08353 8.07049
0.749001 8.45739
3.31968 -6.22044
-6.97697 -1.99231
-4.73809 6.94268
5.64486 -6.85653
-7.98474 0.546709
8.54625 -3.23799
-0.826678 6.03018
6.14189 6.81389
1.10466 6.03067
0.384659 4.95597
-5.01831 -2.81592
-7.10341 -7.0192
8.24162 -3.09927
-6.81623 -0.408844
8.56652 -2.56145
-2.36889 6.01479
0.601931 -3.34482
3.69042 4.8707
-4.55609 5.80366
2.11634 9.2881
5.05262 -0.544554
7.68828 -3.11047
2.34738 -7.6494
-3.5148 6.7889
5.39508 -4.86105
0.397079 -6.29958
2.97477 -2.99865
1.69624 8.77102
-5.47819 8.08172
6.02273 3.99184
-5.09684 -2.58408
9.40573 2.11794
-3.80876 6.19937
-7.24951 -2.48324
4.26814 -5.44962
9.44364 -0.825935
-6.99088 4.21134
0.0704893 4.71328
-3.49964 1.47336
2.67796 8.55028
4.60411 1.33606
-4.7949 -7.92587
-1.00497 9.42046
4.96221 -0.135418
4.0213 6.0525
4.30173 -0.801028
-2.87227 5.79352
4.7221 4.27741
-9.48777 -0.938874
0.352756 8.7639
-7.94561 -1.91086
4.18546 5.08104
-2.92096 7.42343
5.57768 4.10033
-5.72358 3.84966
1.16404 3.95364
8.87353 -2.59175
0.502925 -7.34487
-5.25901 -8.24146
4.38481 -4.57315
-0.960144 2.85156
6.24704 -6.00915
4.28425 5.4506
2.94733 -4.20096
-7.52434 -1.62656
2.33855 3.92914
-2.95973 -4.1107
2.07698 7.86457
-0.175733 6.45714
5.18214 -3.77675
-0.662422 6.66548
6.75578 4.44907
-4.53607 2.23454
-4.0308 -5.62356
4.8896 -0.552675
-8.80251 -3.7204
-8.68696 -1.73913
-8.82121 1.89075
-2.14405 4.88985
3.67372 4.23385
-1.7343 -8.44272
3.22442 -7.20805
9.07622 4.03645
0.682637 -6.91481
2.79606 -6.69515
-5.414 6.9641
5.64767 0.398936
3.20313 -5.00148
0.129403 -5.12547
-3.81484 3.90402
-5.06321 2.59248
0.278014 -7.41126
-0.984337 -3.75008
-7.52205 -3.07997
-5.11654 6.37412
-6.33789 -0.928175
0.157798 -7.89148
7.96921 -1.44076
5.08618 3.36523
2.01647 -9.11952
2.66757 -6.08262
9.32216 -2.4602
-8.64856 3.59886
6.06453 6.61322
8.39172 -0.405633
2.53074 -5.8354
4.35099 7.11035
3.63117 9.01718
-8.27266 1.38583
-0.454915 -5.74894
-2.50715 2.34087
3.04064 3.98274
-2.07356 9.6677
8.62964 -1.63966
6.38105 6.3797
3.60763 -6.63302
-1.2148 2.84235
3.60594 5.07434
4.41955 -0.621601
-7.25057 -0.337688
4.48129 -2.98325
-7.78699 4.02819
1.78775 6.6975
2.96193 1.11408
4.42543 -1.7996
-5.90724 -3.0554
7.96706 2.3701
-5.6462 4.3554
1.21996 3.88541
2.04621 -9.27045
-8.43432 4.29989
8.23817 -1.10065
1.36313 -9.84305
-2.34254 8.84689
5.50879 6.16803
4.96361 3.36232
-9.55433 0.359748
-4.19042 -8.39165
7.97901 3.24483
-4.1606 -7.20301
-3.89381 -3.33284
4.9347 -2.42935
9.73518 -0.88359
9.50072 -1.35094
-5.30033 -2.60163
-5.62194 -7.89734
8.65332 -3.72575
1.24765 9.28719
-3.90038 6.25243
4.55807 7.46091
-4.42464 -4.87507
4.77609 -8.21093
7.42427 -0.238902
4.77227 7.57762
-2.86226 -6.08229
-5.07134 5.94971
-3.21996 2.20737
3.30403 -9.23247
-6.03349 -4.90572
9.50422 -2.58368
-3.83369 7.09009
3.18066 -2.64368
7.74551 -1.1589
2.34851 -8.5299
-6.07109 3.25458
-0.254201 7.64802
-4.88345 3.87296
5.92256 0.38986
3.7899 -3.1717
-6.83145 3.79536
2.11773 -7.25111
4.84274 -8.07357
7.54186 -3.88516
2.09237 6.45282
-0.923025 6.71838
-4.17008 -6.49467
4.05633 -5.33598
-1.71449 4.63284
4.19675 -5.23344
0.403074 -5.54134
-4.77535 0.738911
-1.12156 9.87979
1.13461 9.35105
3.16851 -6.80219
-4.36523 -6.48157
4.18016 -4.02968
-6.91525 -4.55087
-6.47839 -2.35415
-6.26074 -4.26878
-5.34764 2.24864
-7.05194 -1.90596
6.46721 -5.53709
0.651491 9.60987
-6.85547 0.163979
-4.00284 4.24583
-0.384989 9.49435
-8.42726 3.08195
7.79936 3.76191
6.48745 -5.39322
-3.91628 -0.914305
-6.71595 5.03453
-4.72907 -1.53912
-8.0382 1.95696
1.56744 4.04033
5.62394 1.64213
3.9475 5.56796
0.696855 -7.95635
-2.31822 -2.30734
0.565954 -8.01496
-3.25584 -0.949625
-0.346684 -6.71916
-5.15897 -6.89222
-2.35591 4.29286
-9.93515 -0.148184
9.47329 -2.47201
-7.08616 2.98049
6.28662 -0.731601
3.981 8.73377
5.37666 5.5234
-8.16303 4.0154
6.91181 6.73967
-6.33204 -2.59141
6.15826 1.86084
-4.8532 -7.65613
-1.17552 3.07126
-1.37729 -8.06183
4.84823 4.26131
-0.156646 7.25767
-0.343208 -8.30157
-4.50773 -1.4916
7.8408 0.335388
-3.13933 -2.65977
-2.76464 -5.37601
5.32848 -4.17069
3.21224 8.18812
-2.34362 -9.23938
-6.28464 -5.91914
-3.05044 -8.67115
3.96673 8.88263
-9.62943 -1.82747
5.76266 -6.92864
-7.78829 2.26634
5.3075 3.11394
-3.94717 -0.00622854
-4.68309 -8.67749
-2.55203 8.01693
-4.20265 5.99523
1.85742 -2.42131
5.09714 7.62629
-4.87034 4.16694
-6.25725 -5.57899
1.11435 8.95205
-2.9737 1.09901
3.98429 4.01893
6.13034 -7.32483
0.117176 9.37865
6.89717 0.743894
2.63389 7.82716
-8.84731 3.19536
4.44826 1.96219
-1.49605 -4.10844
-0.18256 -8.29261
6.02465 -3.67445
3.46451 8.00814
-7.11481 1.32522
-6.99106 1.30447
4.30522 -2.21549
-1.25517 4.27923
-6.42382 -5.07472
7.11928 -6.28787
3.08363 6.62366
3.84139 2.15989
1.29843 2.74602
-7.58484 1.59925
-1.45324 -4.6876
-4.47775 2.40073
9.1262 3.98651
1.24255 3.52755
7.59649 -5.85299
8.85703 0.0736577
-2.03469 2.90625
5.35816 -5.44501
5.65481 0.394394
8.58704 2.33333
-3.64527 -6.0862
-5.3957 -5.54349
-1.63315 -8.42211
9.14629 1.69043
-8.93418 3.1699
-3.52844 -2.55237
-2.12976 5.15469
-5.15296 -5.73796
2.12567 6.08549
-1.13082 -5.71704
-6.2437 2.10747
0.165866 7.71415
5.84598 -6.57627
-2.55597 1.84185
-4.02365 -5.44026
5.47188 5.89602
-5.64666 -3.46925
-7.62987 4.79638
-7.18268 0.700931
0.550368 -9.96651
-5.90037 -7.55008
-6.84721 -1.0266
-6.60718 -6.85084
-2.02344 -7.95952
4.37701 4.34064
-6.83509 2.62852
-2.40759 -4.29873
-8.81531 1.06024
-0.522934 -8.95155
-8.77465 4.45254
-6.0925 3.29826
-6.1752 -6.59042
-5.10968 1.55041
-2.19003 -7.86989
-9.19045 -3.84483
-0.156878 3.35795
-2.99228 8.67849
-0.695469 -8.75066
3.12968 0.522287
-1.91552 5.92506
-1.26275 -3.0342
4.19991 7.87302
1.80415 2.41016
-8.15755 -3.95275
6.07014 0.844428
-7.70073 -6.09323
1.1254 -5.36061
4.1725 7.18866
-0.173096 -9.23074
-4.6383 4.09855
4.35465 8.57803
0.722138 -3.02269
4.51675 -6.92759
7.92184 2.28533
-4.09824 0.904828
9.29238 -2.93257
-7.69469 -4.60322
1.21305 7.65835
-6.18416 2.77123
-3.94848 -2.11275
5.11234 3.02279
4.09333 -3.36283
0.940785 -8.21862
2.05482 -4.63664
5.08752 5.89406
-9.57945 -1.8508
-6.44895 -7.42818
-5.41432 1.55358
-9.09753 -2.23419
-6.74118 0.94095
-5.45466 3.49494
-0.48384 8.10486
-1.63208 9.68106
9.64002 -0.153938
-7.23356 5.58729
5.52593 -5.72063
-6.55949 -5.42593
5.22042 -0.444344
-8.08144 -4.76322
4.54477 3.89645
7.62665 1.06956
-3.91337 7.95808
-8.47487 2.9174
-7.28827 6.09628
0.11756 -4.17352
-4.38069 -6.25536
6.13158 -6.55662
2.86793 1.37288
-6.0661 7.0991
-5.4068 7.91312
-4.11285 -4.72765
2.39642 -3.38997
1.53099 -8.67986
-2.42425 -4.39854
-6.28424 0.838926
-0.170374 -3.47544
5.44568 5.5178
-2.30955 3.34672
8.24899 0.842712
6.96243 -2.37856
3.57959 2.25289
4.28996 1.32488
7.23011 -3.56753
-0.385837 -4.75434
-0.135316 5.73872
5.38392 7.57031
-5.80263 -4.79658
-6.7135 6.20812
-0.210187 7.38831
-4.73217 6.46091
7.37912 0.915865
-0.915265 -2.86112
-6.89939 1.93966
-0.0692704 -4.2276
6.6723 1.30597
-2.63042 -9.40786
2.14389 -7.71626
-7.23053 -3.5399
4.82566 4.8826
1.85503 -2.48465
0.528879 8.86987
-4.06866 -1.97672
-2.71125 -7.91029
-8.16805 -0.439728
-5.77064 -7.12705
-4.31733 -1.29719
-1.89939 -3.10115
4.81186 -7.07518
7.5208 2.08824
-2.90807 4.14279
2.47591 -7.34233
6.70899 -1.99727
-0.588355 -8.48991
-9.93757 -0.670619
5.57317 8.23182
-7.78032 -3.91949
5.13118 -0.335141
-6.90781 0.468804
4.33063 4.8244
3.72824 0.475192
-1.69256 -6.88635
1.07659 -5.67806
8.21189 -2.7519
-0.268515 7.06684
-7.59888 5.64126
-7.38175 -5.10699
1.00721 8.25835
-1.99252 -8.33744
-7.28609 2.75718
1.25928 4.6595
-7.73109 3.59822
-4.71613 -4.05919
-2.8275 -1.78935
6.31655 2.26461
1.33305 4.54016
5.28564 -4.27837
-2.78796 2.82874
2.63927 -1.75667
-0.653657 -6.00813
1.43339 -8.94802
6.76013 -2.55298
-3.36687 -6.94921
4.60737 -3.8698
0.198201 -8.83201
0.449372 -7.40942
9.79959 1.7243
0.22806 -6.99707
0.224411 -8.32074
-9.02703 2.721
-8.11069 3.68976
-6.177 3.1159
-8.42867 -0.671083
4.64897 -4.80363
5.35695 -5.80343
1.66802 -5.50602
0.34487 -3.77066
6.5817 -1.36457
5.60635 5.8946
-2.42771 -2.45971
-9.55807 -2.46894
4.5984 5.37961
-4.89248 -7.87549
-3.35372 -6.00439
4.22764 -6.02787
-2.57415 -3.71588
-7.71602 -3.13906
4.99878 -5.48666
5.76656 -1.49362
-3.22458 4.50482
-7.4193 3.89559
-6.83179 -1.84026
-9.1856 -2.29563
-2.66926 -2.28342
2.48774 -8.58167
7.93742 4.17052
-6.11864 3.93888
0.751171 4.92639
-2.15665 -6.76429
-7.43824 5.46989
-7.48 3.56353
-3.88759 1.2334
9.75302 -1.06478
4.31914 -8.18404
-1.94473 -5.1037
2.15604 -3.38479
-8.13467 0.660389
-0.838071 -5.46166
5.80842 2.11905
-5.13395 -6.22283
-7.16601 0.942553
3.25937 0.204945
4.50979 -4.04123
-1.83281 -4.07717
-4.98327 6.20869
3.49138 -0.350086
-3.89798 6.57686
-2.77306 -6.78912
-4.65792 -5.61637
5.70855 3.52876
2.91921 3.18308
-2.04861 8.9911
-6.57689 2.2368
-1.09067 9.08035
-8.34031 4.48626
0.599086 8.83137
8.88219 2.9889
-5.63849 -6.06513
3.43993 -5.02818
-8.62256 0.670592
-9.51619 1.36256
-0.781499 5.34343
7.06093 -6.97342
-2.26991 9.60021
-2.68921 2.41175
-5.70817 2.82374
-5.78013 -6.67181
6.84097 -3.81701
-2.29009 -9.61498
0.971552 8.87179
8.10288 5.14749
-6.13751 6.84101
-3.19591 6.32914
-6.09174 -3.81562
-9.20702 -2.42742
2.33253 2.80681
-8.26099 -2.44905
-1.10027 7.80032
-0.0123008 -6.73941
-9.32714 -1.28977
2.77764 3.84833
-1.12625 -8.82077
6.13405 -5.00345
6.96955 -2.84157
1.77133 -9.18593
-7.88209 5.65756
6.63759 -1.97643
2.16427 -5.12978
3.72346 0.246455
2.16439 -3.03795
4.5548 -7.47801
-2.86682 -2.66738
6.7411 -2.24968
5.00878 2.5577
7.27694 3.51821
7.8875 5.19532
-2.33167 -8.30455
5.41117 5.57132
-0.366745 -3.87711
-2.57938 8.43969
5.94848 -3.911
7.86458 0.0761197
-4.4155 8.62946
-4.61634 -6.76667
-7.46793 6.51412
2.86646 -3.43922
-2.9466 -3.56596
6.90696 5.28501
9.57951 2.77009
-3.12246 0.829325
-1.54119 -2.71387
-0.909802 8.96175
5.32589 -7.7343
-0.569351 -9.0831
0.287773 -3.39122
3.79538 9.00508
1.37665 -2.66781
2.10573 -8.93383
-3.94288 -7.98547
2.72997 2.62112
-6.91025 -0.586294
4.98759 6.41642
0.766148 -3.34987
-1.24619 -4.75966
4.42588 5.82109
-4.93217 4.95893
4.77352 8.48452
-0.707286 -7.3609
5.37207 8.3817
-2.32451 -8.12329
-8.20637 -4.43738
3.28097 3.28994
-5.49092 -5.9269
6.5981 -5.77855
8.26923 0.96138
-2.07913 -3.91126
3.4311 6.54989
4.04025 4.43468
-6.40015 -7.37041
4.70409 1.68243
-3.3904 -2.42567
6.7094 4.83797
-8.21074 2.14471
0.257406 6.2154
2.1875 5.27237
-7.31361 0.0850838
4.71835 1.26403
4.53402 3.2579
-4.49242 -4.02675
2.46773 -4.78449
7.0957 -2.57874
-0.890773 8.7843
-2.28736 -3.58357
-9.00446 2.0227
-4.4542 -1.72429
-0.166388 3.51484
-6.05447 2.48378
4.95117 -5.6667
-0.261395 6.73297
-0.936068 7.51054
7.5493 1.04341
-3.33364 -8.47954
4.43253 -2.42759
7.45023 -4.03058
-1.89836 -5.754
-7.53142 -0.512713
2.82927 -8.49345
0.736873 4.62633
-5.25002 2.98356
4.77619 -6.51088
-2.08232 2.44837
9.73873 -1.20737
7.76607 4.3429
-8.87141 -1.76102
2.553 8.24219
6.53389 -4.85627
0.678722 7.28515
1.473 -3.3294
2.77486 -2.9291
3.38189 -0.533767
0.443296 -9.52961
-4.19841 -2.75288
-7.40982 3.17707
-2.92128 2.11652
-7.5657 3.24346
-7.20503 5.04131
4.28632 0.101383
3.94405 7.56642
3.20809 -1.61449
5.27771 2.45249
-0.946251 -3.6329
1.86262 5.10129
-2.55654 -7.83139
3.08183 -3.75408
-8.9082 -0.196805
2.43437 -5.57296
-4.74533 5.23419
-2.51594 -5.34131
4.54604 5.2748
-6.38202 -2.54444
-4.38601 4.28845
-3.94068 9.05016
5.99504 -1.42747
8.53825 2.43131
2.99292 2.06477
2.61725 8.17643
2.14539 -2.37761
-0.487639 4.25123
-7.06379 -1.08659
-2.34876 4.34936
-0.265039 5.49429
2.49699 6.94989
4.11086 -8.70629
0.156495 -9.78465
9.42217 -1.54486
-4.44686 1.60598
-8.23949 -1.13641
0.319417 8.4411
9.49709 -2.49101
-6.39357 3.28506
-7.97153 2.47797
-3.24674 -8.00593
4.26299 8.04771
-3.30215 0.751762
-5.13428 8.20354
-3.11721 9.0563
9.28523 -3.08894
4.21302 8.23039
8.19804 4.51661
-5.8575 -7.02933
-1.88925 7.41603
1.15109 6.36007
5.17211 7.60491
-4.312 8.17089
-7.01774 -7.10281
3.02547 9.10043
-9.00455 0.467132
-1.46661 -9.30127
-6.19995 -2.62033
-3.37932 3.85053
-0.385136 7.01386
-6.27795 6.52293
7.10409 -1.59609
-5.48272 -8.06274
9.45909 -1.12227
-2.01378 -5.66973
-3.41131 6.03558
-6.91869 -2.49214
-5.44687 -5.46017
-9.12841 -1.2682
5.34985 -5.04036
6.63508 -4.15915
-2.83702 -1.80746
-8.43726 -5.05132
2.51521 -6.91714
3.70725 7.82197
3.8043 -1.11979
-0.319585 8.74282
-5.0969 -3.59243
3.70824 4.4685
2.04893 -3.71159
-0.661986 -5.99855
2.38612 3.54177
6.57858 6.27686
-3.76342 8.11692
1.05523 -4.6816
-3.72577 0.962616
-1.31906 -9.40519
3.20793 -4.39974
-6.39034 -2.36957
-5.3552 -4.83735
-1.33261 2.86328
3.06802 4.16371
1.65552 4.39932
4.48733 -1.42359
7.56505 5.86427
0.803761 8.80758
8.94643 2.58472
1.4557 6.02445
1.62159 -5.95798
4.25025 -6.09631
-0.666814 -7.14845
-4.00082 -1.8109
4.2637 0.000924668
-4.4591 -4.09871
-6.95566 -3.84654
-8.769 -0.554116
6.96486 -1.54307
6.19743 0.185595
-0.696676 -9.02909
-3.19051 -2.94805
-4.39677 3.42263
4.08289 1.17529
-6.82369 -5.73062
-4.84096 -2.01483
-3.26936 -8.13394
-7.15317 -3.34815
-6.01558 -3.78491
6.94907 -6.91537
-7.0919 6.49232
-3.65462 -3.25691
1.0707 -4.73814
6.06206 5.01294
-7.56738 -4.93523
-6.38048 3.19085
6.11512 -3.0984
5.10826 -5.55686
5.80944 -0.783308
-5.05121 4.27614
4.10165 -3.56728
4.69713 4.71906
-6.69588 2.2673
6.48556 2.87054
-6.49511 -3.26963
7.40205 6.32323
-5.51183 2.72328
2.90689 -3.90813
-3.99933 3.24209
3.29569 -9.32557
5.07617 -4.82939
2.6933 6.32412
1.9672 2.81054
-3.27002 0.718178
6.33761 -3.72413
-7.95363 3.28416
-3.1849 -8.56689
-3.77227 -0.546687
0.765619 7.76
2.3495 8.04275
-5.43197 4.86077
-5.05111 6.03848
8.76433 2.1112
2.93836 4.95924
0.0610598 6.23196
7.26995 6.05662
4.90153 0.0786492
1.85788 5.39567
5.03994 6.2221
-5.11858 -7.91633
3.9741 -7.30217
1.6319 7.36292
-4.92127 8.22714
-6.4106 -3.03092
-0.644067 -4.82656
3.36022 -4.72322
-3.10656 7.98479
0.318417 -8.35914
7.8503 0.0122604
6.06024 -5.52211
6.28897 -1.23552
-5.30962 1.21644
4.69317 -1.92231
-8.33117 -1.93909
9.78524 0.499316
-8.00111 5.31381
9.16626 -2.73364
-4.30308 -1.85944
8.36048 -5.44341
4.58655 6.12541
9.83634 -0.679062
1.87475 8.9923
-0.592193 7.00922
4.01221 -6.82138
-6.99087 4.43158
1.54385 7.44705
2.53364 2.80705
-1.98814 5.30886
5.9311 3.95114
6.86221 -6.91548
-8.41819 -4.56103
2.83194 -3.63693
-5.87147 -1.83997
-4.37801 -1.26313
-9.43194 -2.68039
6.50427 -2.81121
-1.59267 -7.98458
6.16365 -7.59464
-3.13612 -8.7868
-6.84948 0.74472
-3.48776 1.15612
-9.04157 -1.6987
1.78099 -6.88331
-3.61859 2.37165
5.9127 -5.23302
-3.68589 -8.69258
3.834 -1.90011
4.78817 -5.24296
-1.75369 5.69669
4.30822 8.25176
7.29847 5.46509
1.35457 1.21838
-4.29871 2.26057
-5.42602 0.29111
3.63701 3.68691
4.17405 3.1105
5.18341 2.62888
-5.92391 -0.807982
2.23658 1.69845
-1.09877 2.02838
-1.14474 -3.84267
0.738352 -4.29137
2.51816 0.323735
3.60963 0.250375
0.10972 2.68833
-3.21474 -3.79906
-1.38058 -5.64613
0.686722 -5.43159
-2.55614 -3.88572
1.82759 -3.58253
2.94172 1.5664
1.79089 -4.26559
-0.761039 -0.116656
-3.2604 4.04574
1.23372 3.59744
4.28223 0.621322
-2.90213 1.5498
-3.84349 0.735913
-4.1881 1.1002
-2.82135 5.05061
-2.79266 1.02266
-3.21264 -0.491456
-2.88916 -0.940054
4.25656 -1.49743
2.59809 3.68872
-2.92278 4.31429
-5.80367 -0.228929
4.23099 -1.1094
0.594531 0.220315
-0.805342 4.88514
0.804998 -2.83221
3.84315 0.156946
2.55849 5.19848
-2.81596 3.47004
-1.0119 4.52906
-0.48672 -4.06226
-0.798885 5.04677
-1.91873 -5.29019
-3.56563 -0.880561
2.97708 3.30943
3.21077 4.99775
-0.13038 5.83265
-4.01965 -0.867077
1.03874 -3.32399
-1.12005 0.450726
3.39813 2.70302
-0.686341 0.349616
-0.434363 5.94404
0.66828 -0.679903
3.07517 1.36285
1.38124 -1.17299
-0.126234 -1.13171
2.84987 2.35269
5.60038 0.781495
3.86892 -4.02933
2.02664 -5.55673
-0.470866 -5.71192
0.242417 3.55612
-1.41579 -3.26871
4.82215 -3.37938
4.14777 -2.41361
-1.27739 4.40988
5.13946 -2.07145
3.31231 4.76832
-0.10643 -1.77524
4.09724 2.05957
4.59021 -2.11607
-2.92645 -0.737833
2.34896 3.05467
-0.0622878 2.94781
-0.395018 4.77574
-5.65895 0.0408375
1.22536 3.5381
2.45282 -1.27779
-0.771096 1.3486
3.54039 3.44589
-1.29295 -3.47368
4.22993 3.36234
-2.93521 -0.435939
4.6536 -3.48752
-2.26261 -4.38214
-1.3443 2.71819
-0.642566 2.02952
4.86335 -1.6545
1.75915 -2.34861
4.24595 -3.99367
5.29244 0.0530114
0.425938 -1.56836
-1.24819 -0.89014
-2.68937 -1.69734
-4.76522 1.13242
-4.49647 3.13853
-5.42722 1.52009
0.813484 0.0552992
-3.44775 -1.2873
-2.00807 2.17888
-5.57426 -2.12624
0.00701146 1.93388
1.14454 0.387127
-4.16235 1.5436
-4.90276 -2.31729
-5.51442 -1.86052
4.47877 -2.67352
-5.65719 1.25535
-1.02558 0.813097
-3.73412 3.39262
-0.926477 -3.0287
1.39951 2.6843
1.2263 3.44288
-5.74752 1.25034
-2.47236 -0.207309
-0.676842 5.23853
-4.32096 1.1812
-0.167033 -0.644705
1.10144 1.19698
3.17871 -0.0341165
-1.40319 5.22885
4.42619 1.65779
-2.95966 -2.27219
4.32761 -3.37712
-0.69073 0.194158
-3.49153 -0.386538
-2.17265 0.986474
-1.70627 0.86381
4.01154 -1.98654
3.35148 1.27445
3.05379 0.0952356
-0.42901 0.341283
3.19001 -0.850024
-2.28861 1.32481
3.28223 -3.78021
2.6868 -5.27985
-4.45466 3.22603
1.90685 -1.02742
3.50057 0.689002
2.53101 -3.62673
3.3763 1.72701
-0.336355 -3.67479
3.00122 2.02408
2.89597 4.771
-3.00583 0.790281
1.07754 -4.7806
-0.393395 5.26834
1.79117 1.68627
0.934778 3.38894
2.44506 -4.83169
-4.28154 4.19621
-5.27551 -1.6165
1.30834 -2.10081
1.79709 4.25787
-4.67859 1.74094
-2.02761 -1.63751
-0.268536 -2.86367
1.65459 2.13832
2.04655 4.92901
5.24133 1.73927
4.69858 1.62194
4.25966 3.76848
-2.12383 1.18719
5.23137 1.8453
3.12808 2.11361
-5.44802 0.119159
4.13367 0.0961385
1.51878 4.71841
0.118832 -5.33586
2.03466 -4.9922
-5.56418 0.702286
-1.81532 -2.83653
-4.83586 2.48607
-0.938582 2.98658
0.165592 4.35598
2.52391 2.15062
-0.57137 -3.10707
0.883983 -3.90304
5.43785 1.02244
1.76661 2.23657
-3.71164 0.628428
3.69529 -4.62955
0.995757 2.20315
-0.900009 5.92935
-1.62206 -4.66369
3.78766 -2.57722
2.25575 -4.47823
-2.51935 1.73903
-1.77511 1.12961
-5.16436 -1.7142
0.501945 -3.54848
1.89061 2.06888
0.188359 1.21486
-1.20167 4.48707
-2.10146 -5.03409
-5.38065 2.10915
0.600997 2.08361
-3.56313 -2.1192
-0.223247 -5.64417
-5.66697 -0.0867693
-4.35512 1.30921
-1.94475 1.9795
1.05613 -0.424479
0.0804198 -5.56704
4.42015 -3.73254
1.49777 4.63831
-0.139959 3.42006
3.28686 4.7805
-5.26534 -2.8753
-5.5958 -0.00712573
4.53462 -3.02956
-5.73409 0.208088
-4.10149 0.756498
-4.18701 -3.41716
-1.9502 0.177081
-0.517258 2.88588
0.933548 1.42603
-0.434865 3.0658
-2.0842 -3.09885
-2.77709 0.226271
3.87567 0.839069
-1.21914 3.16662
1.08733 -3.26664
0.598523 -5.32721
-3.62721 -0.626663
3.58834 3.39501
2.15421 -3.4083
5.35497 -1.02021
-3.62319 2.03493
-3.5543 -4.68904
-1.48816 5.19107
-4.10288 -1.54863
4.11623 -2.23586
1.17861 -0.149302
5.4626 -1.90847
3.92661 -2.1115
0.260299 4.84472
2.04747 3.67403
0.293635 -1.77563
-1.86868 -2.0059
4.71667 2.20405
-0.996123 2.53848
4.77735 0.687667
-4.99505 3.20953
1.84516 -4.30054
-4.41685 3.65921
0.256655 -0.434329
4.42625 -3.16578
0.981025 4.35668
-1.55782 4.63039
3.29302 -3.80106
4.25462 -3.64567
0.87596 -0.617784
3.45772 -1.62638
4.52712 -1.40793
-4.82358 0.989219
-2.86208 1.32692
-0.137612 3.36286
2.45262 3.36549
1.23684 2.69244
3.15413 -3.25756
5.23371 -0.678373
1.46038 5.70391
-1.40105 5.21853
-2.63224 3.26257
-1.01652 -2.12805
0.578131 4.77717
-3.18449 -2.28664
-0.755931 4.21147
1.25637 -2.60873
0.810552 -2.109
-0.144262 -3.14089
-3.67909 0.537813
0.46671 3.42294
-0.507474 4.89224
0.208896 1.8028
2.30618 4.50246
-2.99934 -0.805139
4.42727 0.358614
1.72605 5.24279
3.94555 -0.0544156
1.92903 1.61368
-4.64788 3.54407
3.23413 -2.5234
-2.99701 -4.96294
4.06765 1.60236
0.862561 -3.0522
4.60511 -0.667059
1.04823 4.08894
-4.68218 0.906075
1.05993 2.32269
-2.13268 -1.24997
-4.94691 -2.55291
3.33684 -3.64156
-2.6674 2.02159
-0.397982 -5.03826
-4.09648 3.34465
1.80343 -0.27443
4.24952 1.48443
4.18092 -1.30954
3.52023 1.3213
-3.90621 0.219511
-0.993177 1.56763
-2.99592 4.498
-5.45645 0.764204
-0.877917 3.87783
-0.887257 3.00836
4.39875 -2.66362
-4.50745 -1.54081
-4.29594 -2.20404
-5.70019 -0.119298
-5.89182 0.955347
-4.13833 -0.250623
-1.48417 4.65821
2.06498 -4.76816
-1.0238 0.223193
-2.53115 3.93604
-5.10228 2.17236
0.564326 -1.64198
0.103923 -3.68191
-0.0924473 -0.751392
1.07641 -4.42029
1.87104 5.34368
2.29871 -3.72966
-0.391026 -2.03576
-1.76376 -2.06497
-1.13986 1.08139
4.35696 0.625057
3.39224 4.49919
-2.92134 -4.70362
-1.95266 -1.20059
0.833607 0.512079
-5.49939 -0.409336
0.431488 4.73823
1.60721 -3.02475
-0.720785 -3.39176
2.35407 2.66228
2.40998 0.299798
3.97319 1.4319
-0.102019 2.62604
-2.74546 -2.43274
5.87243 0.884982
3.47798 2.61047
-1.33537 5.12115
3.92654 1.4074
-3.62992 -3.27755
4.87379 1.24999
-2.30384 -1.04425
0.7972 -1.05178
1.70545 1.72495
0.537221 0.31854
-1.16839 -1.61716
-1.84567 -2.52986
-0.730399 3.56436
-2.98649 2.10045
4.4282 -2.62195
2.31443 0.0930677
-5.4819 -0.187791
2.15952 1.52229
-1.79454 0.527097
-0.960426 2.38444
0.729443 -0.016174
-1.38802 -4.15336
-0.5325 -0.0886063
-1.21409 -0.451763
-2.76168 2.90227
0.109972 2.43832
1.26589 3.14228
-3.17799 4.69952
-0.199434 5.88939
-1.34145 4.43937
-0.205697 -0.619814
1.41522 1.36477
-2.4931 4.02325
-1.84428 -4.46283
3.66402 0.102526
2.07793 -3.81755
-4.0367 -2.96303
-0.00149898 3.40668
2.0033 -0.989318
4.46232 -0.34364
-3.20867 1.97751
2.68526 1.72078
-4.78875 2.1625
2.77632 -2.33067
4.26716 -1.16724
0.0575069 -0.338837
2.15921 -0.736156
4.07968 2.20651
0.923269 3.27801
-2.99201 3.21776
-2.87643 1.48359
-0.234421 -3.44958
0.0236595 -2.16839
-3.48676 1.50625
-0.197113 -1.67532
4.02967 -0.854263
1.30557 4.92269
-0.555672 2.33871
-0.460495 -4.90384
1.65087 -5.50632
-3.3395 1.92964
5.60636 -1.20966
-2.53566 -0.964915
2.23948 2.95307
1.9542 4.84501
0.217016 1.58786
-1.53882 0.906433
-1.66106 -0.865041
1.44927 -3.89927
3.89111 4.10942
2.8169 -4.06618
2.68618 -3.45611
-2.19676 -0.974967
2.2209 -4.65436
2.06061 3.12016
-3.89998 0.0180381
0.588601 0.611951
3.57091 -2.82974
-4.16012 0.112754
5.0803 0.579641
2.34836 -2.12294
3.37336 -3.79494
2.58166 -0.190134
-2.5574 3.39563
-3.79612 1.5059
-1.4025 3.75947
3.67307 -3.68883
-3.05049 2.2881
4.23167 1.62273
-4.00657 0.148381
-4.69115 0.563434
0.197134 -3.63358
0.177953 1.52604
0.0586391 0.393955
-1.49711 0.0204532
4.41976 -1.19312
-0.792212 -3.57495
4.0641 -2.46483
-1.38452 -3.87723
1.12703 -2.59433
-2.98564 0.0956815
1.95385 -5.35161
-0.897319 -0.962829
-4.892 -1.22972
-0.216567 5.15036
3.09229 4.9603
-1.90913 -1.51898
0.189382 5.34221
4.50623 -1.04454
-0.92283 -4.17683
-3.06404 -2.14059
-1.68025 -2.50339
5.46415 1.1667
-1.47501 -4.08364
2.15548 1.15938
4.53801 1.24647
4.75345 1.45386
4.72903 -1.09054
-0.1826 -5.93513
2.12141 -0.275489
-3.83499 -1.68323
3.0864 -5.00477
-1.15942 0.668949
-1.73375 -3.86674
0.507684 -4.93544
-3.47164 1.34997
-4.41164 0.802264
-2.30515 4.88196
0.638133 -5.13525
4.49246 -1.3323
2.45139 -5.30649
2.65547 -4.56504
-2.89899 -0.690742
1.30888 3.09684
2.2038 1.73042
-3.39316 -1.40358
-3.3351 -4.79436
-1.76956 0.345682
-4.75678 1.39483
-5.749 -0.880703
2.63726 2.35251
-4.27273 3.47539
1.1945 -0.577353
-2.61367 -4.52302
-1.46387 -1.84078
2.25627 2.95746
-2.10066 0.314842
-3.75836 -1.29371
-1.18659 5.67429
0.934954 1.75935
1.61018 2.06018
1.76066 5.54073
-0.277585 -5.15546
-3.01577 3.47507
-3.121 -4.79206
3.45667 1.8442
2.21254 -0.261151
-0.44157 -3.12596
0.636555 -0.616893
4.80193 2.67987
-4.70539 -3.63751
3.0146 -4.82669
-1.68711 -1.75947
-1.96114 -0.328157
5.53094 -0.574254
-0.553237 5.45484
2.97177 2.76129
-1.10129 -4.95707
-2.46333 0.414841
0.675653 2.9944
1.92849 1.96574
-3.2179 0.724981
-0.0586547 -4.95464
-2.97162 -1.75567
4.43185 -2.10834
0.740139 5.91407
-1.02969 -5.16514
2.3124 -1.82485
1.36345 -0.975338
0.743582 0.0535609
-2.31007 3.42088
-5.32009 -0.139319
-5.30614 -1.10812
1.41239 5.19006
0.618395 0.106899
3.92982 -3.97868
-2.7393 -1.96552
-3.13161 4.41603
-0.39025 -5.71628
2.11535 -1.22775
-1.73141 5.07083
1.2731 -1.11337
3.06871 -2.23633
-2.92931 1.21951
-0.471282 3.76429
1.36184 -0.858312
-1.53756 -5.08797
0.211583 4.47029
0.288518 3.92038
0.0880352 2.86309
-4.60534 -0.779422
3.34908 -0.811918
0.796145 -2.81469
-3.78779 -2.73687
0.91229 2.78257
-0.926938 3.22965
-3.85839 3.68042
0.112882 -1.91537
-1.13053 -4.86596
-4.27176 -3.4733
-3.257 -1.81472
-0.236591 5.89075
3.38942 3.39785
1.35697 3.93921
-1.23809 1.61585
-3.54464 -2.98752
1.10866 -5.0294
-4.47215 -3.97634
-5.18043 -2.61729
1.89887 -1.76243
0.294438 -4.33553
-3.97414 -4.37485
-3.08555 -4.85185
5.11816 2.72259
-0.896047 -3.22545
-4.86825 2.60858
-1.12869 -3.50181
1.45538 4.91926
-1.7576 3.93336
1.02265 -2.22227
4.72621 -2.85024
-0.909879 0.746148
0.341389 3.89194
-0.331055 -1.4186
4.94774 -0.437259
0.403836 1.85002
0.417886 -0.45591
1.30866 -4.32248
-2.11316 -2.36097
-1.51211 1.43717
-4.48077 -2.61992
1.24616 -5.26476
3.15253 -0.900805
-5.07233 -0.238662
-0.309905 2.9347
2.10493 4.41412
-1.57441 0.0254471
-0.524116 4.36151
-1.68644 -2.52259
4.37265 -1.90903
4.28828 -3.37354
4.28225 -0.634449
-1.66857 -0.569246
1.66281 -0.559398
5.24272 -2.51901
3.5214 -3.16253
-3.53524 -2.77259
-4.87001 -0.714966
-2.30664 1.28386
3.94384 -1.64313
5.61604 1.63862
-2.61718 2.09782
3.35652 1.96555
3.64501 1.34037
-3.65932 -2.20089
5.2722 -2.74815
-2.02813 -5.04728
0.970138 4.67631
-4.30964 -2.34474
-2.99948 4.03732
1.77239 -0.780593
-0.372987 1.37012
-0.827215 -3.47857
-0.158061 -4.97112
0.728622 5.14494
-5.02803 2.26647
-1.98768 -5.52179
2.43752 -0.227686
0.876036 -1.03486
-1.10156 2.89592
5.17637 1.20577
1.38305 2.49372
0.357409 3.08742
-5.35484 1.16724
-0.148172 0.100497
-2.13105 5.4955
-0.809412 4.63097
-1.63087 -1.23048
-4.61001 0.3658
-1.15184 -2.97804
5.23999 1.93646
3.25671 -2.82367
-2.11447 5.44845
3.76172 -0.269253
1.73658 -2.01453
-0.745517 4.56551
-0.767733 -4.83729
0.688082 3.87007
3.48228 1.91631
-1.89148 -4.66212
-0.90542 4.90134
-1.97614 1.94975
-4.66332 -3.51973
3.3456 -0.933221
-1.56244 2.02138
2.92571 -1.38833
0.922763 -1.42465
-0.582582 -1.66094
2.68891 -2.64747
4.18224 -3.30173
-2.96136 2.19424
-0.0619738 -0.61151
3.19531 1.79607
0.994106 -4.85505
-5.91206 0.319426
3.43751 3.07121
-3.06802 0.141256
-4.75455 2.24293
-3.48705 1.67313
2.39372 -4.51785
-2.32799 -0.776196
-2.58478 3.08581
3.8766 -3.16284
-2.89689 1.5293
1.00362 5.14446
-4.35436 3.94233
-3.46862 4.28349
-1.65546 0.218757
4.90607 2.17049
2.16735 3.7224
-0.20988 0.233213
4.61721 -3.62297
-2.41824 4.83265
1.66164 -3.68633
2.71561 0.571187
-2.52875 -0.73442
-2.39526 -1.13704
1.86496 0.495006
2.44038 -0.183363
-1.17055 0.955307
-5.03815 -1.21583
3.4918 -2.06045
3.33318 0.261908
0.11003 -5.70939
1.62835 -5.73968
-0.691188 -2.02125
2.61525 -2.55818
-2.45896 -2.79542
-1.66232 0.829041
5.85416 0.326447
4.7436 0.23716
-2.80116 -2.75561
-2.9821 0.943496
2.04194 -2.90851
-5.23336 -2.72261
-0.605031 -1.32011
-1.20591 -4.04004
-3.08161 5.06694
-2.83609 3.54734
2.10676 -5.4336
-2.82244 -4.25481
-5.44993 -1.42016
-1.84021 1.83838
5.05938 -1.67726
-0.842841 -5.1637
-5.62139 1.61211
-2.10105 0.924727
-2.1098 0.752414
2.07712 3.24296
1.92553 -0.880743
-2.01581 0.25923
-3.06386 2.6307
-1.29847 -4.01856
-0.195588 3.75664
2.82917 -2.25858
2.50966 -2.77777
-4.20584 -3.19849
-1.84346 -3.76547
-1.49517 0.560199
-2.27221 -1.38615
-0.202478 -3.84823
-3.56535 -4.13457
0.272234 -3.88834
0.411505 2.47174
-3.40645 0.72843
2.11699 -0.181992
-4.08284 -3.344
3.77344 4.53311
0.94778 -1.74126
-4.65874 -3.19937
1.31534 3.83576
4.0513 2.76045
1.90795 -1.20522
4.74874 -0.787926
2.39313 4.75441
-3.87968 4.08069
2.82949 1.90476
3.29216 -2.82607
-4.80037 -0.241377
2.63451 -2.18287
2.66672 4.98692
0.881062 4.53335
-1.02606 5.84911
-0.411894 5.35064
-0.152506 2.24866
3.33135 -2.85321
-5.28653 -0.531894
-0.635195 -4.73113
-0.109605 3.82218
-0.690198 0.297636
-4.84841 1.9421
-2.88079 2.7387
0.0343931 2.13763
-1.17797 -5.42454
-0.233615 4.27464
0.753926 -2.76912
-0.837112 3.05854
-2.75134 3.10528
2.81486 4.94161
-0.892238 -4.72033
-0.917081 -0.186121
4.41193 3.17055
1.39486 -4.33763
-3.45121 0.214951
2.38802 2.06521
-1.65939 4.15793
-5.26537 0.848974
4.07832 -3.6313
3.35555 1.04046
-0.286755 2.24189
5.40339 1.52263
-0.4505 -2.05736
-3.9296 -3.86603
-5.45731 -2.26643
-2.88423 1.60049
-3.32111 3.37518
5.21324 0.821708
1.91671 3.95807
-2.03519 0.806663
3.72191 2.18526
3.48171 3.56935
2.66726 2.51787
0.982857 -1.82464
2.8424 -1.7875
-2.90851 3.49226
-1.35982 1.94999
-3.00594 -2.97272
-1.7112 -0.149277
-0.191776 4.10443
-1.14466 -1.41899
-5.14479 -0.752095
0.772579 -3.47181
5.62672 -1.70487
5.24065 1.01991
2.80185 4.10126
-4.90113 -2.094
-4.27996 -1.72185
-1.51966 -1.731
1.19388 0.271747
-3.22545 -4.75448
0.691038 -3.9554
1.44795 -0.93844
1.31091 -5.68865
2.47008 1.5344
3.36237 -3.3608
-0.0561444 -3.29612
-1.71679 -4.4309
-5.3789 0.993622
2.91589 -2.67145
2.82832 1.37426
2.09857 -2.6896
-2.64404 -2.06812
4.43797 1.64548
0.0869624 -2.34126
-4.46542 -1.75843
5.19647 -1.01676
2.38853 3.06528
1.28738 1.10274
-2.56449 -3.23547
-4.51851 1.16491
-3.38787 -1.87805
-2.25175 0.415878
5.65473 -0.997172
3.69148 2.58735
-0.0316396 3.0811
0.814564 3.94779
-5.2187 1.303
4.22508 0.324636
2.22813 2.23554
-2.38613 5.41781
-5.17264 0.983455
5.24654 -2.63605
-5.34836 -2.63225
2.61458 -2.19465
1.59213 1.2174
1.26938 3.27098
-3.46185 -1.01182
0.173648 0.184046
-4.19066 -3.81229
0.588347 0.00294597
-3.67681 2.89823
4.83635 -3.34351
1.79182 -0.101346
3.34358 -3.75818
1.72373 2.02387
-2.3719 -3.2643
-2.41325 1.41619
2.75824 -0.736829
-0.304773 -3.22023
2.55045 -4.10524
-0.553211 5.54037
4.14026 -1.04223
-3.36154 4.7754
-0.722149 0.335457
-0.0335899 0.377223
-2.23118 5.43803
0.444308 2.63186
-4.56393 3.72522
-1.73736 2.14576
-2.55384 4.50187
4.76079 1.53716
-3.91386 2.50652
2.47967 -4.22619
-1.12486 -0.72308
-1.40754 -5.2409
-2.48399 1.49875
-1.27521 3.14315
-0.853994 -4.06924
1.73197 -1.14021
-2.46856 -2.95666
-1.86381 1.59328
-5.70912 -0.859804
-0.665543 1.01186
5.33741 0.422502
-0.981348 2.88106
4.52927 -2.87706
0.412904 5.22786
1.93781 -1.08972
-0.980633 -4.16757
4.28134 2.47957
1.45892 5.45087
0.410483 1.4285
-0.475114 3.50348
-1.72689 5.11445
0.570209 -2.74078
4.82191 -2.24314
-1.34404 5.82786
5.12257 1.51201
-0.0373362 -1.88705
-1.06427 1.86833
1.31136 -3.8262
-4.51423 0.962879
-3.31751 3.61639
-4.60694 3.57619
0.950153 -3.44928
-0.44624 5.89507
1.67885 -2.36834
0.149658 -4.30955
1.66761 1.28438
-3.85353 -1.23297
2.01076 -3.6543
2.37 -5.50348
5.01993 -1.16272
2.75547 5.10955
1.10396 -3.0816
-3.39186 1.82211
1.34455 -1.57799
3.69958 -2.05873
-2.29626 -4.18335
-5.37551 2.1831
-3.47775 -2.39113
-3.00361 -4.65914
-3.13339 -0.825252
-3.08086 3.77393
3.98321 2.48991
-3.64442 2.63644
-0.916833 5.40909
4.18317 -4.09893
-1.91329 3.36535
-3.87618 -1.64127
1.38584 -1.02811
-1.03816 -1.76256
-3.47323 2.62988
4.9686 -2.3528
5.31083 0.540523
-0.916712 2.22205
-3.18359 2.51844
-0.134946 5.51119
0.459418 4.60225
-4.63371 -3.79792
2.13629 1.29514
2.95407 -4.18464
-3.72235 -0.185404
-3.91109 -3.80874
4.93891 -2.96556
-5.44476 -1.42188
0.494183 -2.29669
2.19276 4.13918
-2.90605 -2.56139
4.7821 -0.742173
2.75964 3.49109
-3.82367 0.691937
-2.07933 -2.09817
-4.91259 2.1485
-0.710467 -1.53828
2.9325 -2.3634
-4.2545 0.751277
1.49426 -0.263164
-2.09961 -4.7284
-1.3392 0.610085
1.33954 0.494162
-3.16397 4.02961
-0.665007 3.70215
1.33542 2.36953
5.33984 -1.45066
-3.995 1.658
0.624702 4.23578
3.96888 1.88887
1.67715 4.60987
-2.91891 2.40966
-4.17218 0.117798
2.50989 -0.0578042
-3.81324 2.55346
2.28304 3.69745
4.86521 3.07318
5.90282 -0.449414
-0.267659 -3.02877
-2.53643 0.408304
-3.33673 -1.44906
-2.37586 1.42784
1.94498 0.00662332
1.62774 1.32934
3.75812 -4.62782
-1.06941 -3.32131
5.73388 0.317134
0.570444 -1.91332
-0.213201 0.513986
-4.43035 -0.648798
-1.40434 0.351254
2.73528 -2.05889
5.7079 1.5112
-1.84999 4.24144
3.97708 -2.05153
2.84131 2.1155
3.48486 -0.874687
1.88959 5.2593
3.14679 2.5873
-0.824602 -2.58681
1.40288 -4.01835
-0.494422 -3.0814
-2.62869 -5.37559
-2.8856 -4.76796
-5.09375 1.36513
3.07896 1.69195
2.93044 1.60303
5.30692 -1.67434
-2.77479 -0.0052457
-4.36766 -1.63097
-5.75351 1.04386
-1.88587 1.17287
1.03322 4.62442
0.208842 -3.3893
2.36035 -2.66311
1.1242 0.844416
0.523277 5.74229
-0.621283 -1.03918
2.84027 -2.28196
-3.43035 -0.871254
0.711998 -1.55235
-4.82304 -1.48251
0.476797 1.42996
3.18166 -4.18984
-4.62308 -1.18299
-3.44061 -2.51818
-1.76963 -0.649696
-0.540737 -1.54373
1.80661 0.100855
1.95525 3.77139
-1.43377 1.81656
3.28524 0.836191
-0.962611 -2.38157
0.700433 -4.50506
1.49363 -2.51431
4.67905 3.25532
4.38104 -1.48993
1.21499 1.14728
0.531192 4.94111
-1.25965 5.74941
-0.971839 -2.32862
-1.98807 -3.69185
3.31095 -2.03274
0.193269 0.323884
-2.65018 -2.79913
-5.57473 0.98724
-3.29981 -4.83749
4.80067 -1.40959
1.86922 0.659742
-3.14408 -2.27795
-2.61398 -3.86501
-1.81698 -1.21927
-3.29389 1.24694
-2.63414 0.382994
-1.19837 5.53238
-3.16499 4.29192
-3.56193 2.15326
5.27794 1.54454
-5.67515 -1.0447
-5.42356 1.62901
4.74021 -0.0779313
0.488085 0.0837424
-4.18336 -0.499109
2.96205 3.51286
2.34781 -2.19975
1.87634 3.95491
1.76406 -5.64225
1.41008 -3.37758
1.82037 2.22692
-1.61821 -2.89324
2.73634 3.47377
3.1979 0.683032
1.84026 -1.93789
3.28919 0.438333
-3.33385 2.9621
-2.0294 1.8593
-4.60015 -1.92016
0.588957 5.18572
0.0571626 4.75986
-3.8148 -3.9431
-4.24815 -3.54138
-1.85986 3.21795
-3.28662 -1.35288
4.00136 0.963401
2.51584 0.101794
2.57503 4.75425
1.34765 -0.536609
-2.44676 2.43065
-2.39432 0.622617
3.75907 -0.246606
0.458443 -3.83928
2.80559 4.0382
-5.76162 -1.2254
1.46241 0.558975
-2.86596 -1.86984
2.58841 -5.30751
2.71422 -0.11095
-0.41961 -2.02337
-0.677579 4.38302
2.22195 0.323131
-1.422 4.69001
0.648417 2.5768
-1.33278 2.29661
-1.19623 4.91769
3.98188 0.665837
1.04173 2.65832
-1.17216 -5.20649
4.79828 -2.97259
-1.27544 1.24624
-3.65468 -2.59601
-0.524651 -0.319331
1.98144 0.440773
-4.82996 -0.105876
2.63583 2.69653
-1.31586 2.63479
-0.673557 -3.6311
-2.19646 -2.5883
5.60466 -1.96097
-1.11097 -3.73602
3.86698 2.5088
-4.76609 1.56328
-1.71955 -5.64128
2.53177 -4.86153
-4.1636 -1.63604
5.69391 0.0705646
1.75628 2.37102
-3.40609 3.16184
4.34655 1.50098
-5.28911 2.77026
1.79423 -1.2245
4.71467 3.46988
2.57512 3.22107
0.195157 -4.97285
2.6529 4.96106
0.496612 2.42933
-2.43863 2.77683
-2.54852 1.6631
3.64283 -2.41914
4.0171 -1.82491
-3.29056 3.05138
-5.79712 1.45086
-3.63997 -0.418381
-2.68785 -2.33418
-1.44147 4.01469
2.57118 -4.73924
2.88616 -1.53013
5.90083 0.587505
-2.32131 0.786891
-0.33927 5.20253
5.48011 -2.10701
1.73009 2.34898
-2.27843 -3.17987
1.24014 2.9878
-3.16478 3.63798
3.38405 -4.39476
-3.47158 -0.115499
-5.09198 1.24953
2.25505 -4.99491
-4.18883 -3.71909
-0.982796 -1.77679
0.580505 -5.37128
0.686299 4.48205
-1.84294 4.02263
2.39123 -1.53512
-3.72618 3.39109
-5.17044 0.963157
3.63555 -4.42806
4.51729 2.08636
-3.8107 4.29058
-3.83913 4.48141
-0.692479 -0.217462
-5.24545 2.58711
2.09655 -2.88066
1.51526 2.23749
-2.591 0.774779
-0.399336 3.90212
-2.12739 -0.640667
4.1688 -1.37118
3.25898 -0.0459286
-1.41257 3.92381
3.55229 2.00581
4.3451 -0.825291
2.77642 -1.56974
-2.43083 -0.790764
1.00679 -4.45445
2.75786 -4.34457
2.23605 5.5484
4.1952 -0.0536576
1.42874 -5.70398
0.241186 -4.28102
0.969655 -3.64245
0.262059 0.762768
-4.81227 -1.27221
1.33642 -1.93091
-1.4907 -3.89452
-3.24475 2.51569
-4.18924 3.98626
5.46254 0.884458
-0.729895 0.695906
-3.89005 3.75734
4.95937 1.28863
5.54918 0.264416
-3.65612 4.28469
-2.01743 3.8461
2.39007 -0.513056
-3.9134 3.65157
2.78386 5.12422
-5.15008 -1.24222
-1.7962 -1.46725
-2.01773 -2.73434
-0.193131 -2.97385
0.4981 -2.93158
-1.80557 0.694831
2.25353 -3.09091
-1.97034 1.61081
-0.866244 5.41621
5.45875 -0.993093
-4.12769 -4.17674
2.47443 4.70411
-3.99081 1.55099
4.48528 -0.682246
0.805226 4.09527
-3.87261 2.04032
-1.40864 0.758678
1.92218 -0.163349
0.535952 3.74718
-0.288522 -4.11464
5.83173 -0.404539
-0.302708 -5.80488
2.94622 -2.53593
5.12208 -1.67445
2.10728 -3.32586
2.89174 -1.03505
-1.9785 -0.798042
5.19011 1.86291
0.90962 -2.24428
-1.14621 5.14579
3.952 0.177954
-2.37136 2.61742
1.56921 -4.87735
3.37117 -2.98999
0.738465 4.3759
-3.097 -1.04639
1.17613 0.511204
0.158538 -5.38807
3.03205 -1.33552
2.23069 4.57307
1.05693 -4.24344
0.569983 2.6807
-2.52834 3.898
1.50131 -0.864516
-2.52684 0.886926
-1.94196 -0.424646
-3.35572 4.29625
-4.02277 0.399474
-0.268953 -4.54084
1.84143 6.36558e-05
1.17132 0.769082
3.60677 3.34319
-3.71928 0.544082
3.26749 -1.03205
-3.09059 -3.97972
4.43381 0.0776345
2.42593 -4.27551
1.16914 -4.98984
2.38771 -2.05139
-2.63807 2.00505
5.17697 2.72217
4.62338 -3.16606
1.80027 -2.30397
-3.2823 0.637127
-1.70371 -2.32089
-4.7306 3.09534
-3.5467 -3.77556
4.85682 -1.44186
2.82155 1.03416
-0.0747017 -1.32496
-2.14363 -1.49229
1.11821 5.78219
0.276867 -4.87169
4.60899 3.67755
-3.81919 0.934403
-1.89329 -3.13391
-4.69274 -2.03719
4.68272 1.60455
2.81212 0.580542
-2.97278 -1.3282
-3.71077 1.45271
-3.78812 4.04213
2.71844 -2.48547
0.586843 -2.10714
1.73535 -4.59539
4.91767 3.00853
-4.20135 -4.18447
3.7455 -0.23821
4.67242 3.70539
-2.93397 0.438376
0.395245 -4.34636
1.67933 -2.98186
0.549092 5.01264
2.86722 -2.10552
-1.84462 -4.83208
0.671871 -3.12481
0.328623 -3.67493
1.53251 -3.55834
4.76565 2.17913
0.262591 0.82146
1.88636 2.16147
-3.11643 2.24026
-1.07952 3.0024
4.3441 0.668974
-0.530764 -2.42677
-1.19427 5.75364
0.194338 0.637118
0.81307 -2.09089
-1.33109 4.72299
-3.00713 -1.35846
-3.27397 0.491463
5.52481 -2.26808
5.54979 -0.364905
-3.20451 3.2369
2.21063 4.44534
-1.20535 2.05185
-5.43186 0.0903543
4.58636 0.264053
2.80864 -4.7756
-1.50405 2.20349
3.47591 -4.52058
-1.84029 -2.20976
-0.965354 -5.32751
0.0952122 -4.92412
2.58016 -0.568969
-1.999 0.980517
-1.69178 -3.48959
-0.158199 -3.25362
-1.43565 5.44804
2.6872 -0.570243
-0.603506 -0.969758
0.642119 1.68054
-0.454253 0.0664255
3.05883 2.20432
-2.62509 4.14443
1.96831 0.715381
-4.85007 0.224553
-0.207993 -4.57014
-1.96346 -1.33149
-4.21187 0.513156
1.90962 5.57624
1.07397 2.83864
0.114572 3.76284
-1.81669 3.36478
4.23145 0.185631
-0.45442 3.24661
-0.350636 -3.54387
-4.77223 1.61031
0.684461 -0.070904
1.16453 -0.996081
0.0763125 3.44139
-5.12733 1.89308
-4.14948 2.48333
4.35938 -1.66853
0.453939 1.44415
4.50417 3.34173
-5.21526 2.71267
-4.31043 -0.825289
-2.30149 -0.36264
-3.16243 -0.867417
-2.92137 -1.78716
3.80016 2.0173
-4.82652 3.14156
3.04511 1.28025
-2.48526 -1.6748
-0.571886 -1.68839
-2.53116 -3.6392
-0.866487 -1.34934
-1.32117 4.22189
3.88428 -0.046396
5.16398 1.70762
-0.336872 5.97352
-5.497 2.16502
2.85546 -2.85884
-3.01426 -0.842467
-2.36243 -0.275695
-0.0621033 1.49848
-1.93681 -0.578014
-0.689202 3.06857
-0.682509 -5.30192
0.468804 -1.62609
1.33695 0.664101
0.953889 3.59568
4.2529 3.32101
-2.3823 1.71433
4.88417 -0.778041
-4.50215 1.77276
1.8863 1.41505
-4.59579 -3.79967
-0.445699 0.0665309
3.60975 4.00367
3.05644 4.51475
2.38435 -2.6494
-2.4033 1.51025
-0.00620246 -3.55154
-4.52366 -2.43112
-4.63984 -3.39782
-0.828804 4.67724
0.707668 -0.721197
1.45147 -4.52512
-3.61559 -0.472829
-2.0085 3.20534
5.56445 1.96288
2.05504 2.22482
3.9579 -1.71577
2.04763 -4.72502
3.33062 2.55535
-3.61665 -1.51023
-3.02646 -2.37866
-1.77286 4.69653
-0.00472587 2.00918
4.65348 1.24961
-0.107705 -5.55607
-2.93852 2.0596
-0.0878779 5.05224
-0.468911 3.31107
5.33573 2.38641
3.2348 -0.439777
-3.96797 -1.46547
1.72108 -2.41594
5.56497 -0.262462
3.18055 -1.36438
5.25827 1.05239
-2.95739 2.92443
-4.43681 -3.9625
-4.89922 0.599363
2.87078 -2.9531
-2.40878 5.36299
4.15072 -1.2147
-2.3466 0.672776
-1.31205 -1.35854
3.14608 -1.56584
-1.92247 -4.10524
-0.439479 -4.10844
1.27136 3.76275
2.40796 3.77641
-0.592505 0.530203
1.90327 -1.17334
0.576365 5.67608
3.26689 1.26885
2.84909 -0.647913
3.292 -3.56508
-1.60523 -2.26941
-3.92672 0.273792
-1.16638 4.38985
-5.1226 2.63322
-0.88814 0.592014
1.99959 -5.2677
-1.56418 -3.79225
0.904003 -2.80466
-2.09414 5.33926
-3.91077 -1.88715
4.00841 3.96233
-5.06963 3.12531
0.0421523 -5.92778
-0.638564 4.82543
-0.831361 -1.9256
5.06753 1.49232
4.28825 2.07944
-0.12239 -5.61048
3.93453 -2.59869
-1.10744 -1.09319
3.97489 1.48091
2.47884 -0.49156
-2.54961 3.4604
-1.03797 2.43271
-5.68664 -0.38157
-0.640973 -3.01198
-1.76371 1.80109
-4.45431 -2.33167
-1.94192 0.52928
-0.524026 -3.47734
2.18548 3.35479
-0.275415 2.79928
4.42652 2.60728
2.442 -2.8257
-3.6566 -3.80455
-4.87693 3.08
-0.36921 -5.50231
1.62643 0.304711
-2.7739 1.91755
-5.17193 -2.46155
-0.0258717 -5.46589
-2.34893 -1.46826
2.19372 -2.82958
-2.00346 4.40514
-4.04195 -0.2637
0.540202 -5.10276
-2.80935 2.68993
-1.58126 -5.02643
4.45851 -0.816751
-3.44102 4.29382
2.87737 -2.44201
-3.22239 -1.48607
-2.99214 4.55621
2.86372 1.9854
-5.36099 -2.25094
1.26501 -2.08112
0.378767 1.91409
1.7018 3.59129
3.58558 0.69396
-4.4737 3.92494
3.04878 4.43027
-5.00495 1.18804
4.00246 2.30648
-3.90266 2.62708
-2.41961 -4.35927
1.15747 -1.82797
2.00507 3.5996
-0.632729 1.9113
2.94319 -2.22378
2.21054 5.06042
3.92239 2.63376
-0.330325 -2.59611
-0.860412 -4.13429
-2.79487 2.27551
-1.34377 -2.22334
5.12348 1.86048
-0.214107 -2.03572
2.21927 -0.774561
0.415554 -3.99862
0.0954678 2.98122
3.24346 3.05023
0.1407 -1.00321
1.90027 -0.282758
1.72707 -1.74976
-2.77446 -5.02302
-3.9345 4.33114
-3.67272 4.28677
-2.27207 -4.2451
-0.501792 -3.25983
-1.44735 -4.57346
-1.55923 1.15335
1.33721 -0.619506
-5.95337 -0.0346396
3.17855 1.34702
1.23851 5.55602
4.90762 2.22352
3.48452 -1.52292
1.90589 -2.93934
3.6439 0.251863
-3.91288 -2.61942
-2.94609 0.454066
-3.39415 1.15805
3.95609 -0.640204
0.625743 -0.91308
-0.544851 0.898268
1.26894 3.01245
-1.86103 3.57961
0.558119 1.93638
4.54034 3.69989
2.3338 -0.132421
-4.52754 3.92207
4.44328 -0.722452
3.02351 -4.36416
4.41177 -2.09097
0.975916 0.674329
-3.71701 4.45557
-3.70316 -1.04845
-3.93689 -0.431881
0.864373 -5.91884
1.54057 2.02559
-4.43435 1.0631
4.37165 2.73638
1.8403 0.0969712
1.81019 -3.85306
4.8395 2.65061
-1.7593 2.76139
4.34457 3.92586
-4.15311 -1.84679
-0.54954 -5.58759
5.76645 0.536695
0.134923 4.23838
-1.45782 -1.48931
4.8167 -1.56077
1.53715 -4.96488
-2.20489 2.07835
-2.26616 -2.33634
3.1639 4.82193
-3.59805 0.764845
0.239844 1.66132
0.620337 3.6839
-4.13647 -0.0776707
-0.096707 -0.526915
-1.3398 -5.80227
0.673186 4.40222
1.31281 -1.87129
-1.72376 -3.65163
-4.42897 -0.0506543
1.11877 0.727425
2.559 2.71656
-0.29863 -4.40434
3.14397 4.83495
-3.9196 -0.192656
3.79 -3.94582
-0.158027 5.4606
3.03086 3.61951
5.66642 0.980307
0.582381 5.26436
4.90401 0.927629
3.46684 1.683
3.9515 -2.33044
-1.61384 -2.39979
-3.07767 -3.40808
-4.98746 -0.9209
4.92805 -3.40357
0.777625 3.24822
0.64654 2.19738
-1.28726 3.53054
5.62719 -0.959036
-4.81157 1.38726
-3.56414 -4.36218
0.747345 -3.07099
1.42828 -4.85486
-1.84247 -1.40956
-2.75335 2.90264
4.81352 1.12011
-5.09561 -2.55837
3.26042 4.61523
-2.33216 -1.07928
1.15061 -0.956605
-0.916596 -3.16429
5.05422 1.72106
4.92448 -2.75103
0.0571162 5.62994
-2.29855 -1.99258
2.65799 -0.546185
3.4948 -3.14881
-2.03307 5.59244
-0.224159 0.0655082
3.96738 -0.945095
-3.76211 1.24375
-5.19503 2.39525
2.45293 -2.07248
-3.16615 0.419353
-0.149025 2.34393
-2.81 -1.78488
1.00961 4.95238
0.75854 -2.20774
-2.34944 -0.0514344
2.77081 0.911371
1.27218 0.11319
-3.09655 3.32394
4.48392 -2.2117
-0.186996 2.75821
0.696402 -1.42009
2.76601 -5.03216
-0.406487 -0.423969
-0.646276 -1.30099
2.64146 -0.284637
2.02485 -2.27211
-2.22508 2.45796
-1.30252 -5.84365
-3.28448 -2.85872
-1.07088 5.0695
-3.63483 -3.14924
0.257887 3.57477
1.15844 0.995031
-1.31572 5.01822
-3.53305 -4.61478
-5.38892 2.09576
-2.58635 2.93676
2.31081 2.9111
3.68558 0.6095
-0.953532 0.739433
3.79447 3.51473
-2.37824 -0.78927
-2.48707 -2.87003
-0.407534 3.49432
-0.511545 1.15749
3.33922 -3.57148
-0.254667 5.05607
-0.946999 1.03677
-2.1966 -3.65977
-0.780033 5.05943
4.57703 -2.12689
-2.69518 1.72731
2.62092 -0.771795
1.42556 -0.40566
-4.09452 2.13863
3.08235 -0.829467
2.65317 -4.67892
0.77514 0.366713
3.21261 0.457488
-1.40379 1.40278
-4.35652 -2.48025
4.0975 -2.39557
2.25403 -3.81164
0.273326 -5.41175
0.529182 5.55029
-5.02068 0.521217
0.62812 -2.04792
-0.997224 2.52194
4.65938 -0.238028
-5.62797 1.12136
-3.54422 1.97918
0.931312 2.68763
-2.81741 0.3822
0.577587 -1.03583
3.81425 -3.03551
5.24842 -2.49039
3.75359 -2.86511
2.63887 1.16591
2.82838 -4.06904
4.32486 1.98926
2.54568 4.69106
0.766839 -2.88469
-0.0699799 4.15491
1.65963 -5.26868
-4.23866 -0.763414
2.86537 4.6591
2.12606 -2.68079
0.880985 -3.80607
-1.29104 -3.471
-0.73261 -5.41629
-3.11647 -3.01175
-0.720428 -1.37581
0.42282 -0.22108
-0.732812 3.10362
5.11456 -0.690424
1.24895 0.666651
-5.09942 -0.246741
2.39362 -4.50307
3.2953 3.77884
-2.66385 1.24867
5.35948 -0.122613
0.938236 -2.17684
0.988106 -2.90489
-0.891852 3.62651
0.629472 -3.24497
0.934943 -5.76809
5.12999 3.05084
3.12344 3.82304
-1.38043 1.43961
-2.63753 -0.0043411
4.2641 -2.9915
-4.56771 -2.15064
-4.98251 -2.92723
-2.38964 2.99288
4.57936 2.61518
3.00619 -0.52976
-1.74127 1.13851
-4.80101 -1.21759
1.68331 -1.55712
0.352174 5.40429
-1.10084 -2.47607
0.413117 1.48509
3.45759 -0.0140336
2.34213 2.94987
-0.578407 -4.15492
-0.0733686 5.28702
2.77215 -3.03524
5.28371 0.87515
2.47794 1.07326
-1.83223 3.23438
-2.5731 1.13577
-2.50519 -1.6221
-3.76184 -0.895834
2.28297 -3.13853
-0.686927 0.207381
0.594584 3.62855
-1.47997 5.5188
-4.55025 -2.9756
-3.26693 -4.7558
0.385587 1.33386
1.21591 0.111103
-0.301025 -5.94466
4.32307 -2.61655
2.85432 2.5596
-2.44426 1.79395
3.84685 -3.21444
4.54356 1.5086
-3.67978 -0.468421
0.78736 1.79782
-3.39952 -1.54323
-2.25844 2.01269
-2.73502 3.13462
1.37243 -4.42535
-1.5094 -2.42458
0.43992 -2.17489
3.86254 3.09708
1.85575 -2.66286
-1.19637 2.49956
1.05139 -1.34427
-1.0285 -4.96925
-1.31925 2.68845
5.68816 0.375385
-0.313629 2.13068
-1.54671 -3.37368
-3.37286 3.06668
-1.2269 -4.87512
0.248357 -4.45488
0.333413 1.80653
-4.02543 -1.64333
-0.544998 5.41241
0.114447 0.309224
-4.93704 -1.68773
-2.37372 -1.88438
-1.3091 3.17896
-0.72622 -1.39763
-2.07157 1.43839
3.7786 0.767082
-0.0874235 -4.07553
1.32398 -1.25074
1.74482 4.76606
2.7286 0.310666
0.0840818 5.9075
-0.763336 -1.63044
1.97786 -0.0859705
1.77349 -5.00207
-2.5869 -3.94894
4.20858 -1.31629
0.234039 0.419896
-4.75194 -3.04837
1.0103 3.97886
-3.59069 -2.691
0.535799 -0.734144
-1.69829 -4.52643
4.21593 3.59843
2.83885 -1.14203
3.06258 -1.94395
1.47305 1.64864
2.60653 5.31955
5.58928 1.28854
4.96497 2.73807
3.9249 2.74455
-2.00697 4.03988
4.89145 3.1521
1.11024 5.54491
2.80996 3.76934
1.20337 3.54029
-1.31645 4.18137
-3.16907 -3.49825
-0.60604 1.03434
-5.68256 1.30948
-1.28458 -2.42468
1.8244 0.402987
-5.12497 -0.537847
1.06965 3.22831
4.37802 -2.96215
2.74338 -4.33456
-2.17098 -1.89131
-3.65789 -0.216467
-3.43045 -2.90992
-0.149468 2.81378
-1.3052 -4.9372
3.73392 -1.8906
-0.536798 5.28277
-3.0892 -3.15435
-0.925144 4.38699
-1.45064 -4.51906
-3.5781 3.25646
-5.13532 2.9064
2.85779 -2.9243
-1.69506 2.15005
-4.09806 -1.85022
4.15371 -2.83182
-3.98255 3.2518
3.33257 -2.08865
-4.52642 1.52385
2.1262 -2.96384
2.53353 -3.99489
3.41763 1.45996
1.90403 -1.15524
1.0149 4.48439
-2.7393 2.08112
-2.04635 -1.80676
-0.0250741 0.447489
-5.24648 0.761133
1.09462 1.09057
4.36326 -2.06803
4.7066 2.24385
4.38171 -0.154727
-4.0673 -2.31046
-2.63373 3.05982
1.39816 -3.38598
-0.0277716 -2.3481
-2.98431 -2.61748
-3.96727 1.08409
4.98056 -0.809513
5.66081 0.095413
4.39988 2.47311
0.151141 -3.70498
-0.99591 2.49067
0.135998 2.63929
4.9405 1.18759
5.48658 0.652602
-1.85992 -3.99063
-4.06084 -3.59343
0.262637 2.40365
-2.96526 -3.05437
3.92586 -0.806074
-1.7147 4.96908
-2.84284 -1.39199
-4.79335 0.65171
5.8191 1.14622
0.297104 2.59402
-1.26218 -4.7978
2.32694 2.75599
3.87336 4.22852
5.43811 2.0591
1.2694 5.67692
-0.186776 0.595454
1.41791 -5.24201
2.51093 -2.37131
-3.91251 -2.83168
-0.564656 1.53132
-1.01094 -4.59466
5.38982 -2.53015
1.71982 -0.0937897
-0.719832 5.91821
-5.41056 -0.330558
-1.05069 -5.78064
-2.09178 5.39962
-3.16334 3.09858
-0.607389 2.48996
0.279975 -5.08172
-5.1245 0.825601
0.567763 2.9402
-3.7939 0.134083
2.96544 0.058621
1.30418 -1.37026
4.59658 1.62077
0.706297 -4.20105
1.2472 -3.77308
1.20961 4.01311
-3.10237 -4.8264
3.54862 2.3475
-1.98974 5.00138
-2.77097 -1.68169
-4.90314 -3.43678
2.48628 -5.41632
-0.666123 0.632096
-0.947299 -4.88638
1.62653 0.320423
-0.38112 1.50835
0.922904 -5.8564
-3.11693 4.36279
3.89663 4.03327
2.70357 -0.651995
5.68074 0.104435
0.669118 1.22428
1.81525 -4.99843
4.06814 1.81306
-1.74486 0.426103
0.896506 -2.12653
-3.89504 0.878396
0.84023 2.0239
2.94559 5.0156
-1.04248 2.24445
1.80716 -2.03604
1.27723 0.0937098
4.17595 -2.80407
0.0259597 2.77332
-0.432089 -1.78545
2.95999 2.63094
-4.06916 -4.20214
-1.7457 1.72566
0.531179 0.22389
2.12031 0.296667
3.51284 -4.74404
1.16724 2.47362
-3.88676 3.26839
0.10785 0.778143
-1.27861 1.6134
-2.25258 3.65925
0.412792 -2.83612
3.50216 -3.98896
-4.83531 -1.43514
-0.744335 5.52445
1.29435 -0.0282935
-4.25059 -1.03239
2.73084 -3.78782
3.78721 4.45207
-0.313136 5.35445
5.25656 0.157372
4.32222 1.66233
3.72148 3.81662
-2.33146 -2.62571
3.822 -0.79182
-3.8797 -1.45224
-4.7115 -2.74219
-1.81908 0.807143
-0.658715 0.332741
-1.13482 2.85822
-0.274439 -2.774
-4.8776 0.888953
-0.13621 0.645026
-5.22386 2.28813
1.40511 3.06872
1.21077 2.29
0.96207 -4.76816
1.45566 -3.22237
0.086301 0.337647
-3.76182 3.33417
-3.13725 -3.6543
-2.77882 -2.89435
0.593601 -0.909844
-5.62093 -1.91691
-3.55979 -4.54482
2.63011 -2.00287
2.83101 1.62985
-1.61003 5.37445
-1.47211 3.15805
-5.4468 -1.43588
2.81505 -0.508381
2.96551 1.57599
-1.7409 -2.43826
-2.28194 -3.45727
-1.03953 -3.15609
3.45744 4.37876
2.48744 -1.09433
-3.13012 4.02156
4.19428 -2.58287
-4.18656 -1.31944
2.1433 3.97087
2.31984 -5.52676
-1.4535 5.15053
-2.6681 0.153367
3.4162 -2.17046
5.32965 -0.433
2.99038 4.47021
-0.48359 -0.707444
-2.47003 4.8872
-2.7366 -0.297254
3.91266 -2.14925
-3.20644 3.81577
3.28906 2.33942
0.546398 -4.34282
3.69421 0.939916
-4.87696 1.99798
-5.0592 2.17596
1.16077 -0.0262993
-2.99047 2.02778
-3.91469 -3.59855
1.89117 -1.62408
2.2871 -0.428896
3.80808 4.46798
-0.315587 -1.21419
5.04377 1.48905
4.36988 -3.64724
-3.49624 -2.0155
-1.47008 2.64936
2.30902 -5.22246
1.02027 -3.32392
1.33084 -1.10024
0.626956 0.448832
4.33107 -1.18189
-3.75018 2.67732
3.39557 0.772827
-3.90909 -3.20371
5.38418 -1.16488
3.97979 1.61314
2.88536 1.99483
4.03596 1.97583
0.48268 -3.14924
5.35691 2.35172
-3.04414 -0.862208
0.994235 -3.50509
-2.35681 -1.32646
-0.00566047 -4.76967
0.499209 0.25639
0.673488 0.911418
-4.4332 1.02193
-5.55746 1.03384
-2.5288 -0.264275
1.86801 0.403484
1.76872 0.375306
-0.911635 2.9957
4.796 -1.63131
5.82808 -0.292
3.4029 2.23423
4.22948 1.91948
-3.3102 -2.89478
-4.94789 -1.9345
-4.55176 1.51072
-0.833695 2.39297
-5.65228 0.144235
-0.0728263 1.9394
2.45611 3.30922
2.89709 -4.83191
3.88243 -0.254433
3.35666 -1.05913
-5.20861 2.42147
-2.73322 0.906753
-2.56133 -3.58812
3.6387 -1.73812
5.00541 -0.638433
-1.01214 -1.40319
-0.448103 -4.14734
-3.50716 4.64507
-3.0838 -4.19338
2.27029 1.97084
-2.27201 4.40321
4.38093 -0.925322
1.88711 5.62053
-0.727488 5.60455
4.7356 0.957916
1.72685 -1.66193
-3.2314 3.70526
1.72326 3.60769
0.257688 -5.32465
-3.07164 -2.30836
-3.30443 2.61226
3.00376 3.53985
-3.1662 -0.644085
-2.41183 5.11687
2.82201 -0.771188
-4.29028 1.96729
-2.22991 0.70348
3.91513 1.69438
-3.94616 -1.16108
3.60904 -1.47009
-1.81074 5.40887
1.66873 -1.81892
4.79342 0.146643
0.463555 -1.24366
-2.84515 -2.5589
1.09047 -2.37239
-0.400336 -5.19432
-2.51705 0.0679419
-2.34267 5.46611
1.32933 -2.63178
-3.20883 3.316
-1.64346 -4.37798
-1.31649 -1.80519
0.462948 -4.21685
-0.147 -4.98825
-5.08617 1.835
-1.32482 3.08401
4.75078 2.3895
-4.4397 -1.99711
0.640733 3.44542
4.57889 -2.3918
-1.17105 1.19133
-2.99741 -4.60823
-2.7205 -4.00563
-1.34501 1.40087
0.900348 5.16054
-0.978821 -4.21443
1.41979 -3.55841
0.200174 -4.80949
-5.24371 -0.568916
-1.93482 -1.13195
-5.58534 1.08917
-0.875388 1.36346
-4.81365 0.958777
-4.7287 -3.24835
-3.98931 -1.47343
3.14367 -2.53461
1.35194 -0.458245
1.74733 -2.9853
0.00242605 -1.74757
5.20488 -1.21745
-3.17984 3.2929
4.71773 -3.09652
-1.6433 3.2768
2.32625 4.06729
4.55806 1.26579
-3.63306 -1.89757
2.82819 0.439736
-3.54284 -2.60572
1.55062 -5.03877
2.17297 -4.66751
-0.15909 -3.20878
-0.426847 -5.12931
1.0168 1.66264
-2.92171 -1.00742
-0.882013 -1.76402
5.77563 1.04625
-2.81283 3.38388
1.86313 -4.54889
1.07959 0.6627
-1.58396 -1.87432
-3.63963 1.58726
-4.87918 0.8254
0.356162 3.55318
-3.75994 -0.383233
1.36799 4.58689
-2.79868 0.861356
1.11442 -1.66231
5.57153 0.80512
4.31762 -3.83637
1.36879 -2.95166
-0.0182882 -2.28521
1.4732 -2.21348
4.43653 1.6989
0.280396 4.61018
-0.174488 3.13363
-4.6015 -1.2314
2.16061 -0.870554
-2.70326 0.919527
-3.57938 1.03661
-1.57274 0.42958
-0.601205 5.7732
-0.763132 1.98876
1.7967 -3.35876
2.84011 4.86591
-5.08458 -0.368432
1.94111 -0.143791
1.19296 5.04837
5.42391 1.34633
2.06213 -4.73131
-0.513258 -1.61755
-2.8695 3.24529
-1.78918 0.701568
2.64508 -1.81856
2.5812 -2.43094
-1.05976 3.62182
1.47414 3.50953
5.06812 1.21543
-2.92167 -2.27045
-4.12886 -3.65397
-1.1003 1.34496
3.79475 -3.41398
-0.619871 2.95025
-1.33995 -5.67
-3.31283 0.151569
1.18686 3.82088
2.61735 2.81604
-2.44712 -3.32759
2.32248 1.71174
2.29718 -0.41548
-2.08178 2.08078
-0.530981 4.69292
3.15494 3.04144
3.40112 -3.19527
-5.357 -2.59028
0.0686489 2.46785
-2.77197 3.33759
-2.23343 -5.23491
-4.98023 -2.0519
0.595429 -0.431581
-1.5794 3.83218
-4.86696 1.38164
-4.50789 -3.51168
0.806104 -3.73509
2.01322 -3.81551
5.37709 -1.20528
2.40139 4.05006
1.75346 1.80792
0.607752 -3.66046
-3.52852 4.48606
-1.53654 -0.478369
0.829286 -1.36532
-1.56347 3.11246
5.23699 -2.14613
-2.35046 -3.30093
2.57814 1.44278
-0.194728 -5.89908
1.49779 -0.157763
-1.24922 5.74908
2.38363 1.45381
3.2901 -0.12224
-2.52906 -4.11395
2.41793 -3.6766
-1.52587 2.11702
-1.19995 3.3241
-4.8848 2.81612
-2.76056 -2.3288
5.17696 -0.392618
-3.20717 -0.480412
0.805781 5.49414
0.901263 4.4887
-1.13455 -5.0836
0.689383 -0.556447
-3.89278 0.610015
-0.945183 -3.77933
-0.751781 -3.77535
-2.38427 0.379849
2.79888 -2.10641
-0.403594 5.05885
-1.67261 -5.53902
1.5785 -4.94068
-3.80769 1.45405
-0.31322 -5.47981
-5.53368 -0.738583
-4.44435 2.2605
1.74218 -1.3777
0.549575 2.2858
-2.65821 -1.90441
-1.35988 0.950578
-1.91687 -1.97297
4.85025 -1.68942
-3.30785 1.4037
2.9476 -0.176591
4.98544 -2.0786
-3.26833 4.12072
-3.4851 2.2783
0.0309659 -5.26577
5.11278 -0.648242
-1.38354 -1.91961
-0.0166018 -0.286307
-1.51269 3.46955
-2.94976 -0.465204
2.46871 -1.51558
0.862172 4.80056
-0.350159 0.232467
1.08256 -3.97681
1.81289 4.13514
-3.68984 -0.949725
-2.4551 2.68252
-1.22842 4.16063
-0.972587 -2.81975
1.43704 -4.53593
4.35196 -1.81059
-3.77091 2.85945
5.49035 1.69692
1.89262 -3.23637
-0.479357 -2.83217
0.0726806 -1.32671
-1.75428 -2.18379
2.55575 -0.569626
-4.79896 3.39561
-2.11668 5.01921
-0.270808 1.949
4.52476 1.7339
3.61665 -4.1629
-2.03048 -1.70917
3.73698 2.95265
-2.45227 -5.02569
2.98899 -1.01106
-2.85512 0.0791036
-4.01215 2.61576
4.31873 1.73437
-5.88655 0.208176
4.61626 -1.76723
5.41167 0.320786
-3.34845 3.34667
-1.99544 3.3536
-4.44533 -0.110903
0.686059 3.62909
3.95761 -0.744165
2.67283 -4.8453
-2.65154 -4.44075
-4.75005 3.51585
4.32607 2.80366
0.517554 0.735258
3.16897 2.41858
0.580685 -3.27931
0.205551 0.0698321
0.270896 0.0498696
3.85538 -0.557269
3.64857 0.415481
-1.2724 3.97656
2.57855 2.41296
1.83188 3.11287
4.02617 -1.81342
2.09807 -0.0594414
0.450077 5.07302
4.05777 1.37389
-0.494349 3.44734
-0.310213 -3.47988
-3.48841 1.79224
5.476 -0.743363
3.85362 2.39546
-0.434158 -0.940741
-1.2485 -2.12996
4.80716 1.96562
-0.435678 3.60982
2.46225 0.607203
-0.16775 -4.45783
-3.23088 -3.8609
-3.71647 3.19684
-1.50516 4.30803
1.79082 -2.08449
1.91132 -5.03946
5.38616 -2.40202
3.88766 -2.85603
1.3199 2.73337
-3.11937 2.10315
-1.74042 -5.19573
-2.0341 -2.86419
-3.96407 2.34752
-2.47151 5.43639
3.31842 2.93037
5.89845 -0.860382
-4.08121 -1.44271
-4.8673 3.03852
-1.61823 -4.31594
-1.80279 -5.50766
2.45708 1.5128
1.05368 5.86418
0.192034 0.530163
1.902 3.4879
-1.89806 3.73372
0.826575 -3.15985
-2.51273 -2.95944
-0.0973684 4.53566
2.75388 4.61646
2.81376 -0.0721354
-4.56418 1.8395
-1.03888 -2.99165
0.78935 3.02885
1.87634 -5.12396
0.450244 1.76085
1.80448 1.94818
-0.116393 1.91268
-1.45169 2.74343
-3.44647 -3.35588
0.0756143 -2.82717
0.46354 -2.90738
2.31714 4.11282
-2.62105 4.5077
-4.29255 -1.85869
-2.84618 -0.948888
-0.834131 3.06913
-3.38524 -2.29096
3.88397 -1.50542
4.06308 -3.14236
2.4272 1.5032
0.224349 3.49516
-1.17546 5.07477
-2.43705 -1.71241
4.40936 -2.96627
4.93345 -1.30239
-4.41591 -3.01585
-0.636987 2.49088
-1.29353 0.431422
-1.04742 0.910083
5.5819 -0.300336
0.848508 3.65972
-0.67626 1.12324
-3.10223 3.10635
3.44331 -4.65275
-5.61965 1.35605
1.72055 1.97251
3.67266 2.25847
0.573623 -4.27829
0.74122 -5.79033
1.48769 -3.51269
3.59136 -4.26959
1.81541 -1.19182
5.02207 1.84824
-1.03952 4.45113
-2.56442 0.816173
-0.427564 2.61015
0.706794 0.310343
-0.443975 -2.57017
-2.00555 -5.62872
-1.0957 -2.1309
1.63651 -3.33385
2.17576 -2.2474
0.658325 -1.86371
-5.69745 -0.994791
3.92834 -3.36635
0.724416 -2.3267
-2.39715 -2.75076
1.51098 -3.07196
4.70518 -0.00146365
2.45928 4.33739
4.69847 1.01626
1.14282 -3.69417
0.961517 -5.6941
-0.850775 -4.47299
-4.94087 0.678857
-0.26788 3.16261
0.342852 -1.67318
4.19794 -3.68097
-1.58911 1.3834
-3.6486 1.37546
1.35236 2.48719
-4.68338 -3.19862
-2.38222 4.4801
5.83321 0.45627
1.76687 -4.89368
5.21449 2.39932
-5.78952 -1.35307
-1.85233 -2.00832
-4.52978 3.28459
-1.03877 2.68849
2.817 0.212703
-4.73641 -3.10307
4.72784 -2.51023
-2.43886 2.22289
-5.10841 1.33574
-1.40737 1.24424
4.10532 -0.262238
-2.60242 2.97519
2.89073 2.62006
-1.49366 -1.07982
3.8976 -4.33134
-0.336138 5.25497
-4.27703 -4.035
-3.66925 -0.23346
-5.76959 1.27778
-2.82504 -0.00178859
2.02613 5.47026
4.26034 -3.25319
-4.59707 -1.74922
4.48471 2.20479
0.276817 3.16607
-4.50623 0.893403
5.06888 -1.26824
0.925072 2.65559
4.4044 3.62553
0.329488 2.41354
1.27409 -2.5885
-0.0354601 -5.90085
2.2294 4.42776
2.89051 0.775373
3.35885 0.783578
4.74334 1.87753
2.22244 4.69578
-1.31884 3.54635
3.22981 3.06983
5.09418 -1.36422
2.45996 1.37805
4.2624 -2.94232
3.20174 -3.80847
1.48004 3.59714
-3.07604 -3.29028
-2.99683 3.87768
-0.444244 -5.31516
1.20749 3.51184
3.34397 -2.66768
1.1664 -5.69782
-3.77458 4.0526
-1.2408 -1.7704
1.28931 0.627337
-2.36699 4.84016
-4.37831 3.57759
5.48831 -2.16998
3.20313 -4.81764
1.13238 -4.80306
-4.82943 -2.82903
2.93496 -0.907173
3.7707 3.58287
-0.512706 -0.222475
-3.91849 -3.81133
-0.66852 2.44646
-1.01152 5.56194
2.07511 -0.506909
2.41748 2.29408
1.96014 -3.4017
-1.1925 -0.592147
-2.64019 3.83997
3.05928 -1.63863
-0.545871 -0.641279
1.49871 -1.22695
3.83459 -1.14758
2.20592 3.96754
-4.54326 2.88948
-0.0788125 3.8574
-3.58983 2.78387
3.78063 2.28457
4.49344 -0.43741
-4.54876 2.12918
-3.53491 0.980609
-2.5547 -4.01812
-3.30417 3.15712
-3.68817 0.155389
3.61624 -3.95542
-2.85386 2.78842
-2.09664 -2.72967
0.633534 5.63035
3.06187 0.495028
0.145656 -2.93638
1.63767 -3.10058
2.87152 1.8791
1.63148 -0.00654222
-0.728799 4.86881
0.485341 1.48858
-1.71639 -3.75216
-1.45878 -1.96065
0.951482 2.42259
-2.12488 -4.28752
-2.16805 0.389718
0.0215482 -3.63562
1.25868 0.963034
4.72902 -0.0476244
4.84234 2.0135
4.67946 2.78436
0.115086 -4.03413
-5.74899 -1.46215
-1.17707 -3.01191
-0.268183 -0.775758
3.88738 -2.03808
-1.52631 2.86656
-5.67417 -0.500935
3.31592 0.84675
0.112948 -0.791241
-2.89838 -0.49275
3.02488 -0.943093
-5.40772 -2.40153
-2.34383 1.10504
5.26022 1.11235
-4.54389 1.84475
1.08622 -0.734102
0.211619 3.9407
0.252417 5.49173
4.19052 -3.51215
1.64924 1.17761
-1.46458 -2.83307
4.56377 -0.420322
-1.51161 2.59677
3.75147 -4.32485
-4.89359 -1.16404
2.19648 4.15374
-2.78432 -2.66884
-0.355782 -4.79956
-2.17486 4.22049
-3.01703 -0.589925
1.52684 0.13776
-0.983133 -2.67375
-0.587118 -5.33565
1.45338 0.92213
-1.33733 1.7591
-4.76848 0.239824
3.75455 2.13066
-1.0995 -4.52945
0.0749778 4.15681
-4.37962 -0.186974
-1.85847 -1.92179
2.2403 4.69111
2.01844 -0.316289
0.914615 5.06057
-4.42758 0.963821
3.03815 4.35343
3.47537 -1.67899
2.87512 4.96948
0.0258467 -4.95897
0.570387 1.49069
0.80693 3.32877
-1.94295 -1.28187
-4.52991 -0.566333
1.78896 4.88828
-1.99961 5.33528
5.54497 -2.26621
0.734425 1.69307
1.4385 -0.543993
2.26356 -1.68168
1.52717 -3.2217
-1.613 4.11675
-3.42646 -4.30821
4.26301 0.188848
-0.847537 0.472397
-2.22209 3.80736
4.30432 -3.25458
0.220427 5.08464
3.17579 -3.81483
-0.914116 5.27495
-0.33801 -4.52209
-1.43367 -3.08166
-2.60363 0.471206
-3.57245 -1.84986
-5.14149 -2.18828
0.737106 -0.960718
2.39878 -3.79831
5.58103 -0.0516651
0.438486 5.95346
1.19828 0.774381
-1.4892 -3.04508
-3.20962 -1.31673
3.59999 -4.34446
0.965162 2.46488
-3.33094 1.50129
0.951188 -1.99755
3.06047 0.157923
3.42754 -2.30745
3.63849 1.53583
-4.57488 2.93059
-5.07753 -0.961209
4.64933 -1.30739
-0.0452131 -5.34478
-3.37908 -3.27911
1.03559 4.71024
2.95858 -3.81854
-5.80214 -0.27267
3.21459 2.82392
3.32068 1.25827
1.79996 -2.06655
3.56537 -0.219333
-1.27092 -1.81134
-3.16805 -4.49511
1.3887 0.472943
5.14378 0.963323
0.939118 4.86372
-4.91958 -1.22521
-4.7283 3.39652
0.679125 3.62308
3.92289 3.00369
4.7062 -1.20983
3.91779 -1.93747
-3.7475 -0.257439
3.8866 -0.782048
3.23553 -4.16078
0.480044 5.1817
-3.34592 -4.34836
1.89215 -1.02286
-3.77023 4.35377
2.18122 -4.79847
-5.41711 0.390948
0.893885 -3.72792
0.16333 -2.54749
-2.94177 -0.296189
2.22039 -1.28581
4.00961 -2.03236
1.27583 1.16303
0.110715 3.89496
-0.316999 -3.51326
-3.46907 -1.02218
2.80544 -0.229703
-1.48572 0.27188
-0.749385 0.929297
3.50988 0.720935
0.631819 -0.48554
-1.90626 3.44471
0.248949 -3.25117
-2.30166 -4.50286
-0.353527 2.86115
-1.93141 -1.38947
-2.86653 -4.90159
-0.371252 -5.40385
0.450133 -3.96603
-1.11125 -0.3761
-4.23978 1.36749
2.42066 -1.3744
-1.3902 -4.02514
-0.896626 -2.89304
-2.76478 4.59383
5.75603 -1.61069
1.45338 2.1862
-2.64125 3.28225
-0.966552 4.16521
-2.21051 -4.61509
-4.82807 3.38401
0.520607 5.70898
-4.8705 0.163992
-3.4643 0.696782
-4.34068 -2.11816
4.08766 -4.34839
-3.79728 0.445142
-2.10953 2.78369
-2.43764 1.85348
-5.72811 -1.52671
0.0682901 4.24886
0.241904 -3.51199
1.28711 4.57561
-0.196421 5.12821
3.01801 4.4305
1.84854 3.8469
-2.69135 -0.444244
4.56979 2.72885
5.84197 -1.21382
2.46677 0.242835
-3.58882 0.462759
-5.82406 0.864777
1.77199 5.38143
