3000 2
-8.54736 4.57022
0.088762 -8.17733
3.61808 9.01027
-4.4044 -4.71429
6.90803 3.26187
5.01426 -5.33767
-5.32044 -0.557561
-2.9112 -8.55246
-1.24295 9.77026
8.70326 -4.32073
4.00858 -7.81713
-2.16012 -5.05478
4.37718 7.2544
4.68343 -5.51002
-6.96347 4.94375
0.811156 -6.89966
5.02155 -2.82369
2.2723 -9.53389
-3.82542 6.18346
5.36666 -2.6155
1.35011 -8.70872
4.04787 -7.44985
-9.63883 0.184434
1.94262 9.53488
-7.20333 -6.3472
2.53411 -9.23495
8.2656 -0.0874303
-5.19679 -2.38964
-2.73761 8.9455
7.08397 0.343264
9.23541 -0.403384
-6.97178 5.27734
4.8439 -8.56697
-5.04421 1.93198
-4.92541 -1.33378
6.46084 7.37908
7.74046 -6.14998
-2.78485 -4.9747
0.147875 5.32922
7.4669 -3.84264
-3.48349 -7.02974
3.61913 6.75453
3.33039 -6.1036
-3.16687 -5.54678
-4.73699 5.42121
-5.74507 2.6455
-7.65633 0.118674
-5.44486 8.17709
-7.60724 5.07027
-3.90215 -3.42
0.08037 -9.22134
-3.0158 -6.61296
-8.0351 -5.85165
3.3562 7.60577
8.17307 4.74428
-2.41156 8.88333
2.0569 -9.60221
-4.16201 9.08293
-3.68686 -5.07458
-8.43338 0.151574
7.50503 -2.96897
0.513332 7.57495
-7.80175 -3.95408
-4.66321 5.42192
6.19375 -1.7202
-5.94962 4.80213
0.494731 -5.04827
-6.33383 7.23559
8.52363 -3.33782
1.2932 -5.18652
-6.01436 -3.38392
-3.32503 -3.84995
-6.1809 -2.3066
-6.99716 -1.31582
8.71913 2.38065
3.11348 8.29033
-4.44602 -4.26585
-5.37976 2.45018
0.193322 9.15688
6.32718 0.937648
-0.948003 6.91585
-5.35718 1.82545
0.305018 6.43285
-3.03392 8.83922
0.843073 9.52704
-6.52589 -0.606408
8.09928 4.66077
2.56751 -7.88658
-9.48052 0.956358
-6.48918 -3.67923
3.12542 8.93605
8.2439 -4.836
1.4188 5.84416
2.85174 9.27021
-7.17644 5.60778
4.34174 -8.34185
-1.47036 7.63244
-1.55601 8.20066
8.47998 3.0825
7.68408 6.30648
-6.97953 -4.92026
5.23243 1.52623
-8.67475 3.53558
0.351889 -5.80567
4.09331 -3.68841
8.9688 -1.40003
2.52212 9.23432
8.75818 -1.23867
-1.00638 5.71485
3.80622 -8.85652
8.4275 1.01093
0.40863 7.84572
3.00861 5.7627
7.86912 -3.66029
1.42746 -8.71278
4.27602 7.00839
1.70938 9.54476
-1.27397 8.39131
-7.23633 -1.01999
4.31628 3.64622
2.09504 -8.6941
-4.69405 7.14175
-8.67401 -4.0482
-5.41243 -6.63286
1.52975 -9.48611
6.99673 -6.03549
1.51305 9.79361
1.21196 9.35325
-0.742036 8.59567
7.40886 0.764469
8.42605 -3.34082
-9.12098 3.62813
-2.01184 6.93336
-4.55792 -5.00406
-3.23291 4.49781
-5.32668 -5.4979
-4.2608 8.75876
8.55603 1.26494
3.58264 -6.60414
4.27414 -4.57617
-6.95769 2.15368
-3.12052 -6.53112
-8.45725 -0.941868
-2.76269 7.45044
-2.19342 -4.87732
3.15191 -5.83229
-3.24928 9.43255
-7.16725 0.0724434
-2.44336 -5.55313
8.47158 1.77897
-8.71777 0.388451
-1.97238 -9.77308
3.76783 5.85636
7.81074 -4.93407
-0.243606 5.70872
6.53424 1.05186
-1.44501 -6.25713
5.64256 -5.41423
3.04904 5.18453
-1.07047 8.65868
-8.20472 3.33919
-1.05583 -5.3709
-7.25639 1.85477
-6.93394 1.29632
7.2442 -6.66866
7.2254 -2.75959
-6.78372 6.02184
9.07369 1.43784
5.76329 3.5407
8.474 2.5423
8.49319 4.99983
-7.85166 -2.76618
8.86678 3.94468
-1.73446 8.93607
3.16509 -4.37703
-4.73446 7.85359
-4.68834 3.13295
-8.34533 0.0503812
6.75641 -4.97187
-2.27708 9.06066
2.52553 6.5066
6.21258 -5.1827
-5.60566 5.68906
-2.47588 7.9362
3.64821 -4.50671
-4.33698 8.37524
-7.15693 -6.49881
-5.56549 0.808259
-6.68153 3.56913
-3.60996 7.47879
6.27867 5.56239
7.14685 -2.81482
-2.12094 -6.58179
3.5909 -7.80301
-5.16088 1.14927
7.34939 1.24492
3.36503 -4.01582
7.52992 -4.61463
7.32915 1.02748
2.19004 7.97586
4.86426 -6.37384
5.18363 1.29142
4.9767 3.34825
-5.94387 1.4376
1.78796 -9.76341
6.30665 -4.20571
-5.29738 6.87073
-3.69402 -5.31046
7.0504 -3.96488
8.05051 4.89962
7.86218 -0.293232
-8.35261 -2.36311
3.16602 -8.71318
-2.37452 -8.54246
6.8587 -5.86275
4.74605 6.82484
5.07631 -2.53705
8.0383 -0.276323
-4.16102 5.69221
8.96188 2.39623
-3.40743 -8.65618
-4.47576 -4.06954
3.31816 8.30786
-7.45745 2.6918
9.2701 2.50663
8.97937 -3.7092
-9.84468 0.524598
-5.24627 5.87502
-9.36499 2.64883
-1.09446 5.45713
-7.4645 4.21027
2.07141 -5.89189
-5.00106 7.16359
-1.27003 -5.38602
-4.13024 3.01287
-2.70319 7.51173
-9.28185 -0.0193052
-4.46194 8.20192
-3.58805 -4.36551
8.87614 1.22575
-7.33871 -1.6562
4.27514 -7.78579
4.15636 -4.06719
0.751734 -5.60464
2.78247 5.00293
6.86035 1.9038
-6.81265 -0.276814
4.75503 -2.12952
9.1416 2.82708
-5.27473 7.67587
8.37157 1.05788
7.28488 -3.04454
-4.95825 6.76302
5.17436 5.50191
-7.0479 5.9845
1.53348 -6.72129
-4.66521 -8.2573
-0.559816 -8.81988
4.29843 3.69718
-1.51218 4.86643
-9.88872 0.312072
4.99796 0.795284
6.3315 -6.50236
-0.907514 7.41959
4.49241 3.86443
0.500564 -7.01376
2.63313 -5.02389
3.4738 4.14421
3.14082 7.69085
-4.61155 -6.37389
-6.04661 -5.39208
-4.63242 2.93417
-5.42627 0.61358
-7.56678 5.13762
8.01437 -2.53527
9.75777 -1.09744
-4.6537 5.20445
-8.84655 -3.91069
-7.04577 1.7305
4.77433 2.16752
-7.42929 -4.00179
-9.56272 -0.631042
-5.92254 -0.0852581
7.067 -4.93087
6.87324 -1.52742
-7.13011 4.23134
-3.87022 -6.84804
5.06657 -6.13431
0.703802 8.8004
8.38966 5.01919
8.97118 -1.33575
4.0117 4.60952
5.5144 0.598805
4.12052 -6.34325
9.03336 3.6741
-2.12357 9.12706
-5.90975 -5.09756
5.38444 -3.63598
3.12529 6.79335
-4.17174 5.53889
-7.81431 4.8299
4.82547 1.73812
4.07887 -6.35078
3.02281 4.37978
-9.07978 -3.90442
-1.62379 8.89057
3.84679 -6.94278
-7.261 4.30327
5.12335 8.15869
-6.72851 -6.11074
-3.25405 9.15497
7.64768 -5.51101
6.54753 4.29387
7.14684 -3.14103
8.76162 -3.52107
1.34156 7.67975
-6.35948 -3.77337
1.00844 8.83356
5.59099 7.8304
5.56474 6.51365
-5.10971 1.13937
2.50462 -4.78014
0.149378 -9.40288
5.86819 6.71071
6.93682 7.14938
-0.44333 8.94937
-8.0132 2.17429
3.27553 -8.24336
-8.10883 -5.15205
-2.32479 7.18793
5.31243 5.99723
-4.5709 -3.1868
-0.536985 -5.11381
-7.83943 2.73424
-5.55332 5.3559
-3.41449 -7.29361
-3.71413 -3.35499
-7.26363 0.241441
-2.10087 -9.35684
-0.463744 5.85057
2.69916 4.73383
1.41896 8.47288
-4.18603 5.36781
-3.16493 6.95347
6.97432 -2.58152
-7.68823 3.84161
5.91279 -3.7014
-5.85507 -6.14422
-5.85323 4.73128
-1.38674 -6.93634
0.902706 -8.21872
8.03032 5.61493
-3.71933 9.24216
-7.08178 -3.53945
-7.52516 4.65522
-4.54256 -6.75704
-5.57604 3.53849
-8.5776 -3.65432
5.49299 0.653909
-6.77897 5.82811
-6.94684 4.46879
7.02352 4.33731
9.55439 0.675524
-6.4662 2.57479
-5.57013 2.84181
-7.75426 -5.91626
5.33687 -3.14218
9.43174 -0.81174
-2.90741 -4.76207
8.33353 1.60125
-7.844 5.92829
-3.20633 -8.81874
3.43985 -6.44209
-9.09015 1.93163
2.30904 7.99482
8.86523 -2.12276
-6.57899 6.96444
-8.576 3.17885
6.97577 1.72874
-5.0107 5.09341
4.95257 -2.10855
1.63469 -5.68669
3.72847 4.35159
-5.01551 4.33342
-8.22176 -3.20407
-0.638636 6.44441
-7.97429 -3.85586
-5.45479 1.35819
-2.29109 -6.43009
9.12144 4.08257
2.3826 4.41528
7.52748 -5.69915
-5.67074 -8.09285
2.65087 -6.78397
-6.00823 -0.29639
-1.42995 6.77299
-3.14222 8.66851
9.17002 0.542555
-1.28594 7.1705
-5.32292 -2.32893
-2.30334 7.6993
2.08569 -5.81801
2.51021 9.07681
-6.91706 5.00487
3.07208 -7.51162
-7.82409 0.573354
9.16272 -2.23737
-3.47558 5.98802
5.98475 5.75315
-2.45217 6.41375
-4.0683 4.01546
-6.6024 -6.61271
0.211184 9.37312
-6.04848 3.23342
4.46788 -8.26075
-5.81733 8.10428
3.95345 5.58614
6.27572 -3.95661
1.25372 -8.80942
0.14192 5.2442
-0.684672 -7.2775
-9.81861 -1.30798
-3.20741 -6.96261
-0.614402 -6.26054
3.76838 -4.87143
-5.80002 -0.931192
9.4628 1.34734
6.61653 3.99416
9.81023 0.542276
2.64962 -7.89294
3.39817 -6.95739
7.06504 2.10305
6.03277 -7.15346
-8.1897 -4.32098
-4.25332 -5.58277
5.4497 -6.81118
4.43714 -5.01071
4.96068 -5.92831
-1.41904 -9.81933
6.4749 3.67454
-6.57348 -0.509244
-6.30544 4.42325
1.45728 -7.55984
6.71986 0.677079
-2.89715 7.66646
-5.77822 5.46764
-5.33975 -5.2251
1.77603 9.69636
6.74611 1.92418
8.35937 -4.10726
-0.465794 -8.60095
-6.00857 -5.98992
7.45993 -0.9868
-5.14233 -7.20674
-3.64645 -5.88081
-1.34895 8.27229
-7.58259 -0.583424
2.70905 -9.06759
1.05739 -8.47447
9.54352 -2.13531
-2.11964 -4.77518
-4.40027 4.72486
-9.32818 1.25883
-8.36341 -3.86209
0.0110838 6.28488
-3.24343 7.666
-3.40531 6.98385
2.63492 5.06427
2.97429 8.8361
4.83918 -7.97707
6.46362 -5.94837
5.779 7.57469
0.322818 5.5941
-1.75197 -5.38206
4.64998 -7.79646
0.343338 -9.51691
9.3508 -1.08089
4.8428 -7.11906
-3.20893 7.45127
-6.58216 -6.29196
-7.92294 -0.802365
-5.34428 -1.28833
7.05911 2.4668
-9.6352 1.22229
2.99675 6.35793
-1.27647 6.32192
-7.57045 3.4674
-7.04253 -3.72941
3.4578 -4.82431
-2.14496 9.61935
-7.59699 -2.64661
0.586306 -5.94909
-3.76589 6.74047
7.07688 1.10101
4.75678 7.13186
5.25466 -4.88219
5.01151 8.47845
-2.6434 -7.59013
-4.33732 2.59891
9.41745 -0.941184
-5.40582 4.41487
0.682691 -6.01791
-2.97342 5.67477
-1.62958 -8.28805
8.31937 3.62718
7.03796 6.97558
-6.00346 -0.0995844
6.28515 -5.49048
-0.408931 7.0925
9.5866 1.91686
-3.40484 -5.09086
-0.588294 -7.45104
-9.61157 -1.62015
5.02293 0.35473
1.32163 -7.42205
-2.46516 8.0341
9.13687 3.37394
5.7308 -2.44295
-3.62266 -6.0039
-6.01669 -2.49995
3.26704 9.18977
-7.51138 -3.8472
0.185021 9.64245
0.725224 8.83374
-3.92014 -5.79991
0.836159 -6.67388
-7.8588 -2.9083
0.17326 -8.02001
-0.743358 6.37661
-8.37168 -2.74524
0.701522 -9.52783
5.74903 3.9627
-4.23121 6.12437
-7.63822 4.37833
6.5453 6.91592
1.59656 -6.57023
-5.83642 7.29718
3.63923 4.522
-7.37793 -0.909161
3.67781 -7.06785
-5.78698 -1.74167
7.98463 -2.37902
8.00473 -4.53751
-3.28231 -5.82581
5.59282 -1.39397
4.80405 1.74705
2.23077 -7.52347
-6.97591 -4.18356
-5.15295 -5.66314
-0.373078 9.67237
3.56444 7.53775
7.31939 -3.08851
-8.5335 -2.54756
-0.720711 7.01583
-4.90719 4.79027
-9.12349 1.4537
-6.58453 -6.25591
-1.01661 -6.153
6.57807 -2.35625
4.15578 6.25613
6.73732 -5.85834
-4.76543 7.49098
0.869241 9.34082
-8.80703 0.256445
-9.9304 -0.269442
-8.50732 -2.53577
-7.22121 -6.91031
-5.53578 0.203716
3.86241 -4.40315
3.20849 5.05718
-4.01941 5.76545
-4.1894 8.75483
2.46 5.18273
6.20704 1.67459
-3.48044 4.23141
-6.51239 6.30884
-7.36339 3.57879
-4.85103 8.66167
-3.31584 -9.27963
5.58932 -0.342962
6.14539 5.63814
5.29684 4.01813
-7.33743 -0.181424
-9.18798 -2.34222
-5.74666 -4.04446
4.8007 5.39656
4.58891 5.74578
6.59745 3.27549
0.194723 -7.29686
-7.00431 -1.49426
6.01369 -7.84614
6.25074 -3.85901
0.728592 5.44422
0.925471 -5.60897
-9.9209 -0.541541
4.29772 -8.21596
-5.70253 -2.44291
2.05347 -7.32137
-7.96322 2.0946
3.99184 -9.10123
-4.29433 5.26174
2.06611 5.09349
6.28869 -5.97736
-1.4247 -4.93617
-2.24876 5.06388
-0.769418 8.39295
0.267096 9.0751
5.17475 -8.01754
-6.39266 -1.43223
-8.56409 3.40242
4.51739 3.80752
-6.95568 -4.11843
1.60824 9.71699
-0.976099 -5.29957
-5.03378 -2.67658
-5.22144 3.23478
-1.36065 -8.41705
-5.28984 -6.41081
-6.42788 6.69437
-1.42284 6.31499
6.1728 6.21386
7.81343 0.381388
9.88524 1.29006
2.119 -5.9158
7.80053 3.50221
0.138468 7.23328
2.16899 -5.80061
9.15937 1.57697
2.11039 9.25317
-5.80125 -1.58404
7.28618 -1.15716
5.17369 -5.72549
-8.18115 -0.5836
-8.55685 4.95408
6.58923 5.15651
5.48947 1.5332
-8.22153 0.806009
-4.20229 -7.88423
1.12723 5.41236
5.49397 -2.90868
-4.70546 -4.72843
9.32716 1.65761
-0.5016 9.60181
-2.31755 8.88093
1.72637 -4.87056
0.507642 -8.06547
3.59656 7.43921
-0.349517 5.66537
-3.84691 4.94017
-4.51911 7.3606
9.63643 -0.552221
-1.17524 7.74642
-5.96416 0.333438
6.28406 -3.80058
3.64058 7.30941
9.26143 -3.17012
-1.43184 -4.8637
-4.17613 -8.20288
-5.79251 5.25101
-6.2403 -0.724508
-0.11006 -9.772
1.98088 -7.29534
7.18023 -1.86607
1.5796 8.35897
9.15314 -3.20058
7.774 -2.4404
4.94654 -3.57085
4.70316 6.01952
-4.70489 4.95264
-1.05966 -9.67094
0.538586 -7.98085
5.81675 2.13029
3.80384 -8.80247
-4.19257 -4.46949
1.31644 5.4044
-8.22613 3.48915
2.16145 7.46605
1.97144 -6.07797
7.48834 -3.53961
0.158877 -9.75496
6.69 -1.09697
-4.63781 -7.72352
3.59207 -8.08901
-1.15384 7.46998
8.02302 2.86959
-1.15723 -9.51318
-8.08943 0.967118
-5.64088 -6.34745
-1.55564 -5.62152
-0.851568 7.69963
5.3074 1.44474
-5.58323 2.72612
-2.16729 -5.65881
-7.6766 -0.536414
4.4965 -7.32786
0.733581 9.28967
-8.44259 5.32877
-8.1264 -0.468984
7.63822 -4.39007
7.53934 -6.24178
-5.67857 0.224887
-0.331273 -7.70969
-7.17236 -5.81492
-0.821528 -7.41941
1.99284 -6.29884
-4.60619 3.79433
-8.66639 3.97336
0.876147 5.40056
7.14544 -6.62702
7.33368 -2.86765
9.45688 1.83521
4.37342 4.1161
2.72916 8.9749
1.17159 -9.13818
-5.38435 5.28609
-5.55553 8.18284
8.92241 -1.00455
-2.09011 -8.51309
8.23846 3.7398
-5.14566 -3.06338
-6.18333 -3.17966
-0.464985 5.00112
-6.09842 3.88521
-1.25229 -7.18664
-5.85342 1.61529
8.15829 -3.63932
-6.06082 -4.16662
-8.38012 -4.72857
6.87188 -4.37728
-9.00328 1.88243
-8.3608 0.0792125
-8.67519 -3.86504
0.787142 9.49463
-3.71328 -9.0775
-5.50747 -4.08139
4.16179 7.25902
2.40069 8.40304
-3.7595 -5.96267
5.42947 -6.8375
2.1244 4.81593
-5.40844 0.375418
9.65654 -2.50222
5.21524 -7.53618
9.51732 -2.44607
7.32336 3.72474
1.67161 -5.2483
-8.13212 3.39863
7.19075 -4.98261
-7.81604 -4.233
-3.57755 -7.89153
7.10737 -6.38199
-3.05977 -5.62523
-3.23634 6.83656
2.12691 6.95451
4.38126 -4.1254
4.33307 5.94602
-5.16379 -7.81672
4.42283 -5.5022
1.87816 6.27757
7.06367 -0.830712
-1.77858 7.45881
-3.11846 8.06003
4.88954 -1.42672
1.05731 -9.72278
9.26631 -1.1842
-2.90978 -4.70912
4.67617 -7.62126
9.43551 2.67999
2.66042 -6.36155
3.49098 -7.06793
-4.60983 2.66585
4.91629 8.15593
-3.31792 -4.23141
-0.0348396 -5.54852
6.00476 1.92326
4.20633 -4.18069
-4.83759 -5.39872
3.72082 -4.12108
-2.92583 5.50263
2.71861 -8.37657
-5.07646 0.00083609
-5.94783 -5.21677
1.79995 -8.27463
-1.86203 4.81049
4.14511 6.90188
1.67248 9.42192
-5.80976 -4.64913
2.04171 -5.04238
-7.31477 0.700419
-3.77774 7.46342
-4.91422 6.77598
-1.98177 -7.68527
-6.29127 2.60675
-8.38207 2.4827
7.09602 2.88594
5.58076 -4.18772
-2.9422 -9.54447
-8.76684 -4.27295
4.58163 3.38535
9.0426 -1.08861
-3.37285 -7.47611
9.07228 -2.21548
4.36769 7.79964
8.52629 1.43136
-3.09728 3.93803
6.46914 6.87832
6.94089 -4.39087
2.68165 -9.50369
0.690901 -8.02822
-3.88862 3.9808
5.22208 7.45087
-7.13602 4.85007
6.44237 -3.03445
7.71004 2.64081
4.10823 6.9938
4.83041 4.64833
4.46876 6.51074
7.05195 2.05388
-0.403018 6.47768
-2.64558 -4.24931
1.84015 7.34295
-6.96121 2.9522
-3.16916 -4.12186
3.92054 -7.42715
7.10659 0.430887
1.91659 -7.93098
3.97551 -3.67875
-8.69994 0.155769
-1.99707 -4.7732
-3.20172 8.71428
-6.80277 5.91113
8.33968 5.01576
-0.126589 -7.58635
-3.82315 4.34953
-5.41655 4.00125
5.01247 4.6626
4.3487 8.65564
-4.66012 -2.62132
-8.66395 4.94691
2.6425 -7.44683
1.08481 -7.62608
3.74566 -6.77133
-5.61041 5.90955
8.63818 1.8598
-6.03883 5.30704
-1.60717 8.2356
-8.43088 2.23631
5.65321 -6.46993
1.4309 9.06069
-0.553868 -8.85679
3.85127 8.23545
8.21458 2.37713
-7.51936 2.06847
4.81419 -7.86741
-7.62194 -1.92916
-3.34217 8.17206
-6.52329 3.01527
-2.3617 6.93298
2.6111 4.75582
-8.99484 3.74993
9.61973 -1.18438
-2.99358 6.98207
8.64533 1.98846
-4.26091 6.84287
-3.66581 8.66463
6.49947 -3.36583
1.02148 8.01557
-2.36014 -6.87044
8.52633 2.00237
-6.10026 -7.09766
9.58277 -2.42404
-0.822673 -6.66883
-2.12466 -9.19212
8.07728 -5.0829
7.61701 -0.969155
-8.58665 4.24629
7.46376 3.48057
-2.07384 4.95325
5.68101 0.724399
-5.02285 0.988588
-4.80895 -3.97871
2.80516 6.401
-7.44824 -2.56398
-6.93749 1.5675
7.64473 4.96106
-5.67948 4.94187
-1.91305 7.34033
8.85127 3.2311
5.15936 -6.67795
-9.04171 -4.04129
-1.3765 5.22719
-6.61826 6.98629
0.54086 -9.77173
6.45224 2.87378
-0.387093 -5.8727
-2.43037 -7.14484
-3.30529 7.93598
-0.00529404 -8.97697
-3.72532 8.5376
5.28634 7.47058
-2.02387 4.73629
2.79009 -6.99446
0.32173 7.3106
-9.68637 1.11432
-4.77164 3.11241
2.11404 -9.25521
7.75358 -5.6353
7.51858 4.79872
3.52757 7.84943
-0.332847 5.84015
-8.71559 -2.88021
-7.62651 1.28946
-5.20237 3.7833
5.96621 -5.90806
-3.64871 -3.86875
-2.14238 -6.96684
5.79409 1.23233
-8.29991 3.35007
4.63454 -7.27034
7.34231 2.16702
1.17994 -8.7688
-4.70677 -6.69673
6.9241 -6.72291
8.00479 -3.475
-4.37929 -2.70989
-5.06355 -3.0569
8.26679 -0.11391
5.5166 -2.43584
0.770727 -6.39756
-5.67099 7.71691
-1.87015 8.32518
1.37024 9.63712
-4.31455 5.28943
-0.584715 -7.30868
3.04444 7.92668
3.74766 6.94373
3.32525 7.52991
-4.75112 7.92909
4.28919 8.47085
-6.52926 2.78938
1.04654 9.16799
-5.40016 -0.544991
0.33603 7.66059
4.28703 -7.84992
6.36889 1.95994
0.765511 5.93865
-9.12456 3.57217
3.36742 -3.74837
-8.6514 -4.0296
-5.5605 4.64026
-1.92457 -6.26887
-0.844087 -6.56568
-5.13948 0.71334
5.2463 -5.36286
6.92195 -2.86571
-7.38052 -4.43363
-8.95485 -4.19458
-0.842916 -6.88142
3.99854 3.49487
-4.67039 4.69626
0.942905 7.41218
-3.56375 4.06672
-7.77545 -1.97725
8.40379 2.50035
3.33387 -7.5885
6.35836 4.91448
3.53212 4.2683
-2.75766 -8.04356
-8.04394 5.48334
-7.18123 5.03937
-3.23606 -8.53555
3.05179 -8.50637
1.12059 -6.26602
7.02606 6.94626
5.74214 8.14182
-0.362207 -7.60491
3.37331 -4.73478
2.59599 -9.14366
8.41431 -0.747521
0.0350446 8.9951
0.606387 -8.45147
-3.86124 4.2167
-5.27681 -7.32772
-2.13668 8.89569
-4.68103 5.98253
8.3273 -3.14109
7.73746 3.44397
2.8291 8.72349
-4.28017 3.22751
4.74996 -7.40329
-7.13667 -6.08196
-5.2349 -2.96701
-4.10378 7.83521
6.37732 3.62192
-6.34643 -4.36643
-2.5388 -9.66112
5.59969 -6.04455
7.29242 3.64168
-9.40779 3.31174
-3.76722 4.35283
-2.2916 5.13856
5.33432 -6.0623
2.87068 7.51277
7.07163 -7.06022
-1.07305 5.19525
-3.36741 3.98457
-9.28762 2.94483
-6.25125 -4.83374
-0.665724 -8.81815
-6.71646 -3.47368
-2.08932 4.80301
-5.84356 7.33161
-4.67289 2.67961
-3.72668 5.64954
-7.85147 0.340109
-3.78511 3.69706
-3.4971 4.2526
-6.51053 -2.53439
4.57121 8.36645
-5.12407 -0.171853
9.66141 -0.759079
2.16652 -7.30009
2.61506 -8.66385
6.6457 -5.7652
4.2444 -4.31756
-5.16952 -4.16621
-1.50247 8.04889
-2.28309 8.18565
-0.187437 9.74088
5.59486 -7.20134
7.05167 -2.58575
1.36542 8.53058
-6.55712 -5.49329
-7.18284 -1.95722
5.056 -3.75814
6.80158 -5.78353
-3.82982 -7.82566
-5.94239 6.3278
-8.58441 1.84276
-8.6788 -4.56056
-9.3971 2.86367
9.76504 1.04902
-2.26638 8.93755
-6.61295 -3.90705
-5.81101 -5.56902
0.882601 -6.12518
-5.95712 -1.30087
6.46391 -1.02057
-7.72875 2.83369
5.7849 6.76625
0.359864 8.23593
1.26782 8.2164
-6.91376 0.453753
6.2317 -3.79817
4.21874 4.43338
-8.59072 -4.23303
-4.50569 -7.07968
-4.22114 -4.74309
2.88622 8.75416
-4.7835 3.78387
-4.55308 -3.66226
8.4606 -2.70702
3.08944 4.23069
5.25848 -0.728034
-4.955 1.35304
-4.66032 -6.0405
-2.75175 -8.63301
4.94105 4.28586
5.92818 -5.14727
8.32519 1.48576
-8.86512 3.84503
-2.87298 -6.20618
3.99383 4.23833
2.09608 8.78187
-3.15728 -4.43627
-0.445389 -5.65821
9.08417 -2.34582
-6.22946 1.40575
6.42235 0.485049
4.54886 -7.33716
4.40217 7.23303
5.47077 7.28961
-6.01927 -5.9003
-6.38333 -4.56393
3.91316 8.4277
4.65444 7.17515
-7.31092 5.29724
-9.34856 -1.16971
9.09046 3.38013
-1.26547 -8.69621
-3.53228 -6.99845
-7.46808 3.99356
-0.193591 6.31072
4.19191 -6.58244
6.00729 4.45144
-4.71441 4.91591
1.63328 -9.54131
-0.819037 -5.55835
0.791039 -4.99991
6.52743 6.57242
2.71271 -7.547
-0.116955 -5.66096
-3.81705 6.89625
5.35177 7.26595
3.65021 8.99641
-6.6721 2.09428
-1.48552 -7.13764
-2.23512 -5.61958
-2.57899 -5.16726
-6.0939 -0.147509
-1.65589 9.42661
-6.98288 -1.30847
8.62264 0.740346
2.98976 8.86675
3.44066 7.23198
-4.75265 2.19349
5.94969 -3.62223
5.59916 5.03699
-3.37923 5.21075
-2.87892 -5.93604
-6.99221 1.95972
0.409843 8.23826
0.500155 6.10232
-8.64731 4.64068
-4.06902 -8.02963
5.9634 6.93353
-8.18008 -2.62114
0.257335 5.03268
1.47845 8.30017
0.890882 -6.9379
-5.31767 5.99118
-1.19752 -6.67366
-4.24067 7.01116
-3.48629 5.93597
5.90325 -4.12757
7.98272 5.53521
-6.28805 -3.33902
1.02854 6.64939
-3.62915 4.83656
8.12905 4.99586
5.41712 5.54473
-9.6887 1.94084
4.55004 -7.39635
2.52665 5.41542
0.261141 8.99963
-8.74987 0.942019
1.80226 -9.38619
6.36261 -3.68508
4.77848 -8.06353
-3.79534 -8.25876
-4.96324 2.81285
-4.50007 7.35157
-2.15773 -4.89157
3.40974 7.56435
-5.93351 -4.5196
7.67033 -4.76566
3.50235 3.95089
2.64442 4.73974
3.91235 -5.12163
-6.37154 -6.55162
6.90201 2.06551
-8.30519 -5.35838
9.90301 -0.051458
-4.85505 1.20604
2.58261 5.99583
-8.01683 1.16899
0.0672096 9.59169
7.58476 -2.88355
-0.00889537 -9.50439
-5.08368 -1.48695
8.75136 4.03944
-8.92717 1.09732
2.60179 8.21826
4.24317 -4.98089
1.24623 5.33333
3.98684 6.87957
7.6172 2.32058
2.00722 -4.61257
-3.53978 6.86114
-4.22495 -8.70488
-2.84116 8.69798
7.01809 -6.94774
5.66184 -1.4686
-2.70077 8.21448
-3.86233 5.85713
5.72472 -4.67928
-3.72139 -5.3709
-8.73438 1.2505
6.99609 3.34773
5.24192 0.94984
-6.81147 -0.420532
-7.88506 -4.1507
-7.5718 0.781727
-1.51211 5.94788
2.11187 -5.87729
8.22778 4.23905
5.69892 1.74206
7.39209 -1.14871
-6.34839 2.68471
1.99601 6.93534
3.66594 -6.55449
-1.28103 9.6728
-5.24566 -3.84614
-8.25033 -3.24992
4.12874 -8.23945
-7.43875 -3.11281
7.54431 -2.77825
5.9093 -2.3771
8.13561 -4.78303
-8.45112 1.9788
7.63525 5.63575
0.0171164 7.67597
-8.06916 1.66024
6.40113 3.75397
-6.97453 -0.879139
4.30907 2.59702
8.17187 4.68436
5.45456 -5.14052
-5.9269 6.65226
4.46295 8.76017
-7.8387 -4.98149
-3.84105 3.46962
-6.16742 4.16223
-5.37527 -2.12538
-8.1314 -4.49602
4.49204 -2.32169
-0.659965 7.97134
-5.73671 3.10644
-5.61638 5.51101
3.51499 -3.56788
-5.33017 -4.12586
-5.55435 7.98183
0.51201 5.34399
-3.51972 4.01612
-1.04044 -6.62002
-2.61116 -5.75133
-5.31189 3.11173
-5.74747 2.24609
2.61999 -5.85507
-6.21778 -2.30844
2.04125 7.30202
5.05163 2.68635
5.77421 7.11241
-1.67469 -6.59874
-4.99148 8.24764
-1.89837 -5.88877
4.874 -2.74528
0.0801078 6.37179
-3.51965 5.25598
-3.25726 -4.76558
4.90248 -3.93881
6.97096 0.945899
-6.67113 -1.60105
3.58472 8.36612
9.31139 -3.53922
-3.71434 -6.96498
-0.383785 9.73053
0.939277 6.42723
2.42197 6.0509
-4.57682 -2.60266
5.96969 -7.3496
-4.67616 7.8379
-7.22477 -6.64131
7.14547 -6.0042
7.42111 6.6512
6.71118 -5.2509
8.1695 4.78928
-6.48895 0.243186
7.23408 3.21143
-5.48299 7.44805
-6.20675 3.07931
-3.25643 9.24393
2.51871 -8.086
-4.80803 -8.48547
4.64241 5.00469
-6.19273 -1.16149
-0.409766 -6.9455
6.91169 4.7848
4.52831 7.26028
-3.35843 -5.09721
-1.1987 -6.58598
8.60932 -3.21512
3.41315 4.76948
0.590608 6.34982
1.35695 6.30463
1.38589 -7.32064
1.97015 -7.77251
7.37036 -6.38063
-7.4578 -3.23824
-5.10504 -0.417084
-6.65193 1.00048
-2.28068 8.61025
-7.45783 -3.66572
-1.40507 5.02434
4.10393 -5.32514
0.422093 -5.88299
4.61674 -6.52519
-8.8631 -2.08036
-2.75561 6.44741
1.61916 -6.74964
-1.84641 7.38878
1.39182 -7.60675
-6.64019 -1.7077
-1.37484 -6.8729
7.18118 -5.82483
6.82097 -0.013573
9.85788 1.44423
-6.89963 -2.00248
4.34684 -2.62839
4.60085 6.44848
-0.349197 -8.94727
-7.4421 0.595711
-7.88273 -4.9611
-1.2026 7.83452
-5.16172 6.93784
4.27864 -8.94793
-7.90616 1.18454
4.52694 4.27063
7.38146 0.243997
0.850086 7.39373
6.51277 0.0989238
6.50826 4.39195
-4.50475 8.64741
1.37115 4.91044
0.590897 -8.79142
1.1167 8.4486
-5.23633 -6.97784
-7.26878 -6.43795
-2.56589 -4.98175
-8.10714 3.22558
-2.81145 7.91406
7.25258 -5.93833
-5.52142 1.4287
-7.90841 3.28597
5.46362 7.05435
-2.45441 8.76281
-3.42875 -6.95645
2.99921 7.7782
4.59498 7.82402
-1.67875 5.24877
-3.94289 -8.23435
5.23383 5.04181
-1.73932 7.27088
1.7535 -8.94964
3.32552 -8.04788
-0.809637 -7.56947
-6.06727 7.36022
3.13772 -4.26998
-5.61058 3.02287
5.43258 5.38348
1.499 -6.37929
-3.14185 -5.02266
4.23418 3.9118
5.5484 -7.98404
-7.82988 3.20769
-9.3795 -1.30426
-0.76582 8.8648
-3.28759 5.50033
4.03787 4.52082
1.40334 5.93482
6.56867 -0.340907
-9.62945 -2.09669
-7.18974 2.10984
-3.9731 4.0337
-5.63382 -7.54504
-9.50069 1.82413
-1.925 6.49941
8.78193 -2.1458
-4.49253 -6.01355
-5.86981 6.03803
1.11562 -9.76915
3.35763 -8.25583
4.25445 4.50114
-9.31038 0.436197
-8.83181 3.74349
-3.1544 4.0797
7.56482 1.95829
-7.07555 1.30338
3.30499 6.99739
5.07201 5.20349
-4.90892 -4.17481
-6.07272 -4.28125
-6.77331 0.954498
2.25293 4.91795
-4.083 -2.99884
-1.48095 9.69054
7.35055 0.619253
3.70842 7.3641
8.39978 -4.85448
-7.14945 -0.724364
-0.467236 7.16752
4.44916 -2.91492
-5.34682 -3.9807
-3.30188 5.22187
3.40747 9.27697
-3.1897 -9.21058
-2.29508 6.65288
-4.99321 -0.900889
-6.71956 4.28609
-3.6714 -5.16211
0.464807 -7.99518
5.00219 -8.25727
0.0578183 -8.2477
5.35563 -7.9937
0.452825 -9.37424
6.89732 3.2092
5.94424 4.87515
0.889764 -5.7406
-4.02536 5.79141
-2.29039 5.42701
-6.75569 -2.89741
3.21795 4.07664
-3.99405 -7.94395
5.95868 7.61829
0.900509 -5.13899
9.03778 -2.0441
4.76491 3.87262
7.18154 0.186136
5.11503 8.25576
-5.36783 2.93312
-3.10276 -8.00396
-2.63538 7.12266
-9.41271 0.625676
-4.27152 8.63034
1.03128 -7.34032
-8.75719 -2.14689
-5.482 3.99519
7.09852 4.88553
-8.92853 -1.8424
4.0145 -8.37513
-5.54809 -6.77589
-2.35945 4.77974
-6.953 0.972887
-8.68688 -0.443396
2.06168 -9.40259
-8.57043 -3.1622
-7.15974 6.17998
6.98304 3.90025
4.88631 4.27784
3.97609 6.10625
7.73507 3.2659
-7.28942 6.71615
6.25684 -1.25797
-2.67586 6.85496
-8.6966 -3.7553
6.99567 -3.76378
2.11535 -7.38223
6.93312 5.00706
-5.09869 6.37717
1.06098 -8.14146
6.46004 -6.04283
4.40565 5.7666
-0.780948 -5.39359
-2.31977 -8.40828
2.0425 8.23552
-4.47942 -5.56758
5.68649 -7.19289
-4.95178 -4.49349
-2.09517 6.43776
-1.23937 9.8954
-8.02387 2.8944
6.11648 -0.255738
-6.43683 -3.72375
-5.12604 6.65545
-6.36658 -3.12847
-3.20789 5.00832
-5.23126 -1.76058
7.59894 -4.67392
5.45237 -2.07519
6.67179 -7.22258
7.14967 4.5596
-6.83494 5.13296
-0.773096 6.57621
6.41669 5.32563
7.93475 -0.697588
-4.3658 3.96305
7.06386 2.32034
-2.03431 9.27363
9.40185 -3.10781
7.11108 -4.11634
1.78198 9.77355
4.1199 3.18804
1.45718 -9.11697
-6.31039 1.30752
5.70964 1.99117
5.55268 3.95422
2.67194 7.24075
-4.7098 2.45816
-5.6386 -8.01796
-4.05348 -6.9119
-8.31903 2.00639
5.71065 -1.11061
-5.94742 1.62958
8.42626 0.149117
6.20951 3.1534
7.18074 6.65763
-5.20338 6.84923
-4.97675 -4.2558
-7.17805 -1.43076
3.18611 8.91201
-3.2942 -5.59044
1.4271 5.22335
8.79776 4.00475
-2.67325 -9.31049
-1.32974 -9.01833
-9.51975 1.61402
6.81108 -6.11026
4.86236 1.73355
7.97669 4.22099
2.12016 -6.46054
3.59566 -7.66052
-1.20236 -8.06227
8.01605 5.73593
3.70988 -7.99207
-2.57777 -4.64354
-4.02903 4.13731
-4.2557 -5.53028
-7.46485 -1.71272
-5.72666 -7.99973
4.65187 3.95449
-8.30349 3.24747
3.6542 -3.83268
4.10853 -7.89902
1.19885 9.09918
-4.62993 4.82998
-0.0265721 -6.59775
-8.42775 -5.17753
-4.03087 -6.81442
-5.51675 -0.0479326
-5.60317 7.49251
6.63068 1.75503
2.48675 -5.15729
1.42515 -7.45347
2.71126 8.19282
7.78359 -1.25006
-8.6664 3.89744
4.31294 7.52615
-8.03013 -2.44165
-5.34382 6.40452
5.05864 0.614869
-5.89259 3.25735
6.28155 -6.03292
-4.06241 3.04298
3.40651 -6.77335
-2.88024 -8.26107
-3.7944 7.55395
-7.20383 5.16494
7.17211 1.68103
-6.97548 3.18825
4.94148 -8.49369
6.57931 -1.54688
-0.181448 -9.59166
-7.06134 0.130825
6.67261 6.48029
-0.680347 5.40489
0.0460326 -6.33029
6.7628 2.30949
-4.36931 5.02361
6.5147 -7.42634
4.743 -4.42207
-1.7297 8.92532
7.92137 -5.45917
3.25022 6.41272
5.50045 6.102
-3.70294 4.75102
-9.67938 -1.40013
7.95489 -2.08237
-7.01619 -1.18391
0.983343 7.03796
6.99076 -6.30083
5.77608 -1.44499
-5.98007 -7.10471
-8.98811 -3.20224
-0.0348153 -5.13998
-7.7227 4.52108
5.74322 6.2691
8.04333 4.31108
-3.74677 8.01449
-0.412287 -9.30181
4.40226 8.78108
3.64527 6.02234
-5.46088 -0.954841
8.74529 2.06263
5.71888 -2.72944
6.29985 1.57344
-8.83335 -2.16946
6.15103 0.29056
-1.66167 -7.70192
-6.17961 -0.711141
7.85242 -4.43818
7.52457 5.42079
7.18115 -6.46894
-0.0848907 -6.75721
-8.46225 -4.96702
7.87504 -4.22346
-3.62058 8.92362
-0.683849 6.55592
5.32489 -4.54158
-8.55825 1.50001
-9.27695 2.26119
3.87388 8.29943
8.59988 -1.77267
6.74804 -5.695
-0.382543 -9.3931
-2.07813 -7.10554
-2.84566 -7.02965
-7.35847 6.17892
5.3333 -3.2933
-2.22091 -6.78509
-7.43003 3.46945
-9.01528 0.191882
4.96009 4.26462
-6.9023 -6.99314
6.21792 4.61644
8.45247 0.707495
1.50216 6.75534
-4.83919 7.65024
6.90185 -0.640852
9.19277 2.84019
-4.96415 7.47379
-8.04181 1.36849
0.275715 -6.05552
4.87915 3.85052
-4.27845 -7.86814
0.109131 -5.82736
-0.469454 9.87925
-2.06256 -5.48097
2.4076 4.53885
-8.09102 -5.7496
6.44249 -1.12372
-6.33798 -2.48453
2.55325 -7.56585
0.803978 -7.5336
2.86238 8.07285
0.392379 -5.29206
-6.8209 1.12492
-1.53915 -8.49651
-5.55705 2.71802
1.79038 -9.15348
-2.52597 6.02642
6.02615 1.47825
4.86956 2.61683
-7.19967 -4.82615
-2.29639 4.64638
-8.20742 -2.17005
7.97652 1.4204
-6.24108 6.17885
-5.24082 -2.46709
-4.32152 8.24388
-5.03698 3.5284
1.89949 4.71636
7.80755 1.53575
-8.59763 -0.422367
1.27607 6.97965
-6.02627 -3.47006
-7.48374 0.754572
2.08675 -8.02868
2.04268 -8.68073
2.95437 -5.92511
-6.57865 -7.40652
-8.38847 -4.96161
2.86492 -9.36923
-8.68477 -4.89524
5.63588 2.18471
-3.4181 -8.05128
-6.05617 -6.12144
-3.03374 -8.00722
2.67943 -6.86443
-4.77687 -4.91264
-6.74523 -7.01213
7.17676 -0.163441
-6.94628 -6.05535
7.71589 1.03721
-7.57336 -5.54133
6.922 -1.88069
-1.67492 9.65087
-7.09833 -1.58296
-4.75563 -7.82374
-7.61705 0.262277
7.25632 -3.01745
5.68013 5.97702
0.632265 6.48554
2.46983 -9.64346
2.28749 5.76634
-5.10643 -3.69834
1.97599 -9.49319
7.88346 -2.77138
1.42401 -6.7162
1.19526 8.75976
5.21055 -6.32189
-7.40631 2.12967
-6.63982 4.54228
-3.99646 -8.56438
-1.46934 4.87503
-5.39344 -7.4898
5.38429 -6.24968
1.6964 -8.60996
-7.67276 3.84674
-7.78161 -5.48114
-1.47516 7.00221
6.16618 -4.95862
0.533858 -7.44887
6.90048 -3.63864
5.40231 -3.39908
-9.28777 0.462305
-4.48757 -2.58586
-0.570359 -6.02594
2.02249 -8.01692
-0.35621 -6.82116
-3.19821 7.64371
1.53689 -9.57126
-4.16712 3.15065
-7.03063 -3.87148
-8.03104 2.25843
-2.61147 9.08374
-1.15366 -9.51483
4.27128 7.37602
8.82746 3.19266
-1.02059 6.87441
4.71062 -8.6382
-2.30434 -8.992
-5.61927 -3.01765
2.41356 4.735
1.14282 7.37581
5.18492 2.8753
5.15035 1.93001
-2.26404 8.23563
-3.80962 -8.23903
6.57741 6.59417
8.15876 4.24011
3.55353 4.15966
-9.39851 -0.798571
8.0585 -0.773433
2.88546 -4.08813
-3.78497 6.024
5.31807 0.826997
5.51649 -4.32826
-5.06645 8.23553
-5.43844 -3.8835
-7.372 -1.16521
-3.76829 6.38521
-2.09146 8.77025
1.6834 -7.02233
-4.29555 4.77497
-8.03822 1.60681
5.58501 7.21256
1.56054 8.03413
5.25901 8.17837
-6.05937 0.170101
-1.10487 -9.53078
2.10334 -9.11989
5.22473 -7.91941
-1.59854 -6.69982
-1.08698 -8.86609
7.57166 -3.04104
9.5889 0.588042
3.22167 6.59086
-7.49596 -4.64818
7.67635 -3.51592
-0.598888 -5.50986
-4.2449 -4.09016
-3.24552 -7.51932
2.83874 -9.2367
-1.1916 -7.27596
-6.97765 6.62095
6.39492 -0.565581
-5.72176 -5.56395
6.62463 0.22542
8.6271 -4.29587
-0.721803 8.66065
5.89681 7.7153
-9.00355 -2.66329
-1.83338 6.32175
9.71975 -0.176369
-4.2354 -4.37478
-6.88004 7.19653
-5.97376 -1.06664
-1.43191 -6.10293
-8.2384 -2.77857
0.616797 6.50905
-6.96775 -6.98136
4.26294 7.29935
0.233766 8.9118
3.83856 -5.26603
-6.12865 -4.1612
-1.73444 9.2125
-5.49691 -6.56258
2.68775 -7.0382
-7.18654 -4.118
8.80443 -3.91757
7.84336 3.29308
6.73375 -5.94309
-2.58867 -7.69637
-2.26729 -6.31025
4.48297 5.33302
-4.09068 7.85918
9.26144 -3.05836
-1.80364 6.2217
8.09205 3.05245
-6.42032 -6.33985
-3.31748 -3.01975
0.869317 -2.76435
-0.0239292 2.98116
0.373714 1.99928
-1.29367 0.44698
-2.2138 -2.46775
-2.26757 3.89958
-3.48395 -3.50393
1.10935 0.16102
-4.04146 -1.75862
-3.14848 3.20004
3.14131 -2.15735
-0.294668 4.61607
-0.428295 2.98402
3.26575 1.67465
-2.8259 0.831042
-4.29629 2.13359
-2.89145 -0.777152
2.41232 -3.17891
-2.81454 -3.76516
0.596428 1.41568
1.66077 3.14081
-0.663444 -1.23683
-0.265873 2.87235
-1.05695 -1.34053
-0.619404 1.71792
-3.96421 2.99718
2.75586 -4.15989
-1.87245 2.65872
2.60406 0.59109
3.88125 1.46623
1.64896 3.48189
-1.62514 -2.57604
0.898351 -4.30846
3.63013 3.22852
-3.40649 1.80154
0.0315824 2.02154
0.663847 -0.155736
-2.76392 -2.58981
-3.79993 2.31377
-3.35705 0.171112
-0.295551 1.87175
-0.318811 -0.529543
-2.84306 -3.62534
-1.74039 4.27155
-1.87253 -4.0477
0.89234 4.46113
-2.24979 -3.95633
1.83941 3.63524
-0.380075 -4.41506
-3.99103 -1.10426
-0.884125 -0.263802
1.78483 2.02365
-3.22444 2.73883
3.73914 -0.642058
2.35262 2.17317
3.31446 -3.41271
1.96761 0.775756
-2.49666 -1.12718
3.05288 -2.79279
2.4305 1.01525
-2.42575 1.51669
1.2993 -2.69132
-1.9267 2.42608
3.34365 1.7642
-1.43653 -3.15045
3.63468 -3.22926
0.616796 -0.270154
-0.797985 -4.47136
0.564933 -0.858926
-3.59604 0.666191
-4.8635 -0.260978
3.19707 -2.31798
3.95323 -1.44356
-2.86693 0.54796
-1.79395 3.15351
-0.188101 1.96647
1.91267 -2.96671
2.99508 0.702727
-4.02234 1.13366
-2.65882 -4.21884
2.17076 0.194995
-2.21801 -2.64565
4.66879 -1.0477
-0.916448 -0.0864727
2.38088 3.28875
-1.76063 -1.2702
-0.238689 3.92336
-0.827286 3.59361
4.84416 -0.0379068
3.47209 1.59324
0.163101 -1.84085
-0.805936 -0.891921
-0.522168 -3.43243
-3.87494 2.23456
-0.554295 2.58044
-0.0778942 -1.07331
-3.58191 0.893043
3.23954 -1.93937
4.25943 1.87895
-0.937791 3.16995
2.56391 3.34429
1.55205 2.2353
-1.22684 3.39032
-2.45569 0.0214008
1.23434 3.07951
4.35886 0.720674
-0.705895 2.52681
-2.73907 1.02432
0.149556 1.95743
0.624497 -4.67295
-2.34731 -2.26228
4.43643 1.03269
0.270793 -4.26632
1.53982 -4.24873
-1.56854 4.15172
4.89547 0.0999072
-2.53816 -1.44477
-0.638203 -2.62877
1.83392 3.30851
0.362525 -0.423355
-4.58929 0.310809
-1.73267 -1.58421
-0.510034 -3.61019
0.546081 -0.955162
-4.53133 -0.0292082
-0.175866 -3.43032
0.416743 3.72095
-3.64613 2.48334
2.38464 1.95285
-4.18689 0.937862
3.17929 1.03575
-3.36705 1.58311
2.31221 -2.80912
-2.04932 1.69438
-3.25697 0.44717
-4.63307 -0.765312
-2.74135 1.96263
-4.28461 0.91798
1.78564 -0.805935
2.07789 -1.23756
1.83235 1.88553
1.86356 1.99499
2.99048 -0.879203
3.28537 3.24537
-1.48102 0.0878053
3.59666 2.52246
1.92741 0.41165
1.71774 -2.60962
-4.44378 1.99818
2.47732 3.92452
-2.09701 -1.02375
-2.53003 4.05725
0.656659 4.56399
-3.55262 -0.248476
-0.69664 3.23739
-0.581724 -2.21739
4.80669 -1.18796
2.04501 -1.7655
0.673939 -0.0708338
3.15255 -2.83376
-0.912424 0.396055
1.76586 0.575126
0.86763 4.15388
1.19238 -0.366556
0.430998 1.90111
-3.36568 2.27969
2.69334 -0.227852
0.156936 4.13111
1.77424 3.90723
-3.54387 -1.5145
0.765034 -2.03064
3.85263 0.569489
-3.4244 -1.31679
-2.24966 0.501597
-1.47197 -3.30804
-2.39804 2.51621
-1.32724 3.06175
2.53571 -1.93819
-0.266445 1.52952
2.8423 1.95701
4.31813 -1.75399
3.93775 -1.81332
-2.87783 -3.59851
1.14771 -2.5681
-2.83417 0.554237
3.43482 -1.77378
3.34327 -2.66425
1.21336 2.91321
2.17579 1.29376
4.63127 -1.03547
-2.05677 -1.76687
4.0505 -1.06752
-1.60811 -4.53522
0.190402 -1.89534
2.95236 1.35041
-4.64416 -0.350733
2.65394 2.84614
-1.8881 4.49769
2.3991 -1.66637
1.75428 1.4853
-0.26707 1.20718
2.32293 3.3216
-1.34075 4.62132
1.49836 0.687821
1.63027 2.5979
-0.41439 -0.85466
-2.49172 -2.54139
0.556718 -4.93309
2.18705 -2.88477
-2.57657 1.08623
-0.749372 2.6512
-3.76099 -2.85124
-2.87629 -3.42491
-1.68274 -3.74265
3.62646 0.382268
3.34364 -1.63657
-3.64328 1.67125
2.20907 0.916847
-1.9384 4.1198
2.48678 2.2765
2.36645 -2.54928
-1.78046 -4.2754
-0.624929 -4.38056
0.468536 1.6011
0.354966 4.93311
-0.845359 -0.66005
0.0542455 -2.8352
-0.528187 0.279386
0.825101 0.243495
-2.926 -2.23363
-4.1702 -1.6078
1.06106 -2.04891
-1.68593 0.861134
-1.28265 2.84029
-2.54664 2.29984
-0.77625 -4.55008
-0.156421 3.42159
0.757873 -0.239671
-1.34317 -4.13396
4.09052 -2.26646
-2.06582 -1.12171
3.45525 3.31078
0.257248 -2.34454
-4.22109 -2.25753
1.44427 3.81139
1.66947 -2.24668
-0.657929 -1.47695
-0.165573 3.56457
3.11854 -1.99577
1.68345 4.3734
2.62329 -3.17608
4.44554 -2.26942
-3.38127 1.89031
2.80642 -1.59155
4.22052 1.28538
1.11568 -4.7412
-4.70196 1.40274
4.55791 -0.678498
-1.1008 -4.30657
0.961031 -1.37929
4.37989 1.70825
-0.362581 -3.33905
3.89232 -2.17042
-0.738167 1.04555
1.40198 1.96818
2.95831 2.70359
-2.648 -2.35739
0.00379543 0.301982
1.89645 2.0794
2.93494 -3.15473
-2.96735 -2.9652
-2.98911 1.91561
3.99897 -0.0890483
-2.47073 0.88361
0.836691 -4.45015
-2.08407 2.27536
-1.62001 3.18289
1.20628 0.877793
-0.785898 -2.37533
-2.81803 -1.06386
3.5257 2.03656
1.22656 1.71853
-3.32051 -3.30606
-3.19975 -0.894091
-2.0633 2.84946
1.77683 3.24856
1.66044 -0.659749
-0.882077 1.61244
-0.460189 -4.94065
1.68946 -3.86033
-0.0995905 -2.83153
1.1281 4.03081
0.839978 -2.84385
-3.09536 0.24958
-0.482532 2.06319
-0.870263 2.47066
-2.52625 -3.90474
1.26075 3.93714
0.991549 -3.85144
-0.297329 2.71522
-4.39243 -0.094247
2.84161 -2.47257
-3.09519 -1.85316
-2.5616 -1.09399
2.5364 4.19146
3.88298 2.60861
-0.979155 1.30384
-0.362995 -3.23766
-3.5148 -2.39105
-3.53402 2.26392
-4.90731 0.492561
3.66871 -2.4189
0.182873 -1.51033
-0.594324 -0.25493
-1.49505 1.27434
-1.88635 2.5215
1.38958 -3.2696
0.02355 0.140863
-2.56721 -3.34999
0.982623 2.5869
-0.177941 -0.986266
0.452611 -2.33852
-1.41211 -1.83555
1.57109 3.6741
2.36068 -2.61151
-1.02856 3.15115
-1.44458 -4.22736
-4.63445 1.46893
-4.62291 1.29518
0.989678 -2.40308
-0.251663 4.2798
2.31251 -2.75849
-4.14606 0.622038
2.02242 2.77279
2.92097 1.77033
-4.82274 0.0556007
-1.83457 -2.9989
-1.63639 -4.00783
-2.53008 3.80758
-4.51871 -1.98995
1.81472 1.81939
-1.12409 2.68504
-0.71454 2.34042
-2.86789 3.02815
4.46299 -1.95349
-1.41946 1.59607
1.20455 1.47569
-3.01542 -1.29702
4.17726 1.91411
-0.738734 1.28374
-4.38215 -0.749064
-1.40727 1.69952
-0.0812179 -2.12758
1.4336 3.46237
-2.13542 -4.44771
3.79013 -2.15956
-2.47569 -3.27771
3.35464 -3.57815
3.99556 -2.32685
-2.75607 2.19224
2.84316 2.14227
-0.357169 4.26182
-2.84916 1.98726
-2.04875 2.15715
-0.547309 -1.76441
-1.09675 -2.41974
4.30327 -2.29326
-1.11569 4.69776
-2.98131 0.566369
-0.130421 0.270657
3.13748 -2.68934
-1.30422 0.435925
-1.49361 -2.27425
2.72994 -3.9865
-1.86899 1.36849
2.61765 -1.76306
-2.42984 0.355705
-1.12823 -2.36043
-2.95742 -1.54922
0.0175126 3.6321
0.416276 -0.552971
-0.725125 1.03579
-4.31235 -0.432303
0.276995 -3.85641
3.84943 1.31553
1.98906 -2.35054
0.902018 -1.78672
0.81417 -1.85858
-2.1991 -4.18833
2.97344 -0.87688
3.64428 -2.61915
2.11892 1.11763
-0.830532 1.89025
3.1882 3.19275
0.722608 -3.27252
-3.88102 -1.90197
-0.807616 0.717127
0.905424 2.19055
-0.604066 1.16878
0.130742 -4.09567
-3.15975 -2.61294
0.0129902 -0.799517
-1.22853 -4.45309
1.52577 4.72499
-0.0344195 1.42897
1.8379 3.25601
1.02529 1.67384
-1.6234 -2.00965
-1.45402 -4.462
-0.663194 -0.549942
-0.328411 0.301816
-3.99083 1.66162
1.54668 2.66154
-2.74 -2.3628
3.2459 0.000766938
-0.822116 -0.898109
-3.90142 0.856145
-1.97598 -3.26578
0.00168182 -4.9929
1.53583 2.14276
-0.399493 3.50718
2.43707 2.76525
-2.96563 2.18109
-0.300054 4.52003
3.76716 1.47798
1.94367 1.29907
2.69056 -0.194024
-0.78303 0.324396
4.02544 -2.72248
-2.17128 3.07709
-4.71386 0.935707
-0.329181 0.52116
-1.51863 -2.96782
3.50948 3.0664
2.68197 -1.66134
-2.38265 0.0396263
3.90384 0.422534
-3.00161 2.2457
-1.59158 2.91378
3.94149 1.3747
-2.02748 -3.21096
-0.991411 -4.67163
3.11774 -2.93811
-2.25183 0.825736
-1.7154 2.43605
3.04393 -3.28308
2.40566 1.0391
-1.96925 -2.85719
2.37109 0.677072
4.41956 0.804904
3.43291 -3.09757
-1.597 1.92579
-1.83163 -4.24755
0.73865 3.31492
-0.635406 2.4947
2.1828 -2.2597
2.41551 -4.33468
1.52884 2.52412
3.78959 0.0907353
1.96393 0.426347
0.967521 -2.01767
-0.548733 1.96717
-4.19031 2.70098
4.51543 -0.977312
1.42778 -2.26632
3.20722 1.09318
-1.09844 -3.91027
-0.775454 -3.20041
-1.5042 1.47064
0.53234 -1.54947
-3.61869 1.03958
1.60388 4.71181
3.03856 3.27994
3.36611 0.200236
2.73612 -1.22847
1.74355 2.95347
-0.00169117 0.303118
-2.02287 -3.89813
1.68481 -3.34831
-0.378459 2.93672
-2.14769 -1.20139
0.265169 -2.65801
0.733904 4.76118
-2.83094 -3.88462
-1.78045 -3.80334
3.82941 2.86194
0.0900027 -0.423792
2.14907 0.242237
0.166758 3.06334
-0.62199 3.20312
0.950674 -4.0109
0.752268 -4.36676
-4.1339 -2.34723
2.17322 -3.16531
-2.85341 -3.37846
0.234086 1.01424
3.16674 0.124858
-2.12836 1.31192
2.68989 -2.05144
1.80715 3.07209
-2.44218 1.58767
-2.45558 -0.744936
-3.16515 3.31391
0.909158 4.84462
-2.87753 -0.694389
3.28873 -2.87734
-0.524668 1.01717
-3.3899 -2.07353
4.43716 -2.05069
2.40764 -0.483304
1.09723 0.66641
4.82884 -0.160665
3.11663 0.659724
4.25552 -0.385076
-2.13252 -1.71013
-3.19331 -0.400371
1.23703 1.40333
2.99523 2.89429
4.76484 0.972979
1.49686 -3.74831
-4.01942 -1.47292
3.74585 1.96498
-1.06808 4.27245
3.81361 0.761601
-0.192647 2.91765
3.51254 3.03958
3.14822 3.00578
4.91259 -0.833579
-3.10365 2.37496
-2.11704 3.88716
0.0138035 -2.31694
0.527483 1.24137
0.982777 -0.243581
1.68675 1.54751
0.872557 -4.02702
1.94104 0.191199
-2.22453 -2.70493
0.359269 4.00887
-0.448533 -0.77806
-2.12811 1.13981
0.42847 1.10323
2.05753 -3.5138
0.301094 3.66403
-2.85404 1.34273
0.327797 1.90025
1.85809 -4.08696
-1.52703 -2.1367
-4.61862 1.24573
0.433779 -1.49875
2.33603 -3.123
2.07651 2.75932
2.84848 1.72884
0.848367 1.6706
0.95802 -1.44968
-1.65295 4.33682
0.52055 -1.29307
2.41938 -0.0731598
2.75093 3.22376
1.95102 2.01464
0.907758 -3.89739
-2.71716 3.15678
1.36767 -4.44936
3.46693 -0.940068
-0.766476 -4.0298
-2.70362 0.325242
0.00836333 2.12032
1.05694 3.1973
-0.144358 -3.68773
-3.15422 -2.06886
-0.690148 1.32016
-0.294527 4.68285
0.484747 -4.49435
-2.12631 -2.81911
-1.35953 -2.77047
4.02437 -0.956668
-0.579575 -2.2017
-0.609726 -4.13299
-3.65767 1.06043
-0.728984 -1.65676
-3.6995 0.79897
-2.15728 -0.627981
0.70233 4.45023
4.22701 1.38724
0.210117 4.40451
0.273701 4.14227
-0.277249 3.98786
-4.32382 2.38202
-1.30106 -0.649186
-2.90268 -0.114335
0.636465 -1.62947
-1.23371 2.68227
4.04481 -2.92122
3.33097 -2.68076
-1.47374 3.27515
0.87324 -3.00317
2.29914 4.29849
3.26524 -1.00524
0.909388 0.957143
-1.37171 4.42205
-0.630747 1.16762
-0.42677 -0.304004
2.00751 3.21831
2.78544 -2.13921
2.27799 2.84252
-3.19093 -2.22499
-0.203956 3.05661
0.19992 -0.0346922
-3.28228 2.48903
4.10016 -0.125883
2.97106 -2.15054
3.37251 1.22736
-1.30307 -1.38455
-2.48547 0.869252
-0.892588 -0.349293
-0.304817 3.97751
-1.62164 2.4647
-3.68843 2.67533
4.02059 -2.14562
-0.427917 -3.3673
3.12772 3.47391
4.32878 0.527484
-2.07393 2.73822
-0.946898 -2.22253
3.22682 -2.0395
-0.684963 3.13961
-0.992533 1.83351
2.65423 -1.02779
0.210853 -2.79721
-1.23768 -0.0285825
-0.241484 3.08938
-3.40291 2.08866
4.02706 -0.749201
4.54653 -0.610402
1.76222 0.10013
1.55477 -2.99705
-2.04807 3.787
2.21638 -2.0063
3.14843 2.0182
0.849472 -2.83057
2.41907 2.67287
0.897765 0.600078
4.05963 2.59751
-3.27242 -1.26507
0.0941716 2.18789
-0.549859 -1.31275
0.819736 4.42108
-0.954184 1.33985
4.16617 2.62475
1.39364 -2.48539
-0.167406 3.51754
4.82556 -1.30308
-2.46468 -0.0115802
4.47522 2.03236
-1.12928 4.80797
0.903414 -1.44032
-0.0619796 -2.91982
-0.578084 0.0821293
2.22395 -0.0483784
1.71639 -3.60558
-0.775258 -2.62622
-3.99942 2.04028
-2.40685 -4.04154
-3.62527 0.380582
-1.13509 -4.50483
1.73362 -0.107688
2.50564 0.871098
4.61856 -0.450662
0.351779 -0.807146
-1.06805 -1.79196
-4.10536 -0.136946
-0.77267 -2.20718
-3.4629 -0.0918897
-3.22306 0.751026
3.33676 3.48221
0.959744 -0.498034
-4.1607 -2.74643
0.738247 0.885224
-1.70977 1.54282
1.14868 -3.36176
4.34304 -0.661467
-1.19401 -3.94368
1.14724 -1.6556
1.49027 3.46458
2.44728 3.18637
0.47149 -1.20406
-1.24934 -0.983922
1.95813 -0.649723
3.48869 0.355589
-0.768151 -2.68844
1.26975 -4.07339
-4.11067 -0.876711
-3.64329 -1.89389
1.95303 -4.26816
1.51274 2.55928
0.856526 -4.38683
4.16783 0.993343
1.8601 -2.45449
2.18938 -1.10144
0.564055 1.427
2.62626 -3.87724
0.836716 -2.55254
-4.43109 -1.59455
-2.40243 0.122546
1.20833 2.2738
1.76908 2.46886
-3.23987 -2.80387
-0.0386037 -0.56522
2.37182 -3.71576
0.776994 -0.479687
-3.64483 -0.849241
2.27947 -4.26677
-0.354836 -2.34324
0.262026 4.93182
0.47209 -4.71066
-4.40102 2.03735
0.987763 -4.48223
-2.57905 0.731933
1.63836 -4.21802
-0.357344 3.64827
3.92865 -2.09117
-1.12621 -0.644143
0.358931 3.94798
0.270901 1.82155
2.38609 -4.33672
-0.18931 -2.33833
2.6288 4.21332
-1.64452 -1.38382
-1.83455 -3.08617
-2.84773 -3.13694
-3.03664 -0.756525
-3.73423 -3.20742
0.346231 -4.21945
-0.0681777 4.12845
3.17915 -1.75093
-3.3614 2.91603
3.46341 2.07497
1.94071 -3.5065
-1.05806 0.67001
-3.15753 0.22657
1.33451 -1.1267
-3.92895 1.44459
4.02104 0.711013
2.70302 3.61505
-2.50446 3.09976
-2.91257 -0.832373
3.51822 2.75492
4.24703 -0.183449
-4.11216 -0.773919
3.53958 2.78337
-4.91567 0.764683
-1.57758 -4.64572
-3.76024 -2.36683
0.688176 4.11856
3.65841 -3.20217
-0.0344058 -2.44433
-2.85199 -2.09825
0.391818 0.968522
-4.29678 1.52632
-0.947436 0.0177733
-1.88936 3.64658
-3.45622 0.911061
3.77865 1.90275
1.85516 -4.44478
2.45535 -1.63203
1.74132 -3.57872
-3.06963 -1.87525
-3.87823 1.99171
-2.78783 1.57621
2.11769 0.542658
4.68678 0.286317
0.740667 2.80616
-4.07553 0.872551
-1.53342 2.75737
-1.19917 1.73168
2.70609 -3.28362
4.16514 0.0270134
-2.02772 2.86087
3.05939 1.71159
-3.9202 2.73989
1.0453 -2.77554
-0.922498 -3.63037
-2.4325 -2.44334
-1.2937 2.7736
1.99564 4.37528
4.2911 2.18249
-2.35525 -1.203
-0.993107 -1.9803
1.69046 -2.85221
-1.86349 1.5163
-2.25064 0.906341
-3.73351 1.20681
0.274383 1.47621
1.83933 3.58922
1.08131 -0.00198067
0.888255 0.647662
0.172568 3.25955
-0.426108 4.32815
-0.00879759 4.5343
1.08047 -0.428189
-0.236517 -1.52825
-4.27708 -0.811455
4.89927 0.888268
0.133226 -1.17688
0.205273 -1.36684
2.81901 -0.170616
-0.366316 1.0677
1.67978 -3.50068
3.82353 -0.194381
2.94586 3.11867
3.8861 1.98505
0.170692 4.17773
-1.98718 -0.247612
4.02347 2.85359
1.89428 2.60149
0.175901 1.9589
1.208 3.44584
1.50847 -3.37857
-4.00697 -0.270546
1.11554 -1.92668
1.37059 1.47946
3.0572 0.236387
-0.295231 0.167226
2.9183 -1.18425
1.23996 -2.48798
1.27265 0.022301
1.45882 -1.58387
-0.0509835 2.31496
-2.12524 -2.97736
4.95069 -0.254429
-2.36474 -3.24596
3.5143 2.35681
0.563507 1.4136
4.06906 2.25823
-0.291164 3.34043
-1.59247 3.52608
-3.50246 0.826578
-2.71786 -1.18532
-3.27764 -1.44497
1.7905 4.53904
-0.417722 -1.72733
-1.93937 -0.742505
-2.02862 -0.852657
1.61198 -2.74664
3.10195 -2.44233
3.4176 -3.27743
2.78156 2.53396
-1.28829 1.46688
-2.90824 0.498146
-0.795176 -4.58086
-3.02323 -0.0218658
2.70366 -3.90948
-1.08536 -2.80173
-1.34237 -1.45004
-4.74329 1.20259
-1.67463 4.01218
-2.96039 1.54007
-1.67523 2.27574
1.90477 2.65853
0.236882 -4.09215
3.14496 -1.71715
2.02019 3.4995
-1.57713 4.11664
-1.35294 0.979655
3.63945 2.52272
-0.940009 1.98215
-0.413041 3.01587
1.50193 -2.70767
2.68306 -1.15752
-3.01008 -0.480394
1.56902 -2.71082
-0.245561 -2.78164
-0.507738 -2.82127
2.95395 -0.957707
-2.95296 3.4493
-2.24002 -3.95059
-4.17342 -0.134946
3.92379 -0.951229
1.54414 -4.30024
-3.80938 2.41161
1.73143 -3.39522
-0.570051 -1.67938
3.0758 -1.77431
-3.07905 2.3262
1.24975 -3.07974
-2.90123 1.75097
4.50505 -0.216584
-4.43505 0.00257719
3.52048 -1.25207
4.89661 -0.706198
1.95793 -2.35565
1.6617 3.85816
2.81665 -2.09746
0.977809 -1.44971
-3.96928 -1.00163
-1.00278 -2.89205
-4.71354 1.21714
-2.57388 -0.764937
0.243553 1.72237
2.48694 -0.102124
0.958324 4.86681
-1.91074 -4.41441
-1.71576 -0.740636
-4.47724 -1.12417
-4.69317 -0.820685
-2.56717 -1.30365
-1.40719 1.12408
-3.89483 -1.64117
0.065258 0.787534
-3.62765 -2.69734
-0.336022 -3.03093
3.76737 -2.61476
1.48626 0.622494
3.63784 -0.792138
-4.28096 0.242504
1.35695 1.55438
2.12522 -0.110465
3.25007 2.00074
2.94905 0.863568
1.62865 -0.0959427
-2.56369 -1.9785
-1.30525 -1.66384
2.53725 -2.35206
-0.932567 0.745208
0.402277 0.303978
4.52566 -1.53358
3.35674 1.12377
0.77924 0.879578
-2.85784 0.406928
2.62021 4.21495
1.91273 0.021544
3.23886 3.34845
-0.774763 0.793027
-2.81842 0.614829
3.06296 -0.463646
2.53298 3.23409
-4.79832 0.527728
-4.26142 0.393619
2.68512 2.58277
3.32668 -2.08925
3.31866 -0.495981
1.87285 3.15809
1.08297 -0.583395
-0.0773284 2.62546
-1.35608 -0.10532
2.10654 -3.75253
-4.70841 -1.29586
3.75913 -2.39383
0.960818 3.41179
-2.02346 0.456848
-4.6414 -0.811223
-0.73752 1.06918
2.19471 -0.13676
-4.32607 -0.869289
3.78366 -1.53566
-2.04741 -4.07171
4.18053 -0.963133
-1.70834 4.58221
-1.59756 3.69401
-2.83511 -2.17625
-1.26796 -3.84212
-4.20771 -2.61771
1.47308 2.48227
1.62046 1.36431
3.0406 -2.75487
2.8565 -2.21226
-1.17886 4.09037
-1.28302 2.32426
3.1423 -1.07095
-1.52554 1.60825
3.12222 0.794369
-3.91604 1.98562
0.163683 2.4852
0.922668 -1.78065
4.57049 1.59859
3.5341 0.247029
-2.00291 -3.63463
1.82459 0.0631307
-4.42608 -0.418013
-2.72734 2.54159
2.37349 -2.01145
-2.41036 0.305911
1.8073 -3.96649
3.28222 -3.43768
-0.0889915 2.25338
-2.49368 4.26756
-0.503681 1.53261
3.32524 2.36813
-2.76267 3.19916
2.56029 2.84296
-1.48456 -3.24522
-3.45077 -2.58122
-3.13526 2.10399
-3.27685 0.0926343
3.04474 -2.14937
-0.0757011 -1.83096
-0.771311 -3.87446
-3.56754 -2.99986
-0.309615 -2.80533
0.451649 2.29255
-3.17923 1.40492
-0.815046 0.182548
3.65148 3.40831
0.444787 -2.73939
1.85118 -4.50937
0.150558 2.59159
-3.48415 -0.560332
1.24984 0.297236
-3.597 -1.06276
3.58955 -0.925168
-0.0962596 4.08073
1.36382 -2.25996
-0.74175 -0.898888
0.412691 -1.4076
2.54552 2.52052
-0.934861 -1.83275
-4.15897 -0.926708
4.18448 -1.39001
2.52771 2.23066
3.0457 2.28582
2.03921 4.28599
1.1298 -1.54473
-2.46006 1.34405
0.776006 -0.239361
-1.21449 -2.71932
-1.70769 -4.43581
0.10209 3.65168
4.14231 -0.348608
-1.85006 1.10791
0.930221 2.19074
-1.37993 -1.89007
-2.40845 3.77055
0.00816753 3.47343
-4.64473 1.18855
-1.36548 1.15997
0.570732 -1.20548
4.54442 1.55873
1.27678 -1.58081
-4.02715 -2.65438
-2.11275 3.53506
-0.389939 -1.54519
2.99187 0.421406
-0.618914 1.85931
-1.13929 3.76684
-3.13357 2.65259
-3.87152 0.706468
-0.591508 -1.76634
2.99869 -2.92802
4.62829 0.589003
-1.73281 -1.16557
-3.84991 2.92002
0.142604 -3.84361
-3.35484 1.14183
0.181483 -0.0242287
3.65452 -0.263568
-2.63183 1.53771
2.11189 1.02369
-2.66841 4.00835
1.56149 -2.37558
-0.493815 -1.71913
4.3889 0.941049
1.80836 -0.12651
1.13791 2.13053
-1.4259 -0.601097
-2.45503 -3.69223
-3.13576 -3.3826
-3.09114 -3.04806
-3.28337 -2.48991
3.11907 0.674699
1.70239 -2.61537
-0.615422 -4.63364
4.50981 1.30609
4.49288 1.6004
-1.9404 3.00319
1.70867 3.58793
1.63777 -1.39433
-2.3843 1.10469
2.23153 -1.24002
-0.98964 3.34192
2.82154 -3.3007
0.852125 2.63409
2.30636 -3.62325
-4.0697 -1.3179
0.513004 2.51898
-2.20833 3.59204
0.931344 4.28117
0.426721 -4.82738
4.13651 2.59033
-1.2045 -0.263828
-0.49945 1.90531
-2.24755 -0.184074
3.78295 2.32792
-0.780913 -0.63024
0.181691 -0.275188
0.689437 1.45684
-2.54074 1.78307
-1.50959 -1.88923
3.27216 -1.69322
-1.67928 -3.20744
0.466616 0.327526
3.05725 1.72921
3.92648 -2.56772
1.01193 -1.76333
2.54377 -3.53113
2.83924 3.30074
-4.40638 -1.40911
-4.27793 2.41754
-2.47908 -1.4939
0.446531 1.10447
1.7525 0.436991
-0.909396 -1.57686
3.5836 -1.34928
0.280452 -3.41812
0.383694 3.48303
-0.337789 4.33532
-0.0395375 -2.42998
-0.508138 -4.24024
0.985503 4.67791
-1.50812 2.31409
-0.267396 -1.69305
0.0764258 1.66007
-1.45012 -3.66596
-1.96 -3.62927
-1.25057 -3.68918
2.03332 0.209362
-4.68768 1.32175
-2.00741 2.454
0.178354 -3.98835
0.677651 -2.69468
-0.286834 2.9195
-0.755312 -3.30054
-1.00063 0.191378
4.31531 0.146115
-3.43186 -0.816021
3.49586 -1.38371
1.06497 -1.57305
0.277458 0.508238
2.81477 1.51099
1.11613 -2.39116
-2.56379 1.34428
-0.933806 -4.31832
-3.79788 -2.36462
3.4895 3.1948
4.63501 0.566542
-2.10486 3.12808
3.29346 2.56259
-0.125168 -4.82695
2.12974 -1.50095
2.50375 -3.89944
4.20172 1.56423
-1.36887 3.87899
0.512954 2.36166
-2.17503 -2.69972
1.14395 2.51066
2.07668 2.50418
0.36513 -1.40548
2.6109 3.02234
3.46979 -2.52254
-4.28641 0.0937635
4.77646 -0.102219
0.393726 -4.42441
-1.59624 -2.65744
-2.39575 2.99905
-0.397308 -2.77491
2.45846 -3.64444
-0.902188 -3.33177
3.7598 -3.13839
-0.797599 0.299578
-0.53203 0.332185
-3.45369 -0.0253783
1.75417 2.59458
-3.0237 -0.248397
0.0658885 -4.93932
3.11458 -1.46223
3.75817 -3.13146
0.708782 -3.87409
-0.901852 4.15442
-4.26743 -1.54597
0.921316 3.8016
-0.0689709 -3.65752
1.48594 -3.48041
-3.49968 -3.24572
-0.492975 -2.18414
-3.27967 1.00156
-1.62867 -3.50852
-0.819863 -4.51285
-3.26512 -0.691761
4.61582 -1.19611
0.157657 -2.6428
-1.43698 -1.60928
-2.59785 -0.156489
-3.49907 1.47804
-3.43648 2.34623
4.12291 2.65929
-2.48538 4.08954
-2.15855 -0.0455447
3.98367 -1.82656
4.394 0.736916
-4.81965 0.832555
2.90652 -1.04226
