4600 2
2.30561 -9.61493
-0.770364 -7.51462
1.46283 5.79998
0.338422 7.86512
9.10556 -2.8799
-2.46627 9.4147
4.36346 -3.24564
-9.42238 -1.88982
-2.22684 -6.55768
7.25207 5.55863
3.93327 6.47034
7.06926 -7.00679
0.494242 6.72809
-0.980104 7.38724
-2.68899 6.1598
7.73857 2.21254
6.2296 0.958754
-6.2258 2.99489
6.21049 -0.31073
-2.44472 -8.35119
7.55164 0.362311
9.36021 -2.90136
-3.1697 6.89644
8.52411 4.793
-4.0987 -6.81729
1.74156 -9.6669
9.65535 -2.58515
-8.64141 3.87075
-4.34542 6.51416
3.46705 -9.22936
2.20582 -6.75484
-4.5966 4.86305
-6.78658 -2.03848
-0.806499 5.1632
-0.476586 -9.97784
2.46255 8.04494
-8.68091 0.00633194
6.42086 -4.67203
-2.84223 -9.34164
-4.95282 -2.10329
9.11654 1.63192
7.70415 3.58496
8.11435 -2.14241
5.36587 4.23746
-6.246 3.49122
-3.13363 -6.84983
-7.27552 0.383675
8.0659 3.50336
-6.33052 3.01115
6.49637 4.46296
-1.27722 -6.20497
-6.95415 1.58869
1.1502 -8.5933
-7.62539 0.0124879
9.88405 1.21042
-8.65244 -1.51215
5.32834 -6.52846
-3.86181 -5.47125
2.16496 6.49363
-1.6151 -4.95323
-9.00568 1.55236
-7.10544 -1.16064
-6.94386 -5.5326
-6.44768 -6.17395
-5.6123 -5.96083
-3.57375 -3.97247
-5.36157 8.06912
1.43082 7.77247
-8.04562 -2.69973
5.63442 -2.34407
3.1692 4.69162
-7.96957 -4.5054
-3.45421 5.1725
-5.7552 -7.65254
3.72624 6.88222
9.53638 -2.04406
5.54958 -8.14874
4.17115 4.44836
3.62967 3.94509
-4.96668 4.94123
6.80186 -1.05719
-8.15956 2.22841
-7.12772 4.46248
0.868215 -7.9135
-8.35725 -0.23173
5.31213 1.02154
8.05514 2.78733
6.66827 -6.35096
-7.86683 2.11657
5.33739 5.51645
-5.05173 -4.41958
3.52439 -5.61312
0.294497 9.6167
7.90274 1.38228
-8.05139 0.303223
-3.72747 -7.57734
-4.92043 2.39819
6.43163 -3.58613
5.10761 3.61457
6.87939 1.9256
3.60631 -8.75535
8.81172 -1.38558
4.09217 -2.93392
9.65549 -0.223623
8.74539 3.70038
-7.78806 6.01314
2.84549 4.14266
5.69918 6.12983
-9.07016 -2.22165
0.710875 7.67231
8.50016 2.24009
1.9102 4.81411
-7.70286 -1.8959
9.09954 -4.05357
-5.8308 1.72326
2.83771 -6.59308
-6.20221 -0.626114
-3.10515 -8.25717
7.32463 4.99665
-1.25097 -5.09468
-6.24656 -5.90543
3.17198 -8.50575
3.78806 5.99397
0.590822 9.94697
6.71544 6.36993
1.77131 -9.55846
-9.08081 -1.15577
-5.10869 -1.69693
-9.21745 2.26316
-3.07583 4.4865
7.58152 2.62488
0.92858 6.63909
3.19897 5.0289
-6.07027 -3.06258
-1.64252 -5.80226
1.46201 -8.02451
9.51253 -2.92806
6.21073 3.80484
8.01656 -5.73646
7.28384 -0.43301
-4.64835 -4.82972
6.96647 5.50111
8.61416 -1.8716
4.04497 3.79782
-1.96076 5.46415
-4.04613 -3.32774
6.42156 7.17161
5.21164 -7.91725
-5.14644 3.70223
3.41692 8.22051
8.45955 -0.397747
-4.92688 -6.0396
8.59295 1.66295
9.23899 -0.24271
0.773077 -6.90038
5.28812 -2.49808
-5.22321 -6.52139
-4.9237 7.44894
-5.64043 1.22253
7.05456 6.07032
-6.20596 -3.54433
-5.96995 3.04008
-5.29151 5.64749
-2.6391 4.57307
-6.7806 -1.57639
5.59571 7.09681
-3.93242 7.88948
-1.53557 -8.34805
-5.64043 1.25697
1.96261 5.65819
-2.5791 -6.9955
9.47818 -0.195739
4.36215 -5.34496
7.32524 -4.6381
7.39564 -1.40596
-8.94055 -3.85461
6.05832 2.21227
-7.30056 -0.489975
4.98493 1.73286
4.18003 -6.1522
-7.99207 -2.7687
6.54115 -2.93662
4.23468 -7.66938
5.95906 -6.10309
5.39643 -2.16051
8.38234 2.04955
6.85542 -0.971191
4.97678 4.73634
3.59824 -4.40245
7.97536 1.83381
-1.8512 6.88127
-6.56199 -7.382
-6.07018 -1.46036
-6.78751 2.30659
6.78663 2.94932
-0.157814 7.61724
2.94669 5.03027
3.8132 8.47077
3.25653 -7.58099
5.92567 -7.21307
-8.21654 4.67823
7.09244 2.66407
-5.02552 -3.85244
3.04839 -5.63464
0.987162 -8.77032
-2.70165 -6.56029
0.606538 -5.91025
-6.2181 -7.5712
0.883261 4.97543
7.33852 -1.49423
6.50362 6.4194
-9.18046 3.94344
6.63741 -5.08193
-8.64888 -1.79335
-0.840741 9.65833
7.62382 -6.37686
0.138363 5.47266
4.23531 2.88166
-7.89918 -1.57989
6.70588 5.74841
-6.40349 -3.37418
5.26308 -3.4597
-7.15674 -3.34948
5.24046 -3.61009
5.22903 4.22343
-3.70767 5.13915
-6.2602 4.80511
-0.436065 -8.9408
7.74784 -2.00905
-6.17386 -4.02668
-1.0979 7.6655
-5.98084 0.0902511
-3.15016 -4.81257
-4.81496 -4.99006
-7.91793 3.28164
-5.44056 0.499632
6.92894 -5.31114
-4.35387 4.43175
0.942841 6.33167
-3.67078 5.19594
8.09666 0.536638
8.16174 -5.63904
4.70258 -3.79647
7.12665 -2.37187
-4.05033 6.03051
-5.1666 4.88102
-4.7072 6.15466
-4.1064 3.68243
0.588323 7.95302
6.4453 6.14552
7.70258 -2.79585
9.24744 1.74704
2.46371 7.54544
-3.86646 -3.54867
8.19648 -1.75714
-5.39449 -5.12418
-2.01261 -6.01803
-5.09296 2.61099
2.85777 -9.53922
-5.65281 -6.81489
2.18526 7.63786
8.28674 -4.7147
-4.6523 8.77497
0.38354 6.16407
-0.401425 -6.75504
8.06483 5.56705
5.33933 -1.92726
8.47014 -2.28821
2.07132 -7.2471
-2.08446 6.546
-1.44909 5.16181
-6.26923 -6.94646
-2.70404 -6.76764
-3.6837 8.10936
-6.02481 1.00644
-4.69649 6.13752
-6.71516 -1.67646
-1.09515 -6.18788
4.23539 4.18053
4.28178 3.79914
-7.93692 4.15032
-5.53576 0.527572
6.89609 2.54508
-4.81563 3.65936
2.82792 8.88286
-5.72689 8.17521
0.800522 -5.62686
-5.1954 0.916345
1.01094 -9.07764
-7.86117 -2.75579
3.4172 -7.18165
-7.34573 0.362224
-0.769457 7.73005
-0.98356 9.30431
-2.49143 6.59745
-6.23418 2.16219
0.0098457 5.47676
-8.63346 -2.62752
-5.13134 -2.51413
5.07322 5.54595
-9.25922 0.290743
6.52317 -5.02242
-8.02393 1.75848
-6.66039 -1.25192
-0.959824 8.24159
-2.92216 7.23374
-2.45439 9.05067
-5.4689 4.2073
-7.84893 2.95719
0.19127 -5.32892
-3.20394 -8.63926
0.0288866 5.49731
-6.67309 5.42255
1.25386 -6.38872
4.77979 -6.02964
-8.90083 3.72702
0.0555686 -6.05862
-7.16574 5.45164
5.66527 -3.72643
0.208793 9.18737
-8.43467 -1.4168
7.7762 -5.45219
4.96077 -4.34394
7.71367 3.58021
7.39062 -5.87894
-7.34363 -4.34868
-8.20985 -2.94747
7.77637 -2.53515
-8.27483 4.87174
-0.970147 -5.25697
6.12679 -6.98462
-6.53643 2.17063
4.01548 8.19517
-7.41986 -5.50482
0.500119 5.49515
1.07286 -8.51285
4.49901 -5.08064
-7.51146 -5.15764
-4.50223 -8.91269
6.11634 -2.73654
-8.58093 0.363813
-5.39098 -6.21228
-0.435925 -6.59681
-6.53765 1.77855
-7.89755 5.83588
3.57775 -8.80794
5.00864 0.25847
0.791813 7.99734
-8.6678 0.330992
4.37533 -3.76088
-0.744273 -8.99673
-8.04892 1.72037
-5.75262 -4.21228
4.21933 -5.77693
7.09362 2.5072
-1.4867 -7.00644
-3.45141 -7.7738
5.73467 2.66556
0.0493882 -9.93301
4.80012 -4.36135
-1.25818 -6.20101
-0.395576 -8.44582
-8.94772 -4.41137
-8.13797 5.1096
-6.96296 -6.45538
4.45742 -4.20426
4.77792 2.42743
-2.20793 -8.72523
0.088543 8.14287
-4.50095 -7.48942
5.36537 -4.15194
-1.70455 -8.32223
-5.37823 8.1609
9.20556 -2.10793
-8.03685 4.73232
-3.92783 4.93069
-9.85665 -0.677424
-5.4718 -4.6114
-3.74079 8.52683
7.14352 1.20237
7.6204 -3.90772
-8.16306 3.4865
-1.90796 -7.00132
8.89645 2.58568
-2.53076 5.49277
-3.07536 -7.51135
-3.33394 6.43317
3.39236 -4.53312
-2.00599 5.34807
5.0172 4.10369
-4.43959 3.77436
-4.41262 -2.9538
7.3622 -3.55904
3.21839 -8.50725
-1.41676 8.54725
-6.34931 7.19711
5.33211 -3.14551
7.02204 -0.637729
-2.79819 -9.257
-2.35415 -6.24477
4.06831 -3.91278
4.77078 2.43823
6.4939 2.99573
5.19865 -6.25933
-0.559888 9.96625
2.78749 9.31171
1.85236 -7.33209
-6.91962 1.92274
-4.53666 -7.67458
-6.65512 7.36591
-1.21543 -7.80731
2.5925 -7.84988
6.04472 -6.41288
-1.26179 -6.95461
-3.1538 -5.98989
7.97193 4.2153
6.55784 -2.31511
-5.98766 5.44897
0.806091 7.97949
-8.63938 -2.10505
0.403997 9.97976
0.993281 -5.9312
-5.64242 7.82178
0.60535 -5.87532
-6.43898 0.0878976
5.88667 -2.7568
6.46418 3.55394
-8.93091 -1.77942
-6.72664 5.28395
7.42931 4.34443
-8.04429 -0.301444
-6.3697 4.52752
-3.0113 9.10216
-0.0292998 7.55866
1.36577 -5.46409
5.01848 5.58254
5.71152 -6.4994
4.58002 -3.6823
5.49364 -8.31169
4.04203 -5.64386
3.60996 -7.32681
5.04054 -3.57873
-7.70382 1.82744
-6.14302 -5.80787
7.20654 0.300785
-4.69945 -3.6828
-5.34035 4.78266
5.7117 -3.42317
6.82302 -5.45436
8.5514 3.45032
-0.0621889 -5.20888
-5.56829 -6.31728
5.40917 -8.08786
7.3016 -2.02983
4.66489 2.75426
-9.11038 1.77696
5.30605 -1.13544
4.57516 -5.34123
-7.42582 -5.76875
4.63471 -4.5117
-8.21813 -2.06901
6.17844 1.02704
1.52863 -8.2996
8.56932 4.5547
-6.01769 0.682117
4.34486 4.02501
8.39313 3.29167
5.77227 -5.53028
-8.33797 3.7798
7.1105 6.2483
-4.74647 6.14708
6.61238 -5.78904
3.64527 6.13535
-3.18244 -7.26182
-9.41854 2.55016
-7.36619 -3.49072
-8.49546 -3.18484
7.96656 -5.95136
-3.11931 -6.20744
6.66963 -3.51956
6.71137 -2.05696
8.62989 2.55277
-0.792032 8.31127
4.56982 4.88358
-5.53738 -6.71805
-5.17389 2.38644
9.68887 0.76943
-8.1904 3.93086
5.99064 4.69067
5.62074 7.84023
-9.27242 -1.55881
1.1346 9.1604
-1.09201 6.65216
2.91755 -4.69148
-4.05975 7.78868
4.40266 -4.46476
0.756436 -6.58461
-7.52425 -0.0767864
-1.0606 -5.54235
-9.13178 2.13885
-9.2983 3.53126
-6.36597 7.16727
0.345954 -5.54649
0.213659 -9.03552
-0.0424601 6.37295
-9.89821 0.825537
-5.2026 -0.020939
7.83209 -5.99549
-6.21029 3.7343
0.982603 -5.39924
-3.33251 -9.41544
-5.30009 1.46464
-3.84873 -5.59614
-8.91184 -1.22495
-7.80005 4.5278
6.84381 3.98802
6.60781 -2.50107
5.00947 -5.76927
-4.11205 8.85627
5.51391 -7.7596
6.64752 4.81727
3.93611 -5.84844
5.25898 7.74605
7.79321 0.532103
1.61638 6.54666
9.65543 -1.13211
8.63807 0.0794567
-4.57041 5.07409
0.229155 -8.58413
-9.75297 1.88921
-8.12854 3.64868
3.3314 -9.24215
7.10542 0.78357
9.45323 0.468179
8.68432 -2.55155
3.75231 5.09895
-1.90706 8.0621
7.67057 -0.738526
5.6563 5.44942
0.541062 -6.36304
-9.4068 -0.0324977
-6.1883 -6.78187
6.4807 1.14868
5.92279 4.29037
5.84265 -2.63592
-5.63679 2.51427
-5.10882 -3.86389
-1.28559 -6.85516
5.36304 -3.45018
-7.13864 0.897648
6.77016 6.16022
-5.1795 8.12628
4.19199 -5.21658
4.8862 2.33674
-6.35014 -6.87752
-2.11021 -6.30153
-7.29431 4.5662
4.06878 3.9906
-9.98511 0.271793
-8.76042 3.6782
-1.87975 7.10401
-2.35811 7.23469
-6.62352 -1.57299
-7.59179 4.84093
3.65477 5.75337
-3.14704 7.72381
-5.84298 -2.91955
-9.35213 -1.22332
-2.68076 4.42451
-7.74827 -5.22862
2.65814 -4.66318
5.93595 5.59567
6.43736 -7.30644
0.58503 -7.39569
-2.7224 4.67979
-6.78142 4.7392
6.31192 4.37486
-0.597876 -8.50864
-4.70772 -2.64875
7.8792 5.7831
-3.36715 8.30644
7.39062 -5.85577
2.00823 -7.75692
-9.98034 0.486443
-4.35874 2.62193
5.24883 -2.87773
-5.94139 3.11818
0.968225 -7.04011
-3.11712 -9.49848
-2.78363 -4.51078
7.35666 3.39091
9.56976 -0.968513
-4.71879 -8.70064
8.25969 0.564951
-4.86294 8.59776
-4.34967 -4.86609
-4.29895 7.54167
-7.14938 0.311691
3.33049 -4.42046
5.34985 -5.06619
-7.43962 2.34329
-0.495895 5.48767
-1.97135 7.52601
-4.82803 -4.68767
-5.67628 -1.29614
-4.27284 6.30531
3.18396 -7.19573
8.45716 -0.516968
-8.67495 0.18198
8.77036 3.4331
-6.14172 -3.81671
-7.39331 0.583515
3.05029 6.1675
-2.90516 -7.0252
9.19363 -2.64409
9.32951 1.10502
-7.95727 2.21938
1.11538 6.243
6.0924 -4.95056
-4.08263 3.19479
-5.10617 0.630423
-4.47339 -4.18949
4.12831 4.50112
7.04488 3.30845
5.13714 -0.161215
3.80175 -3.96525
-3.94077 7.40646
0.42877 6.34276
2.83755 -9.34389
7.44942 2.34528
-5.68107 -1.7196
7.34362 4.20984
-5.27051 -1.49095
1.64619 7.47483
-3.08488 -7.51647
-9.22834 -0.791704
-6.17161 -6.19698
4.93698 -4.23964
4.40432 3.46332
8.09191 0.783431
7.12551 -1.50077
-3.4506 5.72622
-6.03595 -6.28781
-3.02222 5.50931
-5.03263 -3.43467
-6.41551 -5.52007
-6.43735 7.46329
-9.33551 -1.90568
-0.527507 -5.80932
2.79218 8.17067
4.49796 -2.76933
-1.02063 6.29839
-4.95405 -2.69118
-6.7475 -5.20747
-1.95222 8.95844
4.46889 8.68522
7.79423 -2.40954
-5.32881 -1.30511
5.0589 4.99216
3.19232 -6.68595
5.51449 1.96106
-0.412071 -5.68087
1.06905 7.45946
3.70398 -7.26941
3.07158 4.12152
-8.156 2.10436
2.0485 9.14701
-6.26291 -0.742946
-6.68626 4.09298
-9.29976 -0.994544
4.69607 6.79261
3.36962 -6.8353
-0.81461 8.8579
-5.30418 -7.35435
-5.20824 5.11486
5.39429 1.78607
-1.48478 5.23601
6.67008 4.06951
-3.72623 -6.68813
-7.39924 1.05605
8.97369 0.776225
6.01668 2.25812
-7.7847 2.60577
-6.02388 -3.3211
-0.533454 -5.75487
-2.80075 7.81271
8.15503 1.65718
-7.68822 4.07812
0.98475 -9.30856
-8.90846 -4.45591
5.03258 2.49644
-7.2005 1.22554
-2.38991 -7.17188
-1.64848 -6.02596
1.70083 5.77999
4.26505 2.65842
0.0683299 8.42115
-5.65074 7.96111
2.45461 -5.44928
-6.10251 -4.86224
-5.30424 -8.41952
-8.04297 1.8608
-5.5535 2.34259
1.40584 7.94098
4.87762 -1.81402
-8.25484 0.935101
-5.80618 -4.48063
-1.79255 -7.39973
-7.34431 4.20416
1.87152 -5.43775
7.73741 2.56711
-7.43728 1.71791
-7.13955 5.54873
-2.50919 8.11444
3.87254 5.73241
7.43864 1.28661
0.360956 6.59252
0.519152 5.38751
7.79766 -4.64624
-9.37595 -1.59173
7.83486 0.567337
-4.77048 2.48659
3.68811 6.11608
-6.96168 -5.01864
0.0174783 -6.24247
-4.59384 -8.69778
2.30829 -4.53551
-8.3951 3.53219
5.5166 -2.48045
6.26165 -0.437401
8.60096 -3.66433
-6.37927 3.67528
-9.56284 -2.69658
0.124183 7.13983
2.74691 7.27368
-8.23914 4.77782
-3.31564 -6.03936
-3.48229 -6.81407
-4.08306 -4.05133
1.71917 -5.94074
-5.93679 0.290725
6.20777 -5.99528
-2.71393 6.92577
-1.17612 -7.06029
-2.30555 -9.37562
3.90645 -4.23821
2.12622 -4.67078
5.42711 -6.50843
-1.22761 7.61657
-4.62167 3.53594
-7.30389 3.52143
4.6946 2.15473
-5.47972 2.27412
1.05109 5.62849
-1.96029 -6.62887
8.58123 4.72927
4.92199 3.93175
-9.68398 1.35125
7.28661 6.0334
3.29584 -6.82724
-5.4311 -0.498442
-7.1609 6.74132
5.89848 -4.26348
3.63161 -3.59191
-6.02843 0.101951
-6.50231 -4.25559
-3.69578 4.99269
-7.8252 1.86426
-3.82365 -4.01482
-3.15854 -5.65606
-1.48114 6.51961
-4.86503 -6.57817
-5.12027 3.63231
8.22606 -4.5562
3.97652 -6.69568
-0.3838 9.47664
-6.14657 -5.40942
-5.60611 -1.92397
3.88256 -5.80984
-6.01436 -3.41006
7.16521 5.75622
4.78353 -3.29253
3.16828 9.23031
-6.13155 6.95639
-3.91772 -5.05302
-6.08516 6.65139
1.71671 -7.32391
6.96235 -3.74723
0.520521 8.40235
-1.6595 8.81263
-6.10601 -3.63201
4.82687 5.2562
1.02513 9.29009
-1.4477 8.5423
4.37866 -7.83161
-5.81406 3.13633
-7.65251 4.2013
-8.46332 -3.07849
-1.91425 7.14641
9.78879 0.154563
-2.25704 5.98539
-2.93876 8.20051
6.04645 2.72266
9.03928 3.13708
4.808 8.11716
5.18928 -3.79115
2.11752 9.1353
-3.00891 9.21621
6.12479 -0.689347
-5.85034 -6.60123
3.83458 7.85639
2.42562 7.46379
-2.85283 -7.54384
-5.84359 6.82493
6.68181 1.12481
4.688 -8.75588
-0.173422 5.29691
5.1326 3.6436
3.71238 -5.95852
-4.89111 -4.86362
-4.78893 -7.56567
3.75295 -4.09502
-5.05221 7.44256
7.08744 -1.47065
-5.77046 -4.0779
8.192 3.01455
3.87306 -5.50237
1.71049 8.24164
9.58283 -1.40051
1.68926 -8.6048
-0.82511 -7.62579
-6.64227 3.30279
-9.13661 1.03153
-3.10985 -7.32119
-7.24603 -4.04107
4.69495 8.05205
8.16579 2.43034
-5.28706 0.417178
1.09274 5.76249
8.02388 -2.60545
-8.45688 5.18148
5.19668 0.590048
-3.06139 7.16671
1.52836 7.14811
-7.62881 2.55097
-5.81801 -3.28935
-4.10636 4.47759
-5.07673 -4.52672
-7.30137 5.87852
0.35781 -6.28102
-5.10074 -8.16029
1.77387 -6.55084
-1.73074 -8.51856
8.60689 -3.9376
0.732369 8.93282
5.89241 -6.33844
9.92202 -0.67032
-6.07365 0.0999811
-5.83686 -0.140849
6.3025 6.09155
-5.97994 -4.91427
-1.98919 7.69217
-7.06575 5.99914
7.59093 0.830552
0.533444 5.60069
-9.17841 -1.61317
7.39315 -3.32728
-1.651 -8.43612
-5.76183 0.930952
6.51272 -0.708758
7.91231 2.25345
-6.18535 2.81305
-1.09278 -6.35698
-1.82465 -6.97014
-7.0879 -6.39391
-2.39845 9.28672
-4.46906 8.59215
4.36417 8.60239
-1.40359 9.8693
-6.60765 5.21557
-1.87928 -5.07463
-9.26172 -1.80792
-5.76227 -6.49893
-7.00393 5.00429
7.1007 1.47709
-3.08586 -3.98189
-3.68855 6.50725
7.33485 -3.22174
-7.816 -3.42939
2.19104 4.80991
-7.0635 3.77296
-7.90535 -5.19398
4.77488 -8.67266
7.51212 -3.88247
7.38999 3.49379
0.124609 -5.70358
-0.764741 6.99724
2.67307 6.24067
-9.88634 0.34896
4.9685 5.60572
8.41911 -0.0421575
8.27601 -5.17387
2.78528 -7.86339
1.63551 7.98362
6.75335 3.55817
2.08995 5.77135
-0.894066 -6.5749
-4.30876 2.61831
5.97939 -4.40975
5.25804 -8.05352
4.56802 -5.26813
-1.47848 -8.78117
-5.20334 7.4348
9.02482 0.213939
-4.15578 -6.13091
-0.56124 7.23675
8.11241 5.22288
3.89336 -4.22321
-6.07121 1.18842
-3.30299 6.6859
-7.48031 -1.53347
6.99803 -4.1586
6.46149 -1.76136
-7.68249 0.357959
-3.77627 -7.74702
-4.23297 -3.54837
7.48632 2.62261
-1.78823 5.19062
5.1983 7.8878
-9.77937 -1.9179
5.87283 4.66088
7.35162 -1.33204
-7.65492 3.72911
-4.87635 3.20098
-1.06226 6.61675
7.79198 -0.162695
5.58092 -1.41014
-0.181187 -5.21563
0.977527 9.29068
8.4165 -3.86028
3.3289 8.7761
-0.0054709 8.05057
5.93458 2.41929
-9.22364 -1.67118
1.61425 -9.35274
-6.31779 -3.1078
-3.44939 6.04645
2.60933 -4.94353
-5.96253 7.78537
7.67864 -5.1531
-4.90826 6.84503
2.81602 8.7997
-9.07114 1.42922
6.41077 5.79801
7.14444 -3.35573
-8.15031 -2.18227
9.70187 -0.646338
-2.74484 7.4178
-9.05956 -3.98767
6.45252 7.57664
0.433908 -7.31188
9.26977 -2.95414
9.80307 0.233293
0.947684 7.71902
-6.42734 -4.38592
8.29061 0.327595
5.89265 -2.31412
-4.25817 -7.09863
-6.74977 -3.3726
-3.34535 -5.28314
6.27357 -0.0926788
2.34754 -4.81516
-8.4202 1.70028
-0.725181 -8.12373
4.46565 -5.89917
-7.33989 -1.55631
3.14122 -5.43854
-6.15612 -5.86439
2.77321 9.41737
-2.32207 -7.00433
-1.82124 -9.63509
2.9635 7.52385
-6.56999 -1.86407
-9.38307 -1.32344
-3.01704 -7.45426
5.0096 -3.69419
0.35257 5.64994
-1.41543 -9.0662
4.70441 6.96914
8.89031 -0.642255
5.6127 -7.36171
-8.23939 0.491316
4.61783 -8.13917
4.97032 -3.83325
-5.42946 6.99857
4.92328 5.54161
-8.12849 4.41848
1.38824 -7.90266
6.2788 7.77663
1.81788 -6.95707
-7.44805 0.615566
5.81206 3.28103
4.2651 3.58538
-3.12912 8.91271
-4.01937 6.51506
-1.36544 -8.99594
5.32024 -2.79917
7.86962 4.68434
6.21968 -5.90773
8.70093 -3.41595
-9.14974 0.262643
-5.76064 0.844523
-6.10837 -3.41486
6.48098 5.86767
-4.12989 9.00396
6.31751 -1.54795
2.91976 -7.63127
1.22258 7.84565
1.83768 5.9064
-5.16302 5.07801
-3.58963 9.01372
-0.614325 -4.96418
7.07903 -2.80784
-9.67215 0.168738
-4.01281 -3.26743
1.74409 -7.03745
1.55845 -7.08092
0.150603 -8.80919
3.88089 6.10711
2.20195 8.23652
-8.75716 -1.6111
2.29359 8.3929
-0.613528 8.44318
4.46389 4.66961
2.17704 9.51747
0.147124 -7.29017
-5.93345 -3.54193
2.51484 6.90316
-6.33987 5.86955
9.50689 2.31386
-9.09028 -0.309063
-9.22373 -3.26526
0.850182 9.00361
3.75538 -3.38366
8.98052 -4.33737
1.82394 -4.97525
0.961861 5.99064
4.70209 8.07882
-6.7483 1.30363
-8.09633 4.97798
4.8775 -3.90397
5.89422 4.08986
-1.68071 -7.62605
8.94725 -3.50234
-3.81831 5.60571
-4.78558 8.77166
5.36712 5.25627
2.8943 4.4947
2.4838 5.28489
-1.89004 -5.84419
-3.32336 4.26268
-4.80179 -3.72952
-0.0421214 -7.93431
7.73036 4.21221
-4.75297 -3.18291
4.75074 5.74563
3.71487 -4.2482
-5.26316 2.00556
-2.43497 -4.54262
-7.84584 -5.11312
3.72607 4.01605
-3.06207 -4.23099
6.88613 -4.86737
-5.965 6.22124
-2.26898 5.2578
1.93772 7.20226
8.41918 1.22384
-6.85396 5.4862
6.5107 5.26579
-5.97989 -4.06229
5.08629 5.29224
6.66417 4.73363
-5.85267 -5.79412
-1.74041 8.86671
3.69649 6.92264
8.84614 -2.98543
3.83913 4.1959
0.426463 7.56123
1.52823 4.93935
-4.2951 -7.77104
-7.86904 4.98123
6.69325 -6.55406
5.89418 3.51697
9.7532 2.06436
8.36925 1.93981
5.84714 -7.09581
0.778989 -7.53899
8.42965 -2.85003
-0.402646 -7.27609
-9.27719 -1.81196
6.34742 1.06555
8.72522 4.84629
-4.24533 8.75873
8.04669 0.785687
5.04941 5.47087
8.96398 -2.3898
-5.3596 1.15572
4.18893 3.37607
6.48913 2.88564
-1.05714 -7.31572
4.63273 2.23812
-3.8803 3.83175
0.265965 -9.92576
-2.26731 -6.61877
-1.64369 -5.49387
4.49477 3.64852
0.738519 -7.71137
2.80297 9.56776
5.25945 -4.4052
1.77943 6.88552
4.93314 -8.64127
6.25325 -1.61195
7.88634 5.74021
-0.375164 -5.38522
-0.0458623 9.19302
7.12935 3.00526
5.45278 4.81624
6.6104 1.05768
-3.57908 6.43
8.99372 -2.55622
1.63227 -6.52109
-8.18918 4.51249
4.97758 -1.85725
5.19857 -7.59764
6.47834 1.45616
-6.38507 6.11411
-0.168499 8.03854
3.6749 4.0067
-4.73629 -2.74876
1.51398 5.42631
0.0515052 5.64802
-1.05108 -5.42266
-6.08276 7.04907
-6.29539 -6.65834
-7.89286 4.75338
7.81925 -1.94396
7.8934 4.33006
-4.73833 2.96642
8.00721 -2.78524
8.47353 -5.30348
4.49133 5.77644
4.56409 8.73366
6.66167 2.65782
-2.34591 -7.7052
-1.35958 9.4828
-2.58383 -6.36631
1.46185 9.2984
-9.15227 -2.2768
-6.25432 3.67626
6.96457 -6.45709
6.10352 1.81197
-6.2751 -5.65639
-6.93205 -6.91907
8.6521 -4.22333
-1.48101 8.72414
-6.76774 -5.47922
-9.29 3.00217
-2.50682 7.84391
-7.47901 0.308989
-6.8198 -0.376989
3.94167 7.66618
5.56666 -1.16486
2.27852 -4.88892
-8.06685 0.531001
9.2344 2.47988
3.05851 4.45506
-3.84983 -4.12099
-1.56076 8.32364
0.185093 -9.13788
-1.32054 5.63308
-4.88636 -5.12199
-5.3179 2.05545
-4.6729 2.5018
7.73477 -1.70338
-2.60418 -8.51357
0.280305 -8.9146
-7.65051 -2.06705
-0.907139 -6.2819
0.0875417 -8.68586
6.18538 -2.3084
2.64936 7.78816
5.57624 -0.169239
-4.40461 -8.25447
-3.56327 -7.94663
1.01592 -5.49937
-4.30499 6.11271
-3.72994 -9.10342
-1.25968 8.61154
-5.8284 2.05786
6.50571 1.44381
6.09828 -6.23077
-0.62282 -7.72842
-9.69483 -0.966209
0.91921 9.15595
4.04142 4.06305
7.74175 -4.33445
-9.09267 -0.475399
2.89329 7.56517
7.83276 5.18823
-1.34178 8.62761
4.20028 -5.92975
5.08571 -4.42122
-1.69245 -5.08957
-0.478004 6.19181
5.68219 0.511496
-3.2946 7.70048
-4.44133 -5.38184
7.34218 0.0910017
9.46626 -0.636569
-5.82054 -5.75163
-7.63744 -2.42219
7.61794 -5.34271
5.02267 -3.9432
-7.81308 5.61987
-6.81386 -0.626939
3.03592 4.62758
0.718234 -8.64398
-6.69136 -1.60811
-7.54126 -5.95418
8.15647 5.71277
-5.40843 0.503771
-0.741921 -9.46042
7.94582 5.38561
-4.03828 8.56991
7.92186 2.76838
3.7879 3.29872
1.60734 -5.41389
8.82271 3.2416
1.55085 5.145
-8.02408 -0.770379
-7.76819 -0.00390855
1.55442 5.1216
-1.33843 5.05573
6.13748 -7.28977
0.819139 7.26168
7.09317 -5.05777
-5.91272 4.88913
-9.40091 -1.09983
-4.90065 -5.24032
5.89617 -3.04111
-3.45149 -9.23436
-1.84735 -8.39967
6.76177 5.04515
-6.20693 0.131271
6.26688 7.40718
-7.58812 6.48095
5.25847 -0.953903
7.75716 -5.45616
-1.59781 5.69057
2.01982 7.076
-0.963179 -8.14318
-2.41143 -8.94329
0.0551919 7.60985
-2.29145 7.57851
-6.34402 -3.99332
4.28725 -4.15525
2.72792 8.12045
0.319789 -5.30391
-2.87188 -7.6054
8.58937 1.47614
9.44835 -1.62777
2.00955 -5.47556
7.41011 1.65994
-1.46414 -7.8032
-3.76936 8.41038
-6.68891 -0.477411
-1.94022 -9.34773
-7.3006 -1.22018
-7.4907 3.7563
5.16074 -3.51252
4.99363 7.99659
3.87626 8.24475
9.5783 2.45549
-1.34261 -5.32133
-5.87208 7.9593
-8.10032 -2.12797
3.72206 -3.34457
7.80959 -4.16064
-7.94918 -1.84676
1.49631 8.40261
2.63874 9.36588
-7.4983 -3.88552
-3.97166 8.34381
-5.58704 -1.40535
0.366083 -7.23837
4.72039 -4.4546
-8.38484 -4.08561
-6.83856 4.33726
6.08223 4.06409
5.13696 -3.18501
-1.012 -8.75146
-5.74324 -6.61659
-5.10973 0.793448
2.15334 -8.77491
-6.48918 -3.64245
-6.48409 1.96332
-2.74721 7.56593
0.523217 -6.28829
6.27574 -3.60912
7.56322 -4.9447
-5.59153 3.12044
5.1831 -7.61138
-4.51883 -7.92996
6.95514 -4.89614
7.06237 -2.68632
0.216169 -6.85343
-5.56419 2.60219
-4.93617 -2.28429
7.88232 -1.77114
-7.60276 0.467324
-5.68176 6.68454
7.02928 1.16907
8.65479 1.02467
1.61039 5.78231
3.26385 -4.54326
-6.50672 1.58659
5.7772 -2.56513
-4.98457 4.40724
9.33789 1.92269
-5.36579 -2.78786
-2.57657 -4.34351
-1.31414 -6.77798
2.45648 6.13012
8.87265 2.61281
-4.98741 -3.39309
-7.71859 -6.31417
-2.20785 -7.25653
-0.492205 7.51415
7.09219 -1.63198
9.36272 -0.730692
3.85696 3.843
9.30581 2.74736
-4.58244 2.86372
6.8974 4.57162
-2.34032 6.17773
9.1164 -0.641639
-5.44753 3.34201
4.21047 5.34486
2.16777 -6.36753
1.00591 6.35077
4.97517 -2.25603
2.92071 8.40183
9.53537 0.908703
-1.82217 -5.29347
-5.40634 -4.42799
-1.23338 -9.35935
-1.71433 7.31854
2.70413 8.28893
5.98313 -1.60502
4.43882 3.31182
-6.5584 -7.02676
-7.23231 6.60046
-6.03593 -5.87896
-5.69635 1.42741
0.870587 -8.04645
3.32425 -9.28614
7.89576 4.10961
5.10075 8.30711
7.67098 6.23414
-2.76717 -7.88087
6.23183 -1.56342
-5.30539 -7.60915
4.03836 -7.2928
-5.39334 -5.81057
1.67945 6.57187
-6.64341 4.28878
1.57942 5.28289
3.95822 5.7698
-6.99266 -5.63702
5.57635 1.77514
-5.15652 -5.66822
-5.85628 -6.55711
-5.34302 -0.182176
-0.501509 -8.8567
5.3652 -7.09481
-2.54364 8.96452
6.70898 -2.15786
-7.2088 1.6593
7.91094 -0.873623
-2.98007 -6.02614
-5.90354 -0.859083
1.40019 -7.0223
-3.8748 -3.75354
-6.47154 -7.14734
-5.29643 2.97974
6.2499 2.03287
6.36601 -6.39121
2.94112 -8.62977
-7.96462 -1.4288
6.12353 -1.79393
-2.7507 9.06679
5.74151 -2.43411
1.10021 -8.6919
-4.77252 8.18111
-0.0958859 8.44609
-6.60815 -3.17101
4.8577 3.37421
-5.42438 -7.5079
-5.21736 -8.15191
0.688339 8.91063
-9.80417 1.26173
-4.29058 8.21909
-1.71507 -5.14292
2.86261 -8.03056
9.02219 -4.03604
6.27641 7.68527
5.48418 -7.46999
-8.13353 -0.183163
1.57521 -5.42663
-5.43667 5.83072
-3.11275 3.94338
8.32495 -2.53668
5.97328 -7.06636
0.863613 -5.25713
9.23303 -0.489422
-5.7092 5.42447
1.59258 6.51666
2.60632 4.47229
5.85137 3.90642
5.58067 -5.6237
2.50443 -8.00899
-7.0805 -1.9346
5.16977 8.25925
-6.86509 -1.57749
7.12908 -1.57583
-4.91435 4.5572
-1.2206 5.45805
-6.52931 1.95164
1.2417 9.17431
-7.44546 4.21032
2.86109 6.27093
-4.42405 4.9619
-5.37799 -7.88146
-3.72863 -7.07564
-0.262681 5.12718
0.27318 -8.66118
8.61438 1.8788
-4.94703 -4.65263
3.28133 9.24424
7.92619 -4.49006
-4.47055 3.38732
0.247933 7.00795
2.62446 9.34193
5.89279 0.161834
-0.0526634 -5.11392
-0.876226 -6.72212
1.38366 -4.88768
-7.30521 1.34463
3.50646 -6.96982
6.97799 -0.924449
2.79129 -6.7575
6.6901 0.527004
-2.64488 7.45831
4.13809 8.95756
9.71744 1.00061
-2.695 5.20026
0.79455 -5.99535
-3.7802 6.21752
-2.2127 -8.79071
-5.38455 1.94016
8.33594 2.09535
-3.43588 -6.79835
-5.4624 -6.62533
8.03503 4.69068
-3.68742 5.52392
-6.39884 -5.24072
-5.35588 3.66759
3.84179 8.90951
2.11768 -8.11201
1.46193 -9.27986
6.97351 3.84818
-3.68985 4.66135
-2.96494 8.23177
-8.55936 2.80908
-7.8226 5.63073
-4.37118 -6.41695
-9.46617 2.11873
9.43768 -0.83269
4.98252 1.21105
-6.88644 -0.362675
4.5227 -7.03385
2.04987 -7.83955
-5.97334 6.15459
0.187642 -6.30057
6.39602 -2.12603
7.83013 1.02356
-6.01317 -3.4165
-1.13968 5.33651
4.39118 2.62275
0.554983 7.60439
7.02796 -1.02245
-4.29082 4.26818
-4.06354 4.08392
-1.62375 9.55785
-2.75076 8.03794
-6.41642 -0.817332
-4.73418 -7.37201
-1.37606 -7.3963
-9.62217 0.114566
5.5167 -0.851943
1.38829 -6.99246
6.77125 4.3318
4.51852 2.78756
-7.61083 4.85513
-8.72031 -2.24476
-7.61322 4.62289
-3.01332 -4.8156
9.68645 0.201132
0.423247 -6.48095
-5.31419 4.40485
-7.66705 -0.132784
8.29507 -4.67998
3.12676 -8.53308
-8.68429 3.19315
7.30917 5.17309
4.12011 6.72854
6.44632 3.35101
6.55105 3.52337
-2.76476 -7.39897
5.441 6.96563
-8.67386 -1.48741
1.0859 -9.33178
0.763345 9.54588
5.22288 0.959967
-5.82856 -0.590893
-6.5659 6.96807
-0.97179 7.12205
-7.69202 0.265506
2.36761 -7.52729
9.11781 2.96754
-4.50084 -5.6341
7.71343 -0.354263
-5.2037 1.37547
-2.50578 5.38186
-7.08031 1.16339
-6.91218 7.06998
1.69299 -5.8442
3.80364 7.71167
8.49173 0.4255
-8.61416 1.85845
-5.02845 6.78524
-0.441979 -8.33616
-5.89067 -4.4991
-0.977776 6.52472
8.62629 1.99202
6.14114 -5.88251
-7.38753 -2.25931
-2.00078 -7.09943
5.58979 7.63978
-5.84274 1.09679
-6.26925 -7.23385
5.1232 5.6915
-2.88536 5.75406
8.4039 4.34534
-7.94795 -1.18984
2.33433 -6.90999
3.79694 -4.78769
-6.78666 -3.41953
4.45789 3.72714
1.98539 8.52918
-4.58932 7.22974
4.15106 6.87639
-5.8647 -7.94313
-0.208677 -7.23344
7.59193 -2.38502
-4.9734 -7.9147
-2.42574 -9.38892
-2.44035 5.03417
-3.95713 -7.50415
6.57358 2.12132
-6.98619 3.1564
9.63176 0.934582
7.51864 5.8268
-9.0496 3.33979
-0.684871 9.37829
5.99727 -3.87749
-8.71212 -4.66219
-7.23019 2.24707
6.49697 -5.43006
3.33043 -5.40001
7.90987 1.19585
-1.31422 -8.04351
-7.20386 4.74952
5.14632 -5.84947
7.87552 3.90329
2.58787 -5.62192
-7.55986 1.3999
8.16479 5.647
9.19752 2.76777
-1.31336 6.32477
0.390638 5.44843
-3.56606 5.19392
-5.70606 -1.69338
-0.556202 -8.08569
3.84198 -7.88152
-4.75842 5.1822
-9.02619 -3.23614
7.41102 -2.92744
-6.55463 -3.6831
-6.79961 -1.06851
1.60848 -6.2806
1.88414 6.68488
-3.27446 6.19721
-3.45899 4.78614
7.31822 -2.62203
-3.30761 9.02171
3.80056 -3.9372
7.40842 -6.70314
0.330118 8.28496
5.26914 -1.55912
3.34212 -8.93622
7.34834 3.5484
-1.98926 6.56595
-6.81973 0.793679
-0.635978 -8.88972
-5.80639 -7.95523
-4.10512 5.25754
-9.42 -1.94826
-4.38657 -5.02007
-3.29887 -4.1243
2.86122 8.50567
-5.12403 0.505598
-2.12257 6.04408
2.76857 -8.5771
4.69641 -7.4032
-5.57594 5.18375
4.36161 5.63484
-5.2274 3.04223
0.652714 -9.83025
2.91398 -4.65461
5.3975 -4.29885
7.42181 -1.67796
-1.50839 8.51767
3.87717 3.59774
7.2573 -6.58396
3.46616 -4.19165
-9.10679 2.1023
-6.68445 -5.53617
-6.38984 5.90666
-6.77499 -7.32123
5.25395 3.13752
-7.77307 -1.92455
-5.91934 -6.36647
-1.23199 -6.00828
5.16529 -7.04123
-1.90918 -7.51235
-4.82932 -6.41539
-3.51448 -7.90373
2.05791 7.24546
-5.60446 5.91333
5.3797 -3.46354
8.29387 -4.934
-5.6633 -3.13015
-8.45963 -1.07846
-5.73072 3.76372
-8.67467 4.78154
3.29811 -8.64536
-2.54711 -9.26147
2.39578 5.8145
-7.12677 0.354234
-6.39145 -1.08257
5.16259 7.72518
-2.97104 5.74328
7.27432 -0.454556
0.27783 9.48199
3.77528 -8.83877
-3.15514 -8.45673
7.70502 -1.75891
4.22422 -3.57141
-4.70257 3.90573
0.720575 -9.28767
9.65089 2.4351
6.73307 2.64199
3.9307 3.27286
6.87836 4.52946
6.67234 1.95869
-1.43428 -5.88686
-0.538728 5.60398
6.15699 0.533358
4.15109 7.39247
5.16905 -3.78428
-2.03993 -5.11145
8.67616 0.212286
7.88984 4.466
-2.80873 -6.32813
3.08138 8.67688
-8.71649 2.01396
-6.16691 -7.33364
-7.07954 -5.81604
-7.74539 3.20331
-2.04749 7.75216
-8.42989 -1.10792
0.732478 -9.23534
1.61287 7.53114
-4.52044 4.92444
4.99765 -4.55357
8.14557 2.59624
-5.02198 -4.34965
-4.5474 -8.08022
-5.4064 -5.39689
-5.61155 6.70176
-3.47081 6.04457
-8.86159 3.19505
-0.74782 -8.60612
-2.98156 8.89598
-5.30941 4.77932
5.95584 -0.155438
7.55489 -4.98193
8.76522 -2.9096
-1.6274 8.2096
-5.19386 6.80472
-6.60879 6.02281
-6.15324 2.44043
-3.75409 5.04783
6.9135 -4.81038
3.59882 5.35625
2.44339 6.11006
-1.64177 6.81322
5.65502 3.92424
-5.23975 -4.55425
-8.69403 -0.506944
-2.19126 -8.53745
-8.91986 3.84453
1.18223 9.81723
-0.307354 -5.69681
6.48308 1.17493
7.00193 1.47756
4.4301 -3.29611
-4.87345 -8.03541
8.80357 1.58565
-9.79601 -1.46078
5.61762 -4.69756
8.0788 0.361724
-0.508995 5.31703
-1.61761 -7.12015
-4.61213 3.89746
4.59046 -8.14388
5.73459 1.29203
-4.83243 1.33295
8.66314 1.37229
0.138584 9.18439
3.64688 -6.92832
8.48445 -1.87889
1.43222 -8.74466
8.45695 -4.04259
-3.81775 -4.90356
5.82859 1.12168
5.10432 8.24865
-5.01814 0.0742054
7.171 2.91418
-8.04087 -2.91428
-0.276624 -9.22327
4.42008 8.32738
-1.6821 9.01192
3.38814 4.3867
7.19189 -5.90865
-6.71514 -1.28952
7.03268 -1.68701
4.18082 7.10724
-8.64272 1.82261
-7.34067 5.42468
-7.3386 0.220095
-5.81331 -4.37294
4.02661 -4.81658
7.66351 0.635003
-2.05463 7.8107
-7.42529 3.14298
4.08331 8.15657
-8.86757 2.72372
-2.39613 8.17501
-2.62226 7.63688
-7.00154 5.06278
0.312145 6.22107
-2.47919 -7.66875
-8.65974 -4.31195
1.22537 -5.18893
5.41064 -3.33572
4.34985 7.90287
-7.42643 4.03177
-8.94722 4.12297
-5.23509 -6.10366
-1.90365 5.3818
-1.74765 7.22004
-2.163 6.50673
-5.19406 3.47022
-4.37883 5.05246
0.990668 -9.8473
7.87878 -1.36707
3.7096 7.28409
3.63968 -7.96422
5.3756 7.7073
-3.41471 8.94785
6.57849 4.74508
4.93949 -2.06333
-6.34715 3.42585
-1.4914 -5.94273
0.543179 9.20562
-1.16298 -6.16431
-3.48108 -6.5109
-7.43233 4.79529
-5.62615 1.38015
-3.83981 4.3056
4.2552 -2.9006
-0.172979 -7.26068
9.67686 -1.03131
0.761031 -9.35118
-5.27725 5.26055
-5.93278 7.79003
-4.53902 -7.27851
-0.95726 -8.6622
-7.01118 3.02688
-7.20414 0.0643401
1.56055 8.12429
4.86057 -8.41097
-3.13397 7.39951
3.60957 5.96334
5.78055 -6.32703
-5.58018 -6.15314
-9.22589 0.470949
-5.30331 7.20864
-7.94053 3.4465
5.28731 3.85492
-2.33173 -9.43828
-2.92226 5.56235
6.33557 1.97806
5.20893 6.43608
-8.77277 -3.89104
3.21449 5.92969
0.224409 -8.35784
-5.97723 0.698281
-3.99576 3.25094
-1.50133 7.11784
9.53773 0.553176
-2.76395 6.21014
-6.12995 -6.05171
8.86754 -3.19362
4.83582 -4.38954
5.04221 4.48006
-3.68728 7.80437
-9.077 2.77705
-6.07112 2.61955
6.76967 -2.16782
4.94098 3.03129
-6.70514 6.73433
3.91406 3.63887
5.88075 -2.25922
-7.45915 -5.9164
3.10777 -7.735
-2.07613 6.45769
4.55928 7.82121
-8.86878 2.37062
3.09429 5.7572
-3.50304 4.34884
-9.00694 0.415688
6.46421 3.92554
-3.51673 -5.63872
-6.15494 -6.06681
-4.88589 2.88595
-5.63345 -1.44689
2.11307 -5.62093
4.22772 -4.77143
-7.92971 5.36716
5.92683 -7.78489
-8.00839 2.90689
-3.9324 8.23353
0.865595 8.06192
-8.73334 -1.18493
4.85557 7.52819
6.31417 2.20331
-9.03539 2.24112
6.46877 0.622703
5.76103 5.62194
7.89045 -5.24373
-5.10941 6.06826
-8.81529 1.37064
1.28958 -5.99882
-2.17117 9.08774
-2.40053 -5.69496
4.81057 -8.75719
-2.13672 8.21574
7.79551 -0.83506
1.125 7.84985
-7.48947 4.45955
-8.33554 4.53546
7.5115 5.85153
6.64252 0.88056
-0.426438 -7.14424
6.80512 -6.28779
1.17413 -6.39055
-5.98551 1.55592
-6.25575 -0.45525
6.6687 0.903302
1.79011 6.44607
5.40297 7.77134
2.54946 8.78636
-0.162482 9.16994
-0.811251 5.30746
-6.24131 2.22653
1.28318 6.38046
1.28939 -9.2873
8.281 -1.15654
-7.51345 1.45194
-1.35621 6.11284
2.08642 6.47486
6.73069 2.72766
3.84193 -8.75823
3.16575 6.82595
3.717 -8.46401
5.4565 7.46727
2.38902 -7.66551
5.76498 -7.90245
3.55538 -4.75807
-9.55431 0.670298
-4.95319 -8.18767
5.33098 -2.27379
7.92753 -1.97516
3.43838 8.77821
2.03516 4.95988
0.641949 9.24225
-5.58022 -6.69942
-3.0051 -6.68222
-8.1039 -2.1952
5.26587 3.42197
-6.86745 -1.23636
0.433709 9.3508
-1.07385 -8.17563
-7.78618 -2.37208
-5.88814 -1.98533
-7.39686 0.892579
3.78576 7.21712
-5.03863 -4.29168
2.52961 -4.85239
5.94109 -8.03784
8.02161 -0.782319
5.3726 -2.74727
6.66495 -2.10695
0.614662 -9.3747
0.772813 8.6749
-0.915781 8.47696
6.66192 6.91427
1.78349 -4.83223
4.78109 -4.22303
6.03643 -5.64446
0.481235 8.11208
-0.216132 7.46498
3.85748 -7.28378
-5.90827 -0.246172
0.16603 -9.53692
-0.0741169 -5.68336
-0.211406 6.89731
-9.18558 -2.10576
-0.112723 5.47291
-3.59917 8.68679
-1.11546 -7.54499
-8.71884 2.44916
3.04669 5.64759
-0.944069 -6.97278
8.53909 -3.56059
2.14238 6.94399
7.61129 2.88421
-5.05247 3.08734
8.93909 -0.72035
-6.91951 3.72484
-3.67319 4.68602
-2.01779 6.94053
-2.10343 7.66387
6.61889 3.66321
6.43152 -5.48058
7.93981 4.33059
8.86512 -3.9269
5.3926 -6.53912
9.58292 0.194508
9.09048 3.75987
-2.7601 -9.00442
2.63425 -6.09143
-6.05323 3.41635
-1.44991 -8.55985
-5.44555 -3.35851
-2.94677 -6.3174
3.48216 4.67794
2.15917 9.13469
8.94501 -1.22027
6.60209 1.25556
-8.38796 3.54095
-7.19379 -6.03045
6.26324 6.19386
-7.67161 3.19603
-4.27723 -7.33097
8.419 -1.90139
3.34173 4.38694
6.84097 -3.78242
4.94349 5.21621
8.77116 -3.19101
5.20509 1.92019
-7.37555 -0.804027
-7.93217 4.05286
7.92493 -5.71486
-8.30702 3.89056
8.6669 4.66116
0.150665 -7.77001
1.76647 9.07031
4.6436 4.97304
1.9507 5.36966
-7.43022 0.248269
-3.76829 6.38818
6.13348 5.3961
4.82751 -4.10072
-6.91732 0.541801
-6.75215 -3.35643
6.96059 6.6788
-6.25178 6.25813
0.393056 6.09202
-5.81438 -2.32006
9.52699 0.116859
4.05343 5.95536
2.34348 6.94312
-4.89827 -5.23631
-4.65833 7.4191
-7.13837 5.46465
4.33106 -7.91007
-4.4213 -8.86096
-6.12039 -5.35945
3.77975 6.17854
-7.94574 -4.00363
-9.01909 -3.78211
-5.96624 5.46415
-4.10874 4.36996
5.85113 -0.00926497
4.28366 -4.50188
-4.07943 -2.98608
-7.09071 6.41324
7.3698 4.30599
-9.22951 -0.322722
3.52913 -5.96119
4.58238 -3.99103
2.79236 -8.76061
0.464692 -9.9225
-7.49352 -3.62391
8.97704 -2.90037
-6.50642 6.63193
2.92771 5.96188
5.37483 -5.22092
-8.05619 -0.371774
-8.40143 -2.79905
-3.70369 -7.95729
0.136157 8.38991
4.06334 -7.43955
-3.61958 5.69037
-5.32394 0.528975
0.701737 -5.89812
-9.65558 -1.40097
4.66023 4.47648
-3.75983 8.46543
-1.58342 7.50942
-4.55002 7.86687
-1.48075 -7.04148
-6.09597 5.0325
-3.61183 -3.97867
-1.23459 -9.72701
-1.78586 5.11387
-5.44074 -2.50209
7.30519 -1.68523
8.82953 -2.05513
8.30939 -4.13887
-1.93337 5.89133
7.51346 -1.22106
-2.31369 -6.18369
7.96553 -3.38006
6.91054 5.47417
4.45153 -3.14867
0.365802 8.03403
8.00408 4.59448
-0.583534 -7.46304
1.23318 6.13833
6.89239 0.445033
-0.333968 6.99723
-5.56183 2.31804
-0.645707 7.59582
3.01479 9.50717
7.06337 -5.98234
-5.21224 -2.18848
-1.70712 8.48154
9.18673 1.41185
8.97831 -1.4929
8.63356 4.18637
4.03488 -5.76204
-2.57792 -7.13922
-8.79891 -3.28783
1.39023 5.65305
-9.17019 -3.29994
-6.29156 -2.22416
-7.65133 4.12614
8.01929 0.145002
-2.95619 -4.68007
2.10798 8.78599
-2.94006 6.33661
-0.54926 8.58247
5.5421 5.99276
-5.08283 -7.14059
-6.77606 -5.20136
-4.06302 -7.12613
-5.30941 4.7873
0.124386 -9.43801
-7.89641 5.07591
-9.18539 1.09193
-7.85304 -6.07577
4.61084 -5.61062
2.23163 6.9622
-6.77575 -0.0343889
2.02584 8.27612
-3.24592 5.80401
7.95168 3.86294
-1.05951 -7.14114
-1.18677 -6.11651
-0.114606 -6.18789
-8.04446 -3.23101
-3.59455 6.34331
-7.93563 5.81606
-9.47684 2.741
8.05629 2.08841
4.02363 5.12314
4.61694 -3.02367
-0.415648 -5.7913
5.03845 1.28463
-9.23445 -3.37866
-5.0833 5.02443
5.56034 -7.4446
4.55074 4.34446
8.72381 1.03269
-7.82791 -3.74985
-3.7884 8.33724
5.30117 -3.29854
1.4703 -8.6663
5.41419 -3.66372
7.84896 -2.46836
-5.71318 -1.36169
-5.95203 4.29582
-0.135185 7.95155
1.69895 -5.81757
6.04711 -6.20882
8.3559 -2.4145
-0.425148 -5.46973
3.96429 7.85696
-9.05588 -2.13181
-9.30075 2.3655
-3.05682 4.09288
1.30097 5.41758
-6.7333 -6.61466
9.64468 -1.80588
8.62523 4.23461
5.68381 7.87718
-8.26458 -2.72993
5.71119 7.90365
-3.3538 -7.27242
-0.978866 8.20147
7.76442 -3.31956
8.18564 -3.88442
-5.51129 -8.21379
-9.26156 0.907671
-4.78054 -6.56424
-5.1483 -7.48929
5.21794 -2.05605
3.91429 7.52341
6.00435 -4.91746
7.4281 4.06975
8.57974 -0.313855
5.04598 7.79758
-6.15063 6.43041
-4.04676 6.10651
-5.98816 -2.98034
6.82253 6.26957
-7.39805 1.04632
5.42292 3.00228
-0.643363 6.99126
2.14821 4.9054
5.05943 -6.19472
5.26479 5.35527
4.78206 -7.84948
-6.25319 2.63283
6.46903 5.03787
6.96387 1.7204
-5.26315 2.16099
6.35665 -3.78529
0.683596 9.19295
5.97934 -5.15733
-5.69258 4.80535
9.6389 1.04211
-5.18486 -1.98403
-5.62704 6.40408
-6.65893 3.29737
-1.11824 5.67993
2.53654 -8.31947
7.58292 6.17396
5.67225 -6.45971
3.93551 4.0762
-6.20531 7.31992
5.91213 5.18438
2.82884 4.23773
4.84035 -8.27309
4.76796 -4.92649
0.545354 5.76447
3.41451 7.64094
8.47988 1.32392
-8.89847 3.35866
-7.1087 4.15448
4.33055 3.62384
9.62344 1.07408
-8.00135 1.36493
0.459871 9.04499
-0.813643 5.10325
-9.68658 -2.27496
4.69365 6.18267
-7.79777 2.93258
7.86186 -5.74962
6.13225 4.71836
3.65996 -7.10799
-4.44714 -3.15354
-1.62997 5.04295
-3.17181 -8.62666
8.81751 -4.03118
7.89073 -0.475438
-7.93004 -0.16467
-7.61259 -4.73872
0.908428 7.94795
2.16491 5.72054
5.08219 -3.64696
5.53429 -5.19535
-5.36217 -2.05961
4.09187 -7.86782
-0.64538 -6.90114
-7.50486 5.83342
-6.24997 -3.23703
9.14958 -2.93738
-8.59383 3.48056
-2.16071 4.8838
-6.75316 -0.415096
3.48577 5.32604
-5.21295 5.89744
-1.68201 -9.50044
7.40897 2.48784
-6.953 0.95113
5.63807 -1.02619
-7.19901 6.15785
-5.18224 2.1534
-7.74778 3.06702
-5.5835 -1.89504
-9.96968 -0.377357
-2.14466 -5.29195
-1.72714 -8.06612
-7.20993 2.6921
-1.57479 -7.42601
-8.99368 3.17372
5.86314 1.85612
-4.17752 8.46139
5.83435 -2.14095
-3.02582 5.02306
2.54095 5.72064
-6.22804 5.38074
2.69211 6.25042
-9.15574 -0.499826
-7.30785 -3.07706
-8.77733 -0.532644
7.85503 -0.533187
-0.616779 -6.19913
-8.69612 4.319
6.52083 -4.33255
2.80902 -8.77413
-9.09999 -3.56963
5.21701 2.34678
8.52479 -3.78426
-2.06615 -5.73744
3.69185 8.84788
6.28691 4.1051
-5.66592 -7.17711
-5.76206 -2.94388
-7.0141 -6.00751
-8.27743 1.1513
-5.39802 -4.60036
-8.72037 -3.21836
5.61242 7.97518
4.62699 5.86061
-0.710875 -7.68421
-6.40898 4.33664
5.95502 6.08831
6.21543 2.65536
8.60134 2.77255
-8.17534 -2.9545
3.7968 -7.12684
6.68398 -2.42387
8.98187 -1.69975
-2.70455 4.56951
3.31717 -8.3933
-6.24065 -6.60728
-8.49297 -1.28215
-0.881112 -8.85157
-8.27285 -1.80248
5.72939 -6.07874
-5.34566 -4.46612
-6.94909 6.62423
-6.5818 -0.310269
5.30699 -5.43355
-1.62711 -6.80281
5.16183 -5.08816
3.36221 8.70978
5.27834 -6.97565
0.297973 8.03632
6.46082 7.08559
7.51235 0.0361969
8.36051 -4.92139
-7.18639 -1.68447
9.16428 4.00132
-7.07119 -5.51866
7.83453 -5.11664
4.5955 -3.43471
-7.12317 0.833128
0.749043 9.17366
1.65805 6.77864
8.6831 -3.13474
-5.59336 -7.53404
-4.65625 2.35054
5.47145 -1.3008
-2.53513 -7.89932
-3.94518 -6.64445
6.70794 0.353645
3.71132 -3.76946
6.67215 -1.23165
-0.419471 9.95625
-5.34734 7.22449
7.04809 -2.78289
-7.80609 3.11481
4.36166 6.43736
4.75712 -7.00525
2.84252 -5.82323
4.06226 -5.52723
-5.08206 5.73457
-1.44403 -9.81909
-3.7173 3.39111
-5.62002 4.27499
9.76847 -1.40244
0.603711 6.5671
-6.77557 3.07581
-4.85715 5.83116
4.31651 7.50415
5.21934 1.38549
5.89734 -3.41555
-5.12051 -0.487961
3.02806 -7.33549
-7.58366 1.48417
4.49736 7.09082
-4.56857 -3.91314
-6.43942 -7.33635
6.42138 4.06407
4.89841 7.54321
-1.32957 -6.0022
5.06809 -0.548027
7.65135 -3.77458
5.52012 -3.41563
-6.46133 4.45817
8.53832 3.52528
9.34495 0.576708
-7.26731 -1.61912
7.43711 -4.49611
-5.48674 4.42653
-5.57076 -7.82569
-6.29629 -1.81098
-0.413274 -5.89497
3.24535 4.60118
-8.01843 -5.76374
8.90341 -0.316186
5.85544 -7.67655
4.0119 7.98097
-3.86673 -8.175
2.81823 6.06934
7.35881 -0.463475
-2.31495 -7.44856
-1.66046 -7.36588
9.26146 -2.68801
-9.15791 3.00347
-8.48721 -4.49328
-5.52661 -5.77115
-0.739801 6.15817
0.392301 -6.60376
-9.43878 2.3598
1.11461 -6.67724
-4.38053 -3.55276
8.76058 -0.926761
3.93149 -3.4447
4.92013 -7.45403
4.03797 6.20975
7.25802 5.56335
3.26714 -9.17107
-0.131349 -7.58734
-1.84001 -5.12481
-7.07597 -5.90346
-0.0824886 -6.38551
5.71221 5.08942
-2.15557 -8.65752
-6.87311 3.71911
4.20874 -3.7002
8.97117 -1.48366
4.05279 -4.68803
5.68308 -4.53372
1.74174 -6.53776
-0.181329 -7.59046
-4.37953 -6.7508
-7.61929 2.57127
-5.91401 3.24389
4.05691 4.40551
6.64274 4.46832
1.1986 4.86919
-7.69095 -1.8442
-2.58852 -5.3278
-4.32877 6.30592
9.38407 -1.94942
-3.89911 7.59728
-7.83503 -3.42913
6.66287 2.8713
-6.71069 -6.50512
8.47502 -0.367098
-4.38557 -8.2945
-5.57885 -3.786
8.72506 2.08343
-3.84086 6.61409
3.0851 -8.73142
-7.78215 5.46594
6.13454 3.21392
-3.61442 -7.47748
6.06385 -4.89733
-9.49482 0.622802
-7.68271 -3.2885
-9.86252 0.621259
1.49756 9.54038
5.15847 -1.55572
-7.04075 6.08593
6.2305 -3.90427
-1.54062 6.8678
7.08532 3.01688
4.73069 8.66344
6.44284 4.74449
0.695566 -9.61395
-3.59811 6.51964
-4.37291 4.51795
-6.87424 4.56564
-5.30971 -0.371688
2.38406 8.9331
-1.41285 -5.79421
-7.01219 6.12161
5.91196 2.34419
0.959712 9.87148
2.82308 7.57205
3.46924 7.57712
-5.03494 -2.19805
6.81128 -2.86748
6.2295 -0.757256
-8.47405 -3.31273
2.92695 -6.78775
-3.20908 4.9833
-5.70827 1.12574
5.48725 4.14836
1.4559 9.38305
1.0013 8.92168
6.7392 5.77428
8.39547 2.63029
7.33778 6.11115
6.60561 0.469555
-8.18359 -1.57264
-5.16937 -1.56175
-8.35733 -1.61199
7.30782 2.46691
1.42764 -5.65643
-7.58696 5.99882
2.08681 -7.06509
-5.00425 -6.37739
-4.75471 7.56697
-4.28728 3.65968
-2.04614 -9.51756
-1.6238 8.74031
-1.67874 5.43504
6.65646 -4.82768
1.10697 4.90206
8.88441 0.284832
3.9516 -5.37967
3.86315 8.02559
6.14175 4.33904
3.17657 8.56316
1.11076 8.50743
-1.60356 9.03898
-1.85097 -9.32639
-5.75393 -6.25854
-7.20685 -5.52113
6.364 -0.179211
-4.81612 -4.48257
-8.63213 -0.237212
-6.8202 -7.082
-7.11219 5.47455
-4.43559 -8.95252
-5.04708 -6.28581
-5.5663 7.11697
-5.15988 -2.15144
-6.64249 -0.260399
-0.774327 5.89128
-5.32662 -4.42882
4.80908 6.14928
-5.21121 -4.85745
0.832459 -8.86878
-6.01089 -4.99732
-3.26485 7.60528
6.71821 -7.09714
-1.62744 7.66582
-6.31619 3.7714
4.79723 6.96818
-7.95648 -4.52979
7.74449 1.61401
6.63076 3.2591
-4.28426 -5.56549
4.06873 3.17791
-8.86903 -1.78486
1.7903 9.55533
-3.63026 6.26036
-2.07262 5.53942
7.16636 5.00111
-6.42619 -4.91736
-6.00318 4.54584
1.85468 -8.39543
-2.07024 5.50634
-9.44713 2.11376
6.04318 7.74273
-7.97656 -1.96167
5.44192 2.33756
7.32659 -1.96198
2.8804 -9.18253
9.29752 3.36849
-5.76634 5.06041
-7.36958 -0.554811
-4.70864 1.95365
-5.00834 4.83963
-3.67033 -7.2715
7.95623 0.435038
4.83797 -8.17771
-2.76583 -5.25468
4.60811 8.53515
-9.77684 0.715778
-9.91853 -0.682782
4.4891 8.38189
-1.40729 7.75799
8.4596 0.481781
-2.71025 8.88651
-4.39789 4.59066
-4.77369 8.53692
1.56072 -8.93691
2.78403 -8.78328
-0.518268 9.47336
3.41945 -9.32253
-3.75268 8.69082
6.67217 -0.88526
1.44303 -6.95219
-5.4925 7.50242
-6.8234 -0.959505
-6.39954 2.87603
-1.37019 -8.795
2.35553 9.32677
0.593164 9.30938
2.79909 4.36659
9.20794 -2.1202
5.87638 4.34133
4.71021 4.54284
-1.24203 5.27273
-4.30269 4.71878
8.50217 -4.05799
-2.71592 -6.50441
3.95837 8.34045
6.84564 -5.24981
6.40713 4.66624
5.48126 3.4726
1.64529 -7.67953
-9.7876 -0.173529
3.49168 4.62639
-4.28002 5.77703
-5.50017 -1.41353
2.7303 8.1733
8.62741 0.941378
8.58805 -0.715845
1.21448 -8.28793
4.68467 -4.71943
1.51045 6.18242
7.93357 -0.40783
5.60703 -2.70457
1.81429 -7.3073
6.25229 2.19137
-9.56622 0.525931
-1.46887 -7.37139
3.61733 -3.60396
8.25018 0.851608
-7.42076 -0.645087
-1.9818 -8.11274
7.12694 2.43634
7.50519 -0.283743
-8.87156 -4.239
-4.94148 8.48508
0.310147 -7.35687
-6.94392 -6.51888
-2.83974 -7.55666
-4.70193 -5.28809
3.04358 -6.59295
6.42751 7.09572
2.17565 6.07343
9.67817 0.933552
8.05836 -3.08315
1.47241 6.73894
1.32171 -6.08296
3.65039 -7.89527
-4.84165 6.33405
0.395434 6.06551
3.04484 -5.39132
-1.77702 -6.31847
5.40716 -1.84378
-8.33244 -3.34499
-1.97694 -6.35724
-6.10427 5.53655
-7.19019 -5.45905
1.58776 5.44502
-5.47277 -0.825442
6.79276 5.86873
5.01802 -2.06993
-9.30697 -2.27134
5.65402 7.1683
-2.38266 -5.32486
1.35241 9.88452
-6.42562 4.62236
-0.326516 -7.75441
6.78639 -1.1301
6.41759 0.466059
-7.33959 3.49452
5.97756 4.86408
-9.46745 0.563653
-6.67691 1.21313
5.49553 3.33141
6.25458 0.642796
3.47919 -5.18981
-5.05781 -6.63306
-1.84889 5.65075
-7.82087 -5.29744
5.89666 5.11287
-7.94886 3.45498
-2.54828 -8.86058
0.205197 8.74244
-5.77464 5.56117
-6.57002 -2.31393
-9.58774 -1.2195
5.66944 6.35198
-2.2833 4.56079
-5.31001 -5.40796
8.47853 -1.37913
1.02417 -6.78418
7.32524 -4.75002
6.40527 -6.56207
5.83469 3.55946
4.95104 -7.93431
7.97987 -2.35309
-8.32286 -2.28911
6.93873 -0.821991
4.80087 8.16992
-8.21331 -1.18333
-8.15035 -2.85597
9.09852 -1.25013
0.580329 -6.41682
-7.42404 4.1535
4.07716 4.82643
-2.22596 8.26891
-7.59201 1.12388
-6.19104 7.24713
-8.50954 0.15796
-5.16195 3.08821
3.47141 3.90619
-8.73305 3.6358
-3.55057 5.51086
-0.802787 7.56159
7.59899 -3.82914
-8.91167 1.56264
3.32933 -3.96854
-7.04713 -1.04094
4.87867 -4.21815
5.52349 -6.73111
1.36781 8.76172
-1.81868 -6.55876
6.94944 -0.782784
3.75611 9.01065
1.97848 -7.75579
8.3846 -0.0365392
5.88554 -1.66046
3.63388 -5.34116
-1.74012 -6.26279
1.34873 8.103
6.37733 3.7282
1.92213 5.20876
3.62313 -6.08458
-3.55595 -4.81593
2.8662 -7.79099
-0.912394 5.39032
-6.70002 -7.20096
-6.5988 -5.97823
3.96331 -8.61739
7.50259 -3.90542
1.58943 -6.51122
5.99122 -5.61074
-0.873968 -8.77252
8.07155 -1.43239
5.80117 0.180929
0.880913 5.50313
-8.85443 3.62143
5.39816 6.94388
5.84738 -3.10248
-3.37999 -7.47939
-9.83512 1.19495
8.42603 -3.71194
-6.6429 -7.17625
8.7989 3.11096
5.85575 -2.33333
-6.37003 -1.17071
-2.66227 -4.68847
6.32163 7.64091
0.756344 -8.12108
8.97718 -0.51364
7.25745 -3.96901
-7.12806 -1.3414
-4.11064 -7.57822
4.34491 4.91268
7.40906 4.04732
5.49451 6.19276
-8.84148 1.22189
8.35708 -2.49247
-5.89892 -3.14198
-7.3175 -5.27606
5.31922 0.156721
8.21657 -4.03444
-6.79399 -6.57026
6.2036 3.97969
6.60346 4.31439
-8.04196 -1.25537
0.916862 9.70416
-2.16408 8.30651
7.46474 -0.0461758
3.92415 -6.74038
-5.60975 -3.02725
1.01692 -8.57813
3.54764 5.1204
-5.01195 4.22956
6.25543 -5.00067
-6.23299 2.10112
-7.49668 3.35384
8.03846 2.4435
-0.944269 9.66658
6.21286 -0.485937
-7.14824 -0.444989
1.06777 5.98579
3.10186 -6.99245
-2.18199 7.29527
-8.45108 2.76003
-3.4769 3.66956
-5.72998 -3.79141
0.0731017 8.62109
-5.32052 -2.06022
-6.18352 -6.46063
0.479977 6.97603
6.20245 4.61975
5.95683 -3.62208
3.7631 6.37332
-7.75733 2.61346
4.4424 3.3443
7.66614 4.79607
7.62452 5.3785
-3.58091 -4.32904
1.80951 -7.48141
-0.00323019 5.71028
-7.38266 -0.330843
-0.475623 6.21054
0.485055 -7.68242
8.09273 -5.48395
-4.34792 4.49313
-3.96353 4.89893
2.12017 -6.22732
-2.49575 -6.05286
9.58525 -0.734535
-5.33279 -8.23857
-5.56663 1.59515
-6.15544 5.49621
-5.25226 5.23652
-5.54638 2.01967
4.62447 3.44169
4.47739 -8.5305
-5.19887 2.51676
-9.28057 1.39536
-3.22322 7.38381
-5.72813 7.28022
8.20621 1.78611
-0.776498 9.40584
-4.0883 7.9579
-9.50672 0.47327
-5.75843 -1.97459
-6.90748 5.9014
4.83571 -6.16221
-8.2668 -0.12542
-7.94217 -3.97491
-6.29176 -5.62456
8.06462 2.14113
5.98795 -0.601002
-5.1229 -0.557406
5.17418 2.45808
-7.08006 5.35222
-5.25721 2.15053
3.92674 -3.31342
-8.7309 -0.215454
-1.13106 -9.73118
-1.4868 -8.60192
7.48863 1.44798
9.46266 -1.13597
7.77873 -2.89302
-5.93959 -6.71445
4.59373 6.89787
-7.83857 -2.85303
9.17581 -2.10696
8.32246 -4.45988
2.76505 -7.87155
2.84437 5.33057
-2.81494 9.27217
-2.6128 6.59357
-1.90924 -8.60131
-2.24505 7.45695
8.97014 1.19423
3.31598 -8.38279
4.03209 7.26143
2.89479 -7.18884
-2.83176 6.61236
-6.09223 7.87136
5.04091 2.63103
-0.3612 9.31429
5.21765 -6.97101
-1.81666 7.38107
-6.2785 -2.74255
5.91821 7.41241
0.385906 5.92688
-6.88423 -3.24299
-4.90192 -6.55121
-6.23943 -6.10923
2.12796 4.61721
-4.8762 5.70276
6.3071 3.41405
5.71421 -1.32654
5.054 2.52226
-7.42042 4.93511
6.6588 -5.51568
-1.95243 5.54755
-4.99827 -5.94723
4.97332 6.63087
2.62792 7.37775
-2.15831 5.34237
8.79045 1.1151
1.56565 -6.1513
-4.91532 8.25252
4.88599 -1.18277
-5.39396 3.74936
-7.57339 -5.89524
-1.21678 9.64665
-8.83683 -0.54995
3.83795 4.39377
-5.86256 7.9306
9.55083 0.881906
-1.75103 -9.50736
9.77697 1.54651
-7.76843 -4.04278
-7.08197 -6.68424
-2.03919 7.32466
5.47672 7.27695
3.73579 7.35253
-5.96309 -1.63883
-3.87548 4.73371
-5.32685 -8.38615
-5.95812 1.87416
1.3429 -9.84808
3.35313 -3.98754
-4.00988 5.99455
-9.21153 1.75103
-8.48843 -4.98632
-5.04824 -5.77394
-2.55105 4.52838
8.49262 -4.53864
4.432 8.54641
-0.432389 -7.16038
-4.57392 6.16986
-8.63209 0.528364
0.206237 6.23062
3.74321 -7.85288
-3.31603 7.4657
-4.06191 -8.55885
-8.65454 3.07369
-0.532248 -5.49929
-6.53576 -6.56519
-1.22132 -6.6448
-4.49531 7.26303
-1.24408 -9.312
-6.73179 -1.2173
0.764342 6.29665
7.85778 5.78295
-5.89976 2.6782
3.0102 -7.52402
3.75281 -6.47815
1.6913 5.62195
-4.54384 -8.36064
-4.40272 3.46846
-5.51687 -1.97291
1.58214 -8.89012
7.42762 -4.02741
9.15325 -1.29768
0.413302 6.36893
2.6831 -5.14286
6.19182 5.86689
-8.15641 -4.71961
-2.44625 5.81162
-2.41019 -8.0292
-6.72958 -4.12595
-4.82707 -8.51197
2.4933 4.87144
-5.64192 -3.79822
3.37663 -9.03263
8.60328 -4.72032
5.65453 -4.24148
-6.50639 7.07679
-0.464416 -5.43161
-1.38568 -9.16407
6.96975 0.549128
8.51548 -0.3669
-6.48579 -6.75492
-5.88657 4.3886
-4.13584 8.95619
6.68193 3.19802
-3.67067 7.05235
5.28074 -6.65607
-7.30989 2.60823
-3.54572 7.13035
1.30257 -7.65298
-3.61959 5.51427
-1.61903 8.94212
8.09437 2.02511
-4.05734 8.33976
6.40588 3.61534
-5.53376 -5.92501
-1.63655 -5.46554
0.628852 9.11184
0.727378 5.04698
2.50803 -7.47108
-6.50468 -4.09478
-1.02179 6.7727
7.17782 -2.36111
0.824975 5.36146
-6.66112 6.48182
-0.135181 8.02011
-6.03003 -6.71495
1.89738 9.22002
0.800185 8.70904
-7.09797 4.42769
-3.80382 9.12069
-2.54612 7.36283
7.07308 -2.69642
1.32295 -5.21254
-2.3535 4.73468
5.08093 -4.82011
2.4902 -7.13556
-7.39791 3.27527
7.38498 -0.601957
5.73079 -2.57834
5.80156 6.74694
-4.17635 8.14424
0.26025 -5.97707
3.39713 -4.5049
6.19024 -0.589839
6.57199 -4.57646
-5.21727 -6.63171
6.89633 6.68241
3.63366 -9.04475
4.85737 -2.15887
5.48258 5.64972
-5.18993 -7.11067
-8.99489 2.87509
1.72115 7.33276
1.70798 6.09382
-1.10236 -7.39611
-6.49163 -4.77018
7.64558 -0.799174
8.28326 -3.31793
-4.37636 6.55476
5.85148 5.76472
-4.75012 4.64998
-7.85719 4.12961
6.40071 -3.20132
-4.60685 -7.32897
1.93683 -7.64686
3.87794 -3.43678
7.43964 -1.9047
7.7601 4.0616
3.24929 -9.21169
5.55008 0.244574
-1.62285 4.84118
5.7513 2.04018
-2.91736 7.90921
-6.52501 -5.86669
-1.52279 6.38827
-2.83851 -6.87907
3.39586 -5.80264
-4.96188 5.75898
-5.83594 -4.6282
-6.19399 -2.35499
-0.279177 7.87586
9.51135 -2.69466
-9.07224 2.77867
1.09154 5.55935
-4.0628 -3.50096
4.63588 -4.70896
-3.4143 -4.14647
-9.73876 0.657174
5.12742 -3.39705
4.6162 4.52129
3.55605 6.46557
6.80577 4.57615
-8.59139 4.46929
-4.56438 6.41352
-7.98258 -3.2939
-5.48716 -2.77953
4.50324 5.9878
-3.09323 -7.93186
9.22249 2.32909
5.04351 6.31109
0.0565223 9.97041
-7.2526 5.59992
-2.17254 6.19717
4.90472 -6.37318
6.03511 -7.87776
-1.58444 -9.68418
-1.98654 -7.7113
-8.53801 1.58205
-6.8296 -5.13709
-0.318583 5.57452
6.22282 6.93904
4.46159 5.96164
-2.67707 6.49075
-5.45009 0.272565
1.00238 6.98823
-8.79989 0.212146
5.533 -6.82352
-2.89731 4.84411
-5.00174 -4.3202
2.95802 -4.54837
-4.46331 5.10771
5.35093 -6.90056
7.26575 -4.55993
-4.98444 6.52803
8.19452 5.36225
3.27802 -6.28902
-0.369549 8.99077
-6.04899 -5.42349
-4.28053 -2.89334
8.83572 1.86653
5.72637 3.12327
-5.81974 7.61863
6.25831 3.48604
8.73349 3.79784
-9.64962 -1.13532
-1.38112 7.46658
-0.694397 9.27535
4.45953 -8.66582
-6.3592 0.966908
-9.18404 3.8651
0.802897 -5.70924
-5.76145 7.27689
2.61286 -5.68931
-0.214718 -8.75976
4.56309 -8.14562
-3.51678 -6.45267
6.55364 7.03313
8.64743 -2.58892
8.01556 -2.4791
-6.24482 3.32543
4.72271 -5.4954
-1.16774 -6.12804
5.99915 7.67906
1.94605 7.20208
5.3118 -4.53957
9.6174 -0.300885
3.02883 5.62654
5.30107 -4.98121
-4.36417 -8.61976
7.61253 3.77295
-4.6858 5.69165
-0.472021 6.74641
6.86105 -6.29998
-8.36335 -2.8863
4.50953 -8.29595
0.0446762 -9.12647
-8.61424 0.463322
2.44477 9.32761
5.80186 -8.07905
-6.13754 6.44358
5.6025 1.2671
0.723915 6.8346
9.0738 3.41384
8.45931 -4.38559
-8.69145 2.82453
0.129146 -9.45079
0.51116 -8.93334
1.8699 7.41946
-1.09641 -7.36291
-8.17424 -4.38816
8.26086 0.266897
5.73418 -5.67625
-3.838 -5.2722
-9.947 0.771522
6.97175 -5.72532
-5.52991 -1.16963
2.02255 -7.0297
-8.17961 5.23418
7.39475 3.50887
-6.46773 -3.12263
-7.84946 -5.90273
-7.10502 5.90907
1.38949 -6.87305
8.35628 3.9989
9.53072 2.86759
-4.37653 3.64398
6.44518 4.08969
-4.64361 -5.20189
-8.11562 0.730717
1.16095 -7.96305
5.06361 4.16715
-2.6662 9.21972
-3.96643 -3.8149
2.97801 -8.61431
6.26975 -4.25764
6.55437 -0.729091
6.16169 -0.464766
6.36873 -0.80433
1.61874 6.13885
0.479165 -6.6791
4.33121 -5.3222
7.06976 1.5202
-6.00267 -6.82011
-5.65744 -4.60399
0.7553 -5.67735
0.780063 -9.48449
-5.89148 1.90868
-0.754017 7.23461
-7.83489 -0.991839
5.33944 -0.0184128
6.8385 -5.3179
-6.34464 5.55519
6.09421 5.38539
-7.83126 0.0962601
-2.15682 -9.6253
7.60792 6.38831
8.37777 5.17222
-6.32917 5.5741
3.90632 -6.52899
7.3077 0.442389
-4.7674 -5.64117
8.2502 1.05228
5.60029 4.05976
-7.63137 -0.49312
-7.86826 -1.88878
-4.79392 8.6039
5.67357 -4.27054
4.96272 8.38781
-7.3586 4.0312
-7.55999 -0.737635
2.56409 -5.27859
2.67349 -6.62012
-4.28193 -6.43834
-4.3129 -6.93056
0.033709 6.54657
5.07074 3.89323
-6.5215 -6.79451
4.65606 -5.53665
5.49499 -5.62587
6.06642 -1.64303
5.66043 -5.21881
7.46582 -1.92046
6.11327 5.81213
4.39864 7.86125
4.02538 -5.3572
6.88391 -2.1378
-4.89927 -2.02183
-0.947744 -8.73175
4.54878 -8.70881
-8.91058 -0.155742
2.44865 -5.49642
-0.283782 -9.52193
4.9708 4.25624
-5.34088 -4.22831
-5.12736 4.41354
-1.63921 9.79502
4.86293 -8.71249
9.14261 -0.164185
0.538734 -5.50161
-5.64272 2.78426
-5.00737 1.203
7.82301 1.31862
0.588693 -5.83206
0.602864 -7.66813
1.77234 7.66738
5.59089 6.15838
8.87611 0.746772
-8.99523 -2.87322
-7.64091 -0.786711
0.951128 5.60566
-5.59263 4.59495
-8.34652 -0.0348998
-6.56157 -0.246542
-3.62965 -3.46674
-5.5719 -6.91467
5.14616 -8.52813
-8.53097 -0.0904429
-0.0732041 9.65914
1.20696 5.34672
9.64493 2.27808
7.67384 -5.79616
-3.07802 7.72056
6.1299 5.25405
4.80109 -8.10082
-6.20466 -1.69405
8.1361 3.48725
2.48162 8.57061
6.18663 -1.37741
-5.59666 -3.10674
4.97148 -4.36077
8.4797 -1.62349
-6.02949 2.39432
1.35975 -6.63338
-4.63294 -5.81305
0.0494299 -9.23082
-2.47323 -7.49294
6.09018 -2.42103
6.48422 0.27252
-0.121789 -6.90541
0.819529 -6.16871
2.5433 5.16179
-5.81898 0.363556
3.21972 -6.11085
-4.98994 -5.92644
-5.61279 5.88973
-1.39529 9.40955
0.647848 8.38481
7.20186 1.6428
-4.92602 8.3365
-6.2058 -0.918428
3.97482 4.79802
-0.10531 -9.94288
7.69885 -5.38912
5.07129 -6.88089
-7.14608 -4.1286
-1.03698 -8.49138
5.37196 6.5461
0.340019 -5.29982
5.87354 -3.35116
-0.634933 8.67766
5.43417 -7.91107
1.0655 7.91473
-7.40273 2.37956
-6.6546 -3.89376
-6.11317 -4.05448
-3.64217 5.98201
-0.378757 -5.77662
-7.62295 1.03722
-7.44579 -1.47538
3.28876 -5.88353
5.15233 -4.85425
-5.36814 -2.32855
4.32632 -7.46981
-5.02067 -2.34331
-2.59567 -5.34251
8.4129 -4.40413
-0.223364 5.92162
4.70785 4.8561
-3.51829 8.17456
-5.70386 -4.74274
7.24799 -3.07127
-3.45659 5.12231
-9.33998 3.00798
-4.93986 -4.21247
0.933817 -5.3404
2.82703 -6.07286
7.4889 6.00386
6.90993 -4.73266
-1.87026 6.61434
7.20975 -5.68631
-8.79269 1.33632
-0.822611 -5.62746
5.86189 0.816492
2.78662 -5.32626
1.46569 -6.19041
-2.14626 7.81728
4.95582 -7.50475
7.62879 -2.91427
-0.166116 8.09029
-6.43277 4.46725
-1.14286 -8.04496
0.263371 6.47119
1.25361 9.44969
0.876325 8.39633
1.74143 8.2228
-8.79641 -1.23957
6.57232 1.03129
-7.12541 3.27047
7.04326 -3.85688
-2.52551 -6.23455
-4.14742 -5.75496
-3.53399 4.17187
1.38696 -9.3682
4.9125 4.46306
-9.4069 -1.68871
-2.21503 -7.98015
-2.44338 -5.92598
2.01135 4.74142
9.09287 3.8722
-6.96834 3.03783
-7.10647 1.50927
6.30109 2.49035
-4.6078 -3.3231
8.68223 2.20459
-7.43962 2.35221
-6.42938 1.45073
2.36526 -7.15768
0.922645 6.90141
-8.06557 1.92391
-4.81687 2.82869
1.851 9.75731
3.09965 -4.2023
-8.07269 2.23932
-3.8113 3.55113
2.10424 6.04355
-6.07522 -6.2777
-9.31767 -2.05227
7.44578 1.3032
-5.73101 -1.09849
-9.65563 -2.19238
-7.28599 4.41637
-4.91276 -8.68617
-8.38359 -2.94314
-5.39616 6.77885
-7.93356 0.651073
2.58743 6.91799
-9.37952 -1.59321
2.85904 -8.0837
-6.97294 5.87703
-4.82385 5.62412
4.55088 6.69424
-6.16058 -0.931954
-3.35428 4.54245
4.99485 8.52766
5.78315 -2.62725
8.07015 -5.01136
-5.98544 2.69043
-1.89054 5.68095
-0.33263 9.48349
-0.249101 -6.63555
-9.257 -2.41395
6.94504 5.34991
-5.34535 0.644028
6.93205 6.92972
7.75123 -5.15471
4.73702 -4.88103
-6.82599 -4.40791
2.89908 4.91926
-2.27476 8.15791
-0.173026 -8.04817
-2.60337 5.22812
9.0877 -2.98046
7.35494 -5.54381
5.26803 -0.189008
3.34003 -4.06661
-1.57865 7.64925
0.869485 -6.56129
4.37884 -4.79685
-5.15995 -3.20018
-0.808797 6.54492
0.42911 -7.95588
5.48545 -5.97878
-5.36729 -7.96842
-5.16253 -6.5927
-0.600234 -8.12619
7.94925 3.0287
2.70418 9.14231
-5.12062 -2.3425
1.2928 8.13993
-9.39719 1.43458
0.160964 5.32737
-2.96368 9.41384
-1.53575 8.6136
8.75945 0.158783
8.66662 -0.163168
-1.14517 -6.91744
-1.44422 7.01906
1.62941 5.4272
-5.1313 -1.74996
8.42285 2.84961
-6.66034 -0.316196
-7.46849 -2.97285
-4.60957 6.90132
8.96048 -1.25787
7.97264 -3.91961
3.10618 5.57755
4.89718 6.96893
-3.59929 6.68308
7.67438 3.38104
5.1158 1.28495
-3.76117 6.05884
-9.00936 -0.303816
-6.23221 -4.7811
-4.01056 -5.47953
5.53067 -6.07527
-6.99694 2.3596
-0.833783 6.60151
-8.43818 -0.531562
6.03177 -4.02022
-7.90769 -4.46294
-4.58447 8.81479
-9.9042 0.191576
-4.65547 -4.53216
8.06589 3.44341
6.39264 1.0525
3.82066 -6.20495
-6.6353 0.438181
4.51103 -3.18693
6.48171 -1.84102
5.9023 -0.0496891
4.87576 6.95563
3.35536 -6.54259
-1.2359 8.15286
5.07125 -7.54457
-2.92661 -7.52358
-8.77598 2.12516
-1.61756 -6.27599
-0.634808 -9.21251
5.3911 8.17169
1.5283 6.08842
7.10816 6.86961
-2.38902 7.74424
-2.49484 9.29199
-7.43515 -2.6394
-0.375546 8.19496
-7.25138 6.01172
-1.09803 5.32588
-7.88722 -0.564766
-0.474118 -8.50763
-7.73639 -5.58592
2.97819 -5.60053
3.07322 -8.31682
-7.50541 -3.48168
3.41092 7.40639
-0.809987 6.54166
5.62715 -4.48677
1.22756 -8.36211
-1.91508 -6.69045
-6.38989 5.05703
-6.51727 4.16499
-2.18089 5.74092
7.70029 -1.2803
1.96615 5.08992
6.23931 4.03556
-5.43125 -3.08506
1.69752 -9.78974
-2.63637 -9.44999
-5.94061 -3.86829
5.72813 -7.30557
-4.76542 7.66691
-2.16128 -4.65154
-7.72789 -2.70647
-6.8294 -1.67157
5.88129 6.90843
6.13238 6.97016
7.51945 -0.612455
6.47591 0.681555
-5.10752 -2.05399
-1.25485 9.77772
-5.84286 -0.930397
1.1654 6.89774
-9.68524 0.195013
-2.42432 -5.60098
-7.17664 2.16621
7.46626 5.4573
0.852865 -5.90116
-5.44096 -6.16906
-3.41007 6.9971
0.32453 -5.6188
4.90264 -1.34484
-2.67894 -4.92367
-7.97309 -3.75618
-7.66195 5.55892
7.4168 -5.88203
-7.66924 3.03022
-1.65855 4.81756
-3.7453 -7.27015
-9.33884 2.08146
3.17287 6.40614
5.03318 -7.3249
-5.18492 -3.01617
7.16946 -2.82581
6.56167 1.9541
-6.14232 6.07053
6.95177 -1.53589
6.30232 3.01986
-5.20497 0.109658
3.01628 -5.39961
-6.00554 4.81183
2.35427 8.20105
-4.88279 -4.98088
6.26744 -3.16596
9.34237 -2.81644
-9.04634 -1.7886
-0.973895 -8.25971
8.44558 4.82792
2.91969 -8.71006
5.67712 -4.61561
5.44528 -1.16482
5.24735 -7.79062
-7.77518 2.60666
-9.91369 0.537557
-5.28386 -5.81754
4.54766 -7.42682
-2.57697 8.81938
7.27414 -3.58745
5.70124 0.671514
6.12747 4.43609
-4.4036 8.6591
5.23683 -4.66986
-6.28651 2.62073
6.6103 -0.721098
0.512432 -7.54763
-7.47162 4.55104
9.25942 2.99179
-5.28236 -0.689263
-5.4254 -4.75612
3.91286 3.50272
-2.10658 -5.26634
8.66541 -0.467118
5.12774 1.98013
0.119856 -5.5831
4.77584 7.57942
-6.34287 -4.59707
-2.98164 7.62685
4.52287 -4.17973
1.13323 6.26311
8.57259 -0.487285
8.5927 -2.53402
-9.21528 -1.15279
6.78372 -6.01198
-3.33607 -9.37513
7.41457 -3.26609
5.5647 5.97879
5.59785 3.07165
5.29532 -1.57441
6.53463 7.48075
8.95568 -1.82126
-3.10136 -4.61877
-7.72441 -4.17462
-2.81852 9.13106
5.77723 -2.05641
7.36255 2.30729
7.936 0.366458
7.20192 2.71846
5.38313 -5.67519
-2.98604 -6.35597
-4.81921 3.59745
2.38037 6.95874
-4.43431 -7.43486
-2.0666 6.70416
-6.05489 -4.47402
5.22676 6.08976
-1.61442 6.49361
2.60048 6.29503
0.591027 -6.60943
-4.61808 3.96458
-7.22652 3.95439
1.4491 -5.043
-8.56437 -1.3341
-2.15199 -8.53347
-2.01552 5.14949
7.50868 -1.68474
-0.638347 -8.70043
-8.07507 2.34189
7.585 1.05812
-5.45645 -6.61294
-6.22206 5.89996
0.649102 9.45731
8.18734 4.55566
-2.95984 -6.03489
-8.38217 0.862638
6.51872 0.0677993
-4.37166 5.52549
6.85669 0.371475
3.37439 -6.55303
3.29314 7.80455
-8.94292 -3.65435
1.25843 -9.51781
-5.80355 -0.33083
-1.40114 -8.96102
-7.85766 -3.65966
-0.737148 -9.24968
0.617048 -9.2716
-7.75513 -0.406944
5.74284 -0.165267
5.83958 5.89474
-7.06211 7.0503
-8.82976 -1.6998
-8.57387 -1.06857
0.530319 -6.9263
-1.31326 8.04814
6.50956 6.21202
-4.19038 -7.64861
-7.77746 4.16635
-4.15027 6.3544
-1.67493 9.42061
0.701703 -6.48322
5.13129 1.54788
-4.72854 7.42097
4.31393 4.26613
4.17395 -8.34454
-6.7398 4.12751
5.57 -5.02224
7.82751 -3.03608
-7.36619 -3.4879
-1.14186 8.83307
-1.50835 9.21844
-5.68722 -5.15039
-7.19595 -2.38378
-4.13193 -5.41563
-0.56484 6.73939
8.90233 1.41863
-2.93715 -4.74435
-3.46231 8.92089
-6.57032 -7.38823
5.98454 2.21594
3.37384 4.11888
6.03421 -3.06687
-4.86216 1.73072
8.18343 -1.05498
8.91771 -0.131018
-2.02592 -9.71054
-4.99989 6.85254
4.77948 8.66893
-1.2658 5.69588
-9.32719 -2.14426
1.48193 6.85925
3.45235 3.65225
-2.80083 6.40161
-2.46512 8.71625
-6.02952 1.93382
1.6763 -6.45053
5.88797 -0.872237
0.319658 -7.50782
-3.91302 -6.06413
0.0877172 -5.73751
1.14408 8.50434
-7.50995 0.339416
4.5655 -7.66983
-0.399131 -8.18732
-4.23823 8.1464
-3.50256 -7.60268
1.82363 9.81693
6.69234 -1.87887
1.75122 -7.26442
-8.22515 -0.127128
3.36715 -8.35246
0.157604 8.85682
6.26724 -6.50594
-4.18793 -6.56268
-7.09097 2.06429
4.77591 8.74493
-1.01107 6.94965
2.73658 -6.33131
-5.01352 -2.22857
4.34732 5.42291
2.78502 7.86764
-4.71311 6.75242
7.84673 -0.0197485
8.08705 -1.0339
3.196 -4.87532
0.551262 5.06028
-8.47408 -3.79891
-8.20045 -4.99036
6.98647 1.65854
-4.95374 2.57174
-3.84433 8.40156
5.01689 -1.1179
-6.21005 7.61054
7.08841 -5.14172
3.14708 -7.01866
6.06303 1.27081
-1.48931 9.11267
-3.28844 -8.77152
-3.01107 -7.12052
5.36877 -7.08863
1.35485 -9.02125
-7.71457 1.19985
5.89082 6.94328
-4.30217 -6.56766
7.59186 -3.6399
-2.38789 6.71223
-7.51149 -5.64914
-5.07532 -0.926928
-4.52057 2.86156
-5.73255 -7.00439
-2.8562 -4.1922
1.87156 -4.716
0.975215 -9.55926
-2.53309 6.43245
7.59481 5.90759
-1.7867 -9.15047
-7.70781 -5.20275
-2.57562 -8.48666
4.31577 -4.82551
7.8015 -0.120331
-8.59547 -4.04572
7.51342 -1.97568
-5.18722 -1.64885
7.70888 3.07066
-8.17047 -1.13951
3.07554 -9.40318
-5.23955 -1.11644
-8.68184 4.31117
-2.09024 9.30273
1.10874 -5.47169
-0.276726 9.06056
5.51698 3.8121
5.73677 -2.02452
-6.17336 4.37493
5.40293 7.01562
-4.70728 4.78192
8.66046 -3.69101
5.24272 -5.65314
7.71698 -0.636561
2.07092 5.88244
-1.01442 -9.3581
4.14433 -6.29384
-0.633785 7.96919
-1.81032 -6.12818
3.58815 6.02454
-5.49581 -8.00955
3.53756 -4.17351
-4.26627 -3.1729
-6.91861 -1.09169
-8.07505 2.55618
1.72619 -7.89874
5.90665 -6.87674
2.68752 9.13971
-8.89022 2.05429
6.43504 -6.32606
4.55428 3.82048
-9.21043 0.223293
-7.11765 -6.31264
3.53856 -7.39487
-5.24679 -2.72209
9.76615 -0.372902
-3.38145 7.88711
8.87465 -3.6848
1.72969 -9.14931
7.46713 0.0348526
5.76782 -0.315932
-7.68132 0.0739923
-1.99363 -6.97922
0.22558 -8.67186
-2.00582 8.14725
-8.41883 4.67239
-7.57675 -2.47065
-4.21046 -5.21854
-8.08348 0.9889
0.445364 5.23074
-7.00464 -7.05067
-6.01319 -3.65474
-5.14995 4.7105
-0.726448 -9.41537
-5.02379 5.17431
1.60367 -7.08849
-6.12841 -0.228607
0.877503 8.19126
7.1741 -4.91431
5.24263 -7.06345
-7.44242 -4.77506
-5.26914 1.64552
0.155333 -9.31347
4.22496 8.82916
-3.654 7.29147
7.70156 0.115113
5.62395 1.79851
7.48491 -1.11336
-4.4986 -8.00491
-4.26999 -5.64345
-1.53705 6.8037
9.77448 -0.304684
-0.829016 6.72099
-4.23607 4.41144
2.73505 8.01353
-6.46292 -2.36342
2.08441 -7.28246
3.74322 -7.62263
6.5257 -2.62573
-6.87528 7.1263
-8.33228 -0.599028
-7.87076 -3.93407
-2.08415 -8.3894
-0.715626 -7.52209
-3.82974 -6.43664
-0.615746 -8.83961
-7.35899 -2.62794
-7.80241 4.91792
-4.48715 4.38978
-0.939787 4.99773
-3.11493 7.42179
-5.24831 -8.42546
-6.63767 0.627945
-6.12517 -5.66723
-9.14119 3.95854
-8.8322 -2.74942
-9.53419 -1.2077
2.24238 7.60278
0.00429279 -7.85113
3.38466 6.00386
6.86141 -0.26695
-6.62325 2.98352
4.05288 -3.23327
-0.430402 6.24037
7.19224 0.0254576
4.73571 -6.91226
5.60958 0.251862
-6.94735 -4.18122
6.19855 -0.888991
-1.2789 5.53683
9.57808 -1.1606
-6.21726 6.43565
3.95043 -5.0957
3.90241 7.76989
-9.06036 2.47208
8.2634 2.9336
5.03229 -2.36546
3.76072 6.41579
-4.21564 7.77164
8.4307 -5.18654
-7.91798 2.49055
-3.04688 -8.93232
-5.46561 -0.580948
5.61109 5.56782
-1.66405 -7.64552
6.00112 0.756896
-8.25163 -5.12134
5.71681 2.44447
5.16581 1.81697
-1.51189 9.65147
-7.68505 -2.59394
3.68862 -5.31576
-7.84451 -2.73753
-9.73763 -0.367793
-8.83654 4.1933
-3.21744 4.45489
-6.6631 -6.69432
8.55012 1.94722
6.88774 2.31032
-2.2057 8.84651
3.3245 -5.13456
5.81872 -4.81739
-5.80927 3.59423
8.1632 -1.06862
-0.303815 -6.22376
-3.64542 -8.62194
-9.00361 -3.66115
7.09863 6.64317
7.78248 0.120674
8.16939 2.97717
-2.74842 7.38689
-3.29299 -5.26239
8.12646 1.36307
5.86703 7.21147
3.16842 -8.39877
-0.446751 -8.54612
5.41074 -1.65258
5.11937 1.17906
-6.28754 5.31804
0.237515 -8.07951
7.62777 -0.011445
7.64342 2.92764
4.83504 2.47108
6.95223 6.20016
-7.89557 -0.78685
-4.5864 -3.67827
3.72666 -6.09768
5.54492 -6.59212
6.1821 2.52821
-8.29659 -0.764801
5.99531 3.20543
5.52502 -1.04137
2.95207 -4.48782
-6.77203 2.49752
5.44313 2.75421
5.58216 -0.653197
3.68441 3.9024
-8.25404 -5.63688
0.741701 5.77279
3.2603 -4.13011
5.28502 5.34747
-5.15113 4.94783
-6.68676 -4.42039
6.52506 6.64808
-5.74444 -6.7529
3.72368 3.81356
-5.54253 6.7558
4.70061 3.08844
7.3896 -3.01556
4.01764 4.49435
-6.31191 -4.257
-7.36804 5.27565
2.23307 -8.85933
1.26658 7.45336
5.77771 6.03167
-5.74422 -3.05166
-9.20332 -0.158949
8.54406 0.0954743
4.63587 -4.9043
-6.59749 -4.05531
1.3038 -7.01406
-5.31848 -7.69057
7.49081 -1.88361
2.23922 -5.42306
-5.34096 -5.47849
3.02636 4.01937
-6.41128 5.55651
8.32251 -3.61949
-7.30446 -6.12347
2.786 4.37987
-7.5563 1.24142
-7.68277 -4.34757
-3.03829 -4.52219
-4.39862 -7.63319
8.98576 3.69629
-6.41322 -6.98209
-7.92397 1.91717
1.99374 8.81482
-3.30662 5.69704
-8.70935 1.90486
-9.77224 -2.03498
-1.96519 -9.02269
-4.42176 3.4667
-7.34105 -1.0064
5.43013 4.21474
-2.84194 -4.46018
-0.750479 6.70782
-0.931151 -9.85975
-8.56887 2.9486
3.07217 -6.07627
5.60449 -5.29583
-7.04821 0.723461
1.5431 -5.04963
-9.1142 -2.43512
-6.99979 -5.44981
5.03992 5.93065
-3.58581 -6.65853
9.934 0.756319
2.13528 7.66934
6.90894 -1.42975
4.6723 7.37871
-6.09484 4.02178
-5.93424 3.21226
8.37626 -0.175194
-2.43752 -7.46775
9.47828 1.48834
-5.47949 6.20436
-3.30246 -4.49081
-2.79449 -6.99917
4.96599 3.42065
-7.8703 3.83109
9.17099 -3.15574
1.40374 -7.39179
-7.83496 -2.1287
2.98175 -5.74837
7.17704 4.56916
-6.54933 5.38568
-3.58371 8.65592
0.116314 -5.10922
-2.76101 -4.37244
6.70354 6.35219
1.30932 5.66706
-7.10988 4.29209
-2.79122 7.98874
-2.51636 7.48348
2.05312 6.79257
2.76401 -5.22934
-9.55444 -1.48931
-0.598996 -7.32401
5.29581 6.59616
8.09935 5.82126
-2.03297 -8.18283
9.77343 2.00882
-5.40355 2.45525
5.36347 3.87483
-4.22536 4.3284
7.48135 -0.935621
-4.98334 4.96821
0.661017 9.71782
7.44547 -3.95722
-2.83068 4.73056
8.23094 -2.66999
5.43857 6.0057
-1.07154 -9.29016
4.72491 -8.3718
-4.82346 -7.84274
7.03491 -4.207
-7.04952 -1.36537
5.75677 -5.98981
9.23667 0.721865
-7.62209 -4.45379
5.19813 5.00722
-4.89473 -5.64852
5.29634 -4.41933
4.40393 -3.16718
6.33882 -3.405
-7.81349 -1.37455
-2.13513 -5.10338
-8.03975 -4.046
-1.0847 9.42379
5.67713 -4.45063
-1.73815 6.99537
-6.56037 -0.175192
-4.44893 6.83045
-9.37226 0.402196
-0.299207 -8.7787
5.01793 -3.70251
-8.08958 -1.54155
4.41431 -8.64885
-1.15347 -6.31118
-7.32753 6.13362
7.73274 4.11761
-1.11431 -8.28211
4.68942 -4.90283
-0.744515 6.93731
-3.66915 -7.44746
3.29591 -5.56156
6.86 -4.00574
-4.41149 -3.96765
-4.10977 7.13754
3.84081 -7.44306
4.43238 -4.98431
8.70329 -3.80106
-4.37487 -8.43169
0.942877 6.93743
-2.64598 9.04787
7.61687 -3.27919
6.71981 -0.220605
9.93272 -0.735673
-4.46326 6.05361
3.00801 -4.44132
-5.25537 -7.00716
-9.32699 1.25239
8.88199 -0.430915
-2.39039 4.63329
-8.32171 -3.00024
-5.02862 4.05509
-6.08399 6.30324
-1.40269 4.9778
1.83085 -8.93414
-4.58095 8.04068
-0.323178 8.35518
-9.48787 -2.56691
-2.13793 7.74478
6.43928 4.93867
4.16445 -8.13192
6.74706 -2.1573
2.26283 -8.67873
-3.41604 6.68903
7.49683 -0.715417
-4.01932 7.22272
-7.33951 4.89027
3.66361 -5.67585
6.03889 -4.42704
-7.77199 -3.88743
3.95948 6.99538
-8.61895 1.33309
5.3001 -1.26272
7.42038 -5.61444
-1.94116 -5.02395
-3.70495 -9.02024
5.11664 -4.67783
-5.83252 -7.10079
-2.94375 4.34159
5.20343 -5.96297
0.31588 9.00248
4.71899 -8.00727
0.478721 5.8572
-5.54787 -3.0485
-7.1848 5.02552
3.95841 8.95701
0.456183 7.07439
-0.696962 6.15315
-3.98817 -9.1589
6.44365 -1.55654
-0.821579 -8.28219
-6.72709 -2.22513
2.18309 -8.73801
0.331298 8.13153
8.41447 1.96901
-5.2506 -6.76261
-5.45039 -4.669
8.04295 -2.2122
-0.493189 -9.02156
-5.87257 -0.224738
4.71616 4.45755
4.84477 6.10951
-3.81236 5.71922
-4.70233 7.85914
5.76396 -5.17024
7.63707 -3.72996
-3.31364 7.67273
-4.45986 3.11128
5.57387 -0.00232827
1.76199 -6.22531
-5.87226 4.88713
-1.94368 -7.44115
-3.36368 6.70634
6.25363 4.82821
7.70145 -1.75226
9.79361 1.26565
-8.29752 3.53566
3.82305 -5.95879
-2.22357 8.3994
8.65245 1.70327
6.82444 -1.58957
4.09803 -4.35281
3.65255 0.454236
3.12497 -0.870027
-2.19206 -3.855
0.408467 4.31369
0.880015 3.69098
-1.366 -2.76815
4.04756 1.0136
-1.82313 2.13259
0.488984 -1.83244
1.07938 -3.77845
-3.71194 -1.57124
-2.96014 -2.18319
-1.19392 2.04992
-3.93698 0.389732
-2.94618 -1.23126
-2.56498 2.24999
-1.91611 2.13144
-4.36178 1.39364
-0.176 4.31319
2.4649 -3.91195
0.118822 1.20183
2.41663 3.06862
-2.16773 3.59521
2.52999 2.38223
-3.9444 1.68212
0.300461 2.08222
-2.53158 1.64001
1.97168 -2.8807
0.324402 -3.5362
1.93872 -0.564542
2.04848 0.525206
-2.18403 2.76915
2.67086 1.85965
3.60568 -1.50907
-0.24789 -2.54849
1.6981 -1.63589
0.869793 0.162241
-0.649597 3.68483
-4.04274 -0.366541
-1.47735 1.69882
-2.37012 1.53719
-3.87055 1.82662
4.40153 0.714162
-0.190677 2.19746
-0.619839 3.72664
-2.94929 -2.8934
0.890532 -3.60485
2.81551 1.62553
-3.46677 -1.76087
-1.65085 -1.76716
-2.27568 2.54571
4.49092 -0.842749
0.934387 -2.5321
2.13413 -2.17673
-0.838939 -2.28179
1.57827 -4.128
2.06188 1.26046
-0.515371 -2.99057
0.21671 -3.81714
3.53804 -1.1538
0.363751 -4.42868
-2.12224 0.503879
4.25676 -1.51347
0.235134 2.40115
-2.52476 -3.0132
-1.67571 -4.06862
0.809978 1.92511
-4.03683 1.70779
3.65835 -1.27171
1.73942 1.27145
-4.02907 2.15311
-0.695109 -2.0569
-3.64523 -0.40998
3.3276 2.11931
0.826322 -0.242193
-0.998275 1.43226
4.65247 -0.448596
3.15879 -3.09756
-1.39667 4.07035
3.19765 -1.59934
-3.7172 1.47699
1.74183 -3.74265
-3.57649 2.33226
0.814163 -3.84337
-1.02154 -1.20762
1.96259 2.8748
-3.24479 1.25778
-1.05566 2.32886
1.47542 2.56202
2.18425 1.8942
4.17715 -1.01828
-2.8405 1.99148
1.97169 -1.81991
2.48203 3.26943
1.81759 -4.10292
-0.28543 -3.35295
3.00463 1.82971
2.85153 3.46141
-3.2862 0.201841
-2.55419 1.61271
3.25123 0.421084
-2.90123 -0.450453
-3.29247 -0.52009
-3.20647 -1.67687
-3.93899 2.42231
-0.797353 -2.33757
1.66376 -0.74747
-1.87444 -0.392934
0.399498 3.89874
-2.21898 -1.81404
-0.311062 -0.794232
-0.338809 -3.5039
-2.58185 1.84567
-2.2109 2.65231
-2.84153 0.04935
1.41195 0.441346
-0.4726 0.421399
-0.551208 -0.798293
0.105528 -0.813912
2.03858 2.60469
-3.42029 2.40254
-2.83251 0.191407
1.9598 0.201687
-0.837728 1.88825
-1.23253 -3.7621
-1.96218 1.86027
2.38981 -1.27682
-3.64927 1.32874
-3.33614 1.17159
2.21276 1.87655
-3.33435 1.20164
-0.349306 3.58557
-3.15181 -0.414585
-2.54436 3.6393
1.71878 -2.87262
-1.36958 -0.3926
-0.152552 3.07285
-4.09394 1.68212
-1.75038 -3.8159
2.35845 -3.36998
-3.1729 -2.47034
3.67408 1.60606
-0.488893 0.755818
-3.117 -1.08422
2.94101 -1.50055
1.42469 0.112322
-4.31575 1.29103
2.84037 -0.403234
0.729597 -4.56208
-1.53157 0.5285
-0.855186 -2.06979
1.77386 4.13078
0.480013 -3.41556
-0.335744 -2.58675
4.11269 -0.180461
-1.25196 -4.03582
-0.411182 -0.483956
-2.85863 3.20615
-3.02508 -0.307918
2.0889 -3.23857
-3.65337 -2.5425
1.31263 -2.51538
1.3505 -4.17632
2.81405 -3.75783
-1.01402 -0.675574
-3.29627 -1.30693
0.642925 2.95357
-3.62792 1.85229
0.357557 -3.24706
-1.30365 -1.25661
0.436348 3.23865
-2.30712 -0.17436
-0.640401 4.49999
0.423166 -0.384651
-3.93095 -1.5995
1.03346 2.63965
-4.40716 -1.47096
0.571408 1.6411
-3.39308 0.083154
4.09253 -1.07829
3.19131 -2.98092
-0.379769 3.25093
1.6892 -3.57527
2.75762 -1.91978
0.258948 4.45476
-3.93192 1.66353
1.19223 -1.20646
0.114235 4.48307
-1.82105 -1.39525
-0.736598 2.41826
-1.34575 -1.68969
0.794355 1.64431
2.16923 -0.598082
-1.8939 1.95378
2.86286 0.00697196
-4.38294 -0.393401
3.66519 -1.14498
2.45027 1.10648
-2.58613 -1.94696
-1.63564 -3.41947
1.3868 -4.01725
-3.67719 2.7383
-2.23245 3.9643
-0.846595 -1.10876
2.98656 -2.37227
-1.59954 0.876862
2.38116 2.86457
-0.89807 -1.97165
2.61598 -0.70843
-3.13351 -1.67383
1.2705 -2.08437
-3.8798 -0.127764
-2.17811 -0.776449
-2.35547 0.248918
2.20542 -2.37742
0.144777 -0.736399
-3.4241 -0.433492
-1.89901 2.52015
0.446505 0.301974
-0.848598 -0.866348
4.26416 1.69788
-3.24411 -2.64833
1.70886 -2.99185
-1.87316 1.34878
1.55373 3.68689
3.76944 -2.66783
-3.99233 0.262762
-0.897412 -2.73065
3.61167 -2.68955
0.916297 -2.21974
-3.60873 1.29455
1.30241 2.83343
0.210633 4.37286
3.31753 0.0771333
1.17762 2.55335
1.60961 -3.00461
1.36849 -4.16463
-0.64607 0.0245957
-0.201474 -0.923825
1.62782 -1.53592
1.52002 -4.31288
-1.74466 -1.88315
-0.297422 0.118534
4.45707 1.44807
-1.05261 4.34258
3.01164 -3.53129
2.45455 2.414
-3.11886 -2.22951
-3.41564 -2.7861
0.330491 -2.8357
-1.58598 -1.18669
0.626216 -2.02735
-2.54465 -2.37421
-0.444038 -2.99454
-3.87453 0.594293
-2.44564 2.21713
-3.08698 -2.66513
-3.49387 -1.15395
1.12571 -4.12056
-2.47866 -2.19549
-4.19271 -0.471914
-0.664967 1.51031
2.37754 3.85919
0.50722 -2.45727
-0.0611577 -4.33873
-2.74632 -0.84527
0.592067 1.26516
3.08714 -1.49695
-0.374921 1.36832
2.27688 2.25275
-2.44628 -2.43446
2.07011 -1.49117
0.678235 2.25534
-0.608039 0.83609
-0.856942 -1.64773
-2.6486 1.48662
-3.00714 3.2462
-3.67783 2.09217
4.25651 0.432758
2.53845 0.436924
4.17866 -1.48342
-3.0886 -0.580887
0.635274 -3.96925
0.128253 -1.14539
-3.79794 -0.668894
0.625586 -1.24155
0.01818 -3.50164
1.70183 1.99613
-0.772422 1.84945
2.80578 0.46182
-3.06076 3.35816
0.90676 -4.58956
4.62204 0.428282
2.05481 2.99448
4.19085 1.26613
1.34983 -3.12746
0.80833 1.11259
4.14171 1.90348
-2.78043 3.77399
0.908352 3.36553
-3.16022 -2.15292
0.411216 1.1949
2.49358 3.94249
1.62204 3.91438
3.6407 -1.62555
-0.542305 -1.96341
-3.29456 2.56168
-0.601467 -0.803733
0.748492 -3.96928
1.12927 -2.94631
-1.48575 4.26787
0.501124 -0.618901
2.30562 -2.383
1.49175 -0.16202
-1.03804 -0.855593
-3.93334 1.47915
-2.35129 3.39313
-0.581878 -2.04386
-2.42214 3.78847
-2.66326 2.72598
-2.95564 0.0214744
4.14066 1.80902
1.05486 -3.33806
3.05267 -0.266851
0.211634 -2.5688
2.64302 2.80302
-3.9172 1.5786
0.87006 -3.83646
0.808099 -2.7403
-0.951095 1.85571
-1.78845 -1.98929
-3.01387 0.991295
-3.94885 -0.128386
-3.50068 1.46161
-2.73931 -0.30856
-3.73139 -0.986265
-0.720547 -3.22926
2.05975 0.18015
-2.34257 2.8262
2.56553 1.09755
-1.2067 2.46818
3.18592 2.97238
2.16924 3.29243
-3.58274 2.40305
2.89613 3.12605
3.78758 -1.11575
-0.305312 -0.865634
0.0733724 0.9167
2.51246 1.9707
1.4029 3.48357
-1.63528 -2.77623
-2.59843 3.19916
-0.650246 0.226039
-2.94442 -1.99851
-0.820214 -0.563683
3.01103 2.07845
3.37706 2.63849
3.35879 2.1883
-3.47441 -2.62852
2.39492 -0.4768
-2.15381 3.90701
-2.86338 1.67505
-2.84917 -3.35717
1.592 -2.83378
-1.47035 0.883462
0.0148215 4.01647
1.08668 -1.03184
-2.05012 2.74149
-0.683135 1.55265
-2.3282 0.381115
-3.83971 0.502689
-0.817972 3.7331
-0.0916865 -1.88737
-3.15598 2.07589
1.4047 4.0369
2.97338 0.447108
0.330288 3.93567
0.272227 -1.02683
-3.52895 0.89657
4.03417 -0.320198
1.81298 1.96875
4.21716 -0.297681
-3.57524 0.100888
1.21542 0.293709
0.203091 3.5835
-1.56173 3.66466
-2.14526 2.99753
-1.93738 3.71011
3.83529 0.733302
-2.14684 3.35403
0.249206 -4.14465
1.16194 -0.938563
-3.10691 -0.511345
1.19948 -2.02868
-4.1107 -1.97111
-3.91086 -0.174678
1.45677 -1.12621
-2.9551 -2.38782
-1.87288 0.930651
3.37001 -2.34061
0.588853 1.34675
2.08514 3.58204
-1.82381 -2.11188
0.71993 -1.62806
0.382597 -0.119408
0.526521 -2.14551
2.23618 -0.427764
-3.72085 2.10827
-2.97362 -1.23726
1.00162 2.79085
2.88372 0.640194
-2.84337 3.38145
4.32705 -0.66142
-0.187847 2.82293
-4.5686 0.404198
-3.70095 1.04232
2.17489 3.78222
1.96912 -3.89305
1.63314 -1.99044
0.807873 3.60395
2.98196 -2.6995
4.55872 -0.0223998
1.15255 -1.45572
-3.84251 -2.62903
-3.255 -1.2051
1.46458 -0.222064
-3.38544 0.257801
1.29704 3.78841
-3.01272 2.17156
2.835 -2.4292
3.58747 -1.9972
1.78323 3.99527
0.573845 -1.32349
-1.81172 -1.51307
-0.115375 -2.01725
-2.01114 0.988212
1.10518 -2.63597
1.14228 4.24006
1.12538 -1.98847
2.74212 -3.73294
1.89012 -0.509455
0.0122395 -3.71023
3.54518 1.78283
-3.28765 2.74049
0.303475 -4.22002
-0.704547 3.54433
-2.38966 -2.61249
-3.56121 0.981155
-2.45444 2.62628
0.978412 2.41647
-0.970694 -1.62012
-2.553 3.79426
2.91466 0.846302
2.65747 -1.80833
-0.101083 -1.84995
0.352947 3.69114
-0.0276078 -4.36149
-1.70269 3.72361
1.19279 -0.20883
-2.86171 2.56332
