4500 2
4.78031 2.69832
-2.27371 5.75018
-4.81717 -2.20961
-9.52694 0.65936
1.8644 -5.01951
-2.85048 -8.05652
-5.97138 -1.05809
7.73969 0.972351
2.30778 6.91606
-1.85958 6.06297
-9.35552 1.69959
5.08206 -5.83099
0.103985 7.67717
-8.97817 3.90937
4.80198 6.82955
4.18118 -6.97415
5.49419 0.79147
2.2351 5.3203
3.79795 -7.8519
-6.90539 1.16139
-0.598121 7.38377
-1.00045 5.45395
4.50081 5.19363
1.27485 6.3808
2.1807 -9.04647
-4.00049 3.81642
2.56413 -4.66031
-5.84124 6.20034
9.07849 2.17341
-5.54683 -5.50789
5.6075 5.28521
8.52278 2.36027
9.13915 1.6477
-7.13158 -0.399496
5.66444 2.30617
-0.282613 -9.8732
1.11096 -8.13396
6.15362 3.93321
5.498 4.81446
-3.41202 -5.7899
9.06866 -2.99507
3.07794 -9.00941
-4.32871 7.43855
5.23116 0.125178
3.87433 -4.10586
-7.1305 -2.36801
0.836058 -8.36782
2.10233 -6.12424
9.93871 -0.16088
-3.9169 8.70386
5.77732 -0.537473
2.96143 -7.27359
-7.25288 0.864495
9.57337 -0.359075
5.02789 3.71402
1.45944 8.81134
-7.85048 -2.96108
-0.0566195 8.39638
-2.05303 -5.31855
-8.93699 -4.06428
-8.27971 2.8708
6.01549 2.36818
2.08052 7.23995
1.77704 6.6824
-8.90001 -2.50874
-4.43642 -2.97847
0.0514873 5.34764
-2.21765 7.94158
0.403894 8.23934
6.37694 -2.70945
2.21372 6.04002
-5.33039 -7.81005
-2.25927 8.4448
-0.853558 -5.75184
2.91353 7.71859
6.31918 6.39203
2.86591 7.38123
-3.61832 6.95164
7.94642 -4.43588
6.11671 3.51563
7.2491 -4.32242
-6.89795 6.17355
9.28679 3.09058
3.77501 6.62005
9.69231 -1.31857
-4.82398 3.32661
-3.81932 8.65051
-3.45168 7.65779
5.10018 -1.28583
9.08781 -1.19558
5.8629 -2.19403
5.01712 2.70716
-5.54458 -7.72985
-1.11926 8.65116
-0.0136545 -9.49161
-5.46181 3.36597
-8.19387 5.5571
-1.756 6.83454
8.15968 -0.199814
1.7224 8.43703
-3.50262 -8.5744
7.08649 2.71695
3.75873 -6.95585
-6.96409 -5.53153
-4.04442 5.46375
-4.03195 -5.01433
4.23494 -3.41105
-9.54236 1.51685
-6.34619 -0.421155
1.65234 -9.12741
-4.31112 3.01391
-5.21297 5.52992
1.30346 7.27363
5.08558 -6.72734
-6.4401 1.19191
-8.59529 -0.967448
-9.2546 -2.13194
8.54059 1.61277
5.88322 -0.78651
5.45493 0.951373
5.45291 7.1413
3.85651 -3.7132
-7.79789 0.920889
-2.61121 -6.54164
-5.29766 2.22766
2.49342 6.89503
4.76858 5.51389
-8.04526 3.26428
-7.08427 -5.36278
7.68878 5.37394
-0.167254 8.96828
-9.70303 1.17981
0.629824 5.46034
-5.01205 2.52921
7.919 -5.40825
3.54885 5.59888
-5.13762 -8.05788
-8.99729 2.46786
-2.61752 7.27848
2.12977 -4.94165
5.61155 -6.68517
1.19987 6.27149
4.94129 8.3407
2.17476 -8.7876
-4.79313 1.80197
5.73799 -1.67941
-5.80081 5.74629
-2.05244 4.63158
5.55729 1.44248
3.6978 8.94276
0.9361 -6.96301
-0.386068 -8.64749
-9.08084 -1.63381
0.563214 5.92999
5.35694 -5.87638
-4.26416 -7.74762
5.88208 0.179603
-1.41281 -5.1479
-3.38829 -7.05674
-6.36387 2.4188
-7.86213 1.15523
-4.0754 4.7333
2.32951 -7.90602
3.44291 5.06027
7.96005 4.50843
-6.85901 0.669485
-7.96075 3.70756
-6.95784 -0.491008
7.63011 -0.681592
4.49017 6.35327
7.11027 2.2387
5.81391 -5.57159
-9.35937 -2.92368
1.78083 -9.64899
-1.40221 -6.91471
4.45634 -2.26877
4.95655 4.77341
6.74159 5.82729
1.11793 9.00205
-2.46359 -5.49696
-7.43287 -4.31429
5.75264 4.55194
4.31539 8.74278
0.380209 -9.83203
-3.84701 3.25264
1.33945 -7.91113
7.53289 5.35032
-7.67163 2.96922
3.75767 -4.77321
-2.14883 4.63137
-3.79916 7.46969
3.04373 -4.10198
-1.94045 6.89984
5.59149 -3.74796
8.11705 3.17665
2.66737 -9.43168
5.78698 1.84263
8.60208 -4.92362
-3.58519 3.65287
-6.28622 7.45586
-5.43607 -3.94836
-0.0229506 -5.73004
-4.84953 -6.12944
2.53053 -9.42473
-1.50941 -8.60252
-2.49234 -8.69324
-7.33469 5.78394
2.75629 5.01384
7.57931 5.40768
6.82377 7.13717
-5.56276 6.62899
-5.38567 2.99237
-7.27991 6.49821
-4.57827 -6.93547
-4.47404 4.87692
6.35063 -4.95958
4.34267 7.17502
-9.39008 0.968438
-3.45845 -6.16376
5.72117 -4.3796
8.69639 0.213559
9.28165 -3.29767
-3.88343 -8.84957
5.21415 -5.80684
7.14375 4.96279
6.76654 5.1615
9.29971 0.245091
-3.70625 9.04464
-6.71707 6.14965
-1.63353 5.26843
6.44822 -4.72335
-5.41706 -4.60103
7.97498 -4.47283
5.12749 -2.25331
-8.25352 3.12536
7.972 5.41915
-0.424141 -8.54083
-5.68562 1.85183
-2.96965 9.0693
7.75962 -4.12807
-0.52298 -9.73294
-1.50742 4.81718
2.27833 -8.18273
-7.06036 -3.5249
8.20633 3.77073
-5.42418 -4.19656
0.326444 6.55134
8.35005 -0.780061
-4.82371 7.83554
6.34763 4.56613
2.94711 -8.0052
-3.33989 6.53489
-9.34275 -3.51791
-5.5213 3.49235
4.16685 -7.77087
8.51216 3.93064
8.66276 -4.91698
0.275759 -5.31749
8.89257 -2.5676
-3.52665 7.53032
2.08991 5.10971
-1.09868 -5.44884
-4.83022 -1.56161
-5.96512 4.22834
5.6306 -6.53376
7.06143 1.40846
-4.17379 -8.83452
-1.77984 6.25482
4.8263 -4.31153
5.80333 -3.36275
-7.26039 -5.3426
6.98631 -1.11215
8.03851 3.17558
7.65515 0.0674634
-6.14262 0.940813
-7.75875 -1.22989
9.30931 1.50602
7.29974 6.65953
6.69737 2.76597
7.65284 1.20093
-3.90592 -6.76256
1.62279 -5.78442
1.31448 -7.59361
-5.74076 -5.00661
-6.04377 2.27364
-6.88751 1.58847
-2.66281 6.19631
1.46163 5.66821
5.68598 4.29484
8.81874 -3.45159
9.13541 -1.16862
-0.988282 9.93929
2.9982 -9.17184
5.27387 -2.09924
4.74752 -8.41754
-5.23004 -1.21917
-5.50883 -6.89369
-2.18309 8.86589
8.99616 -1.54057
7.65857 -2.33656
-0.534891 -9.92098
-1.86748 -6.81344
6.4949 -0.20763
-9.64133 -1.76788
6.28155 -5.96671
-2.50059 -7.48498
-0.0543354 6.78488
-6.57143 -6.10108
-0.866907 9.89058
-9.09159 -2.34577
-5.3803 -6.74424
-2.53076 5.47774
-3.9422 3.52007
1.83785 8.67521
4.28891 3.73684
5.17895 2.54281
-2.98609 -7.17946
-5.22527 -1.19455
3.21349 9.19002
-7.82862 4.30711
3.85715 7.20176
3.94196 -7.46879
-7.91348 -1.78447
0.416805 5.24859
-6.96763 -4.95871
-1.11109 5.93882
-6.22614 -2.72337
8.38435 -4.24086
3.78575 7.16046
5.87059 7.01088
-5.85422 8.07567
7.7848 -0.846718
-7.71326 3.28837
-6.86184 -6.93816
-6.53733 7.05916
3.27886 7.85887
7.7073 -3.3424
4.35702 8.37167
2.6723 -6.63371
7.28623 -0.36826
-9.35335 -1.75658
1.38231 -7.50589
8.48706 1.96349
-0.731041 -6.60888
-6.70932 -3.59827
3.79638 5.73833
2.87771 5.65181
2.66833 6.64399
5.55022 2.46632
-0.0233947 6.80454
5.34269 -5.43716
-6.95564 -3.45616
4.43344 -7.11327
7.35025 -4.38414
-4.31763 -6.4111
7.79196 -0.477628
3.7375 -3.76926
-9.09971 1.25235
4.26058 7.63046
5.17003 -7.33639
-1.52006 -7.56795
5.53695 -0.48377
-4.6775 5.20169
4.78582 -4.79806
-1.00133 -9.32208
7.06378 0.997841
-0.827457 -7.07476
-5.49417 -0.43584
2.70552 -8.29739
5.70748 5.55926
-5.48188 6.0673
-6.95669 -1.04937
3.2804 -6.38862
6.45589 4.10307
8.53073 -3.97363
-9.04746 -0.717768
-3.52981 -5.51618
4.99916 0.837363
-6.43911 -2.16907
-1.86407 -9.44208
6.88164 -0.281173
-5.67626 -0.878684
-7.95056 -5.12614
4.97623 -4.51615
2.61639 -6.2496
0.80257 8.79195
2.08932 -4.87455
-6.48577 -6.27047
-7.73721 0.65595
4.55659 2.68059
-0.790611 -7.80406
7.73759 5.71111
-2.50995 -4.75916
-7.15294 0.481133
6.39451 -7.49912
2.32097 8.56901
-0.70024 -8.92555
8.30475 -2.06227
-0.551771 6.38879
-3.6121 -8.53237
-3.48706 -7.02935
-2.22735 4.98358
-0.998829 -7.32563
-1.81051 -9.27156
-7.15531 0.649139
0.820552 -8.97511
-6.51716 6.05208
-2.65795 7.90549
-0.609624 -5.94352
-9.23919 -3.10478
0.87745 7.29529
-7.99996 4.59814
-1.20502 7.26889
-3.65842 -7.07548
-6.46045 -0.849226
7.05876 -3.49126
2.41061 -4.83315
9.19237 -3.82021
-6.25262 -7.76751
-2.5722 9.02323
-6.62675 4.19387
6.38817 6.04379
-2.02696 -7.04141
6.62701 0.13192
-2.82191 -7.87011
7.12787 -1.85113
8.03018 3.18531
6.27936 -2.86162
4.6893 -6.98277
0.666754 6.12961
8.66213 4.36011
-4.58818 6.47431
9.71854 -0.510998
7.88485 0.655292
-6.51474 6.69473
-3.98 8.15178
6.95226 6.69135
1.45597 -9.55334
-3.01329 -4.31503
-2.70787 8.84185
4.94889 -4.00636
5.0528 2.4927
-5.1269 -7.79703
-4.70943 8.66009
-5.15842 2.40144
-4.49725 -5.26806
-5.3278 -4.261
5.42317 7.15073
-5.76287 3.50726
4.29661 -6.79185
0.946571 9.01275
-1.34277 -7.96962
-5.35628 -3.02442
2.71845 9.00206
3.61008 -5.39839
-7.9006 -5.37534
-3.41594 8.21471
2.18654 9.10403
1.3145 -7.26772
-8.50726 -1.60099
-9.42699 0.526285
5.264 -7.90135
2.07382 -5.30528
-5.81629 5.69185
2.95389 6.09779
5.53479 3.20876
2.32249 -5.94473
4.11335 -6.86433
1.69622 8.35043
5.68108 1.85171
4.50693 8.01428
-4.0301 6.04024
-1.71398 -6.8289
7.78641 6.16537
-8.97343 3.56991
5.37596 -6.30349
-7.04728 -3.6958
2.22574 7.96661
-5.16606 -6.01316
-8.34284 1.86652
-9.47229 -0.847492
-3.79522 -6.24519
-2.92111 4.95014
-8.33827 -1.25271
5.68197 -3.08597
-5.9543 6.15808
0.386429 -5.29491
8.52971 -1.20151
6.25905 -4.16239
-8.26176 4.67799
2.91504 -6.94573
3.07771 7.05315
-7.48596 3.53408
2.91828 7.54693
5.49754 -2.77149
8.66879 -3.62295
9.14485 -2.53813
0.731514 -5.44516
3.17683 -7.10009
8.82992 4.52857
-9.08664 0.763383
-8.65604 -2.09732
-7.91705 -1.89881
9.67926 -0.745231
-5.09338 -4.44855
-6.8579 -0.651945
2.75519 6.48162
-3.37999 -7.54686
-3.39925 8.74136
-3.8977 -8.60257
-3.69566 7.03584
-8.57023 0.189674
7.84416 -3.17263
7.2716 -6.21362
0.530143 -9.88373
4.19557 -5.09645
3.97489 5.96446
4.71426 -7.4792
-2.88965 -6.31381
3.72783 -6.36725
5.69625 -3.05279
6.67002 2.94658
5.47984 -0.387177
-6.4303 6.00351
4.81126 2.89424
3.43 8.0831
-1.78822 5.35388
-7.35994 1.41237
6.99082 -5.21609
2.37714 -7.39492
-6.4807 -1.06118
4.66968 3.37714
2.12106 8.59473
-8.3403 4.64263
6.5415 3.0421
9.41865 -0.751812
0.937294 -6.90324
5.76706 7.05873
3.00867 6.63456
7.02241 5.64481
6.95692 4.90683
-6.97887 6.21291
0.366824 5.20916
-1.01107 6.91756
3.43165 -4.31313
9.14639 3.42413
9.28286 -2.93142
-6.8221 0.909719
3.5161 -4.96006
-3.71583 7.97608
-5.96613 7.2736
7.42788 0.320448
5.76163 -4.22398
1.97451 5.60126
-2.54481 9.41488
-4.16278 -3.80428
1.45366 -8.27837
5.38022 5.43864
7.26637 5.89579
-9.48425 -1.70828
-4.26987 -3.74649
-7.30675 -4.49178
6.6719 -5.37587
7.69095 1.82604
-1.22534 5.7806
-5.39679 -3.81571
9.36263 -2.27358
7.90384 -0.0912971
5.56995 -5.89018
3.69182 8.37172
3.52788 -6.92271
-9.93995 -0.735839
-7.23896 -5.13833
0.0244364 -9.29711
5.82942 -4.9081
9.61869 1.38661
4.7628 8.42277
-5.7321 0.584523
4.07545 -3.93548
-2.60176 -7.84071
-0.849102 9.14151
5.59846 -6.73935
6.26758 -0.798172
5.12012 -6.07429
9.35328 0.583567
-5.3149 -7.45398
3.26918 5.09121
7.8919 -0.88901
-0.936885 -6.22098
2.08813 -4.7194
1.03711 -9.34964
0.642276 -5.26192
2.88537 -5.53006
4.27758 -6.67309
5.31125 6.25083
-2.33884 -8.81984
4.99592 6.34486
5.22719 -6.67147
-7.47067 0.478167
-3.44945 5.15878
3.5934 -5.69918
-6.06049 1.3253
-5.68343 -1.36188
-0.963049 -5.96948
-4.41169 -7.23172
-3.50419 5.08189
0.821633 9.1805
-3.35975 -7.39156
-9.94113 -0.510569
-0.227622 -5.64254
5.80383 4.90206
-8.6166 0.858763
7.45792 5.2479
0.735975 9.53146
-4.81276 -8.11346
-2.90625 -5.33703
0.597042 -5.52044
-0.803891 9.00214
-1.11182 -6.29019
0.718375 -6.26351
-8.70125 -1.93416
-7.40411 -0.795097
-3.19907 -6.81331
8.64997 0.0377129
-6.15981 -7.86755
0.487072 6.22173
1.07772 -6.72291
0.328919 8.13581
-8.04671 -1.06571
-1.92239 -9.52907
4.88706 -3.16538
-0.489877 6.64553
-7.31331 5.11932
6.82921 -1.53818
7.84103 4.23683
-5.67388 -0.908164
-3.51713 7.57049
2.06501 6.54625
-8.85334 1.95392
6.57191 -5.84073
-5.19566 -3.53874
3.08997 -6.85899
8.07522 0.153622
1.91758 8.6855
-2.88498 -7.79498
9.74115 -0.411792
4.82847 -7.93222
-4.69842 -6.41454
-9.18884 3.23065
-2.50532 -6.89539
9.14751 2.27112
-9.308 0.469172
-5.54282 1.75647
5.73802 -1.11434
-8.77251 0.450556
-8.20141 -1.06056
-4.81543 7.02626
5.55986 4.64075
-2.95752 -7.03296
-2.96874 4.42526
-4.57702 -6.0375
7.72786 2.20824
-4.8231 -1.7687
-6.48771 1.08356
-8.68214 -0.712415
6.4343 1.35852
-7.33647 -4.04924
4.39321 -3.3158
-3.25763 9.0242
1.55688 6.44545
8.70599 1.60535
0.833381 6.62821
-4.92604 8.04724
2.95426 -7.71359
-2.27461 -9.43876
2.6932 4.62439
2.10949 -5.88491
-7.66845 -3.57808
-5.41781 2.83749
3.6754 -7.51374
-3.47289 -8.79013
-4.966 -3.6138
8.56769 -2.76528
3.95758 -4.89222
-9.62441 2.56052
-5.40593 2.57004
-5.40473 2.69554
2.83172 -7.26743
-3.62064 7.96317
-0.219298 -5.73696
5.21086 -1.11376
1.0967 -7.76784
5.91048 -2.58452
1.94031 -9.14742
-0.613494 9.01153
9.34962 -0.925747
0.963235 9.08986
-6.77771 6.96306
8.21929 1.52928
2.53178 -8.3934
-7.9036 4.2435
3.07883 5.97339
-5.17316 -5.34901
-0.792031 8.33053
-1.62869 6.60804
-5.42298 -4.04726
-2.28211 4.58612
-7.28179 -5.01138
-6.23635 5.58895
-6.59717 1.35772
-0.850262 9.65197
0.683376 5.50141
2.23543 -9.0757
-4.36159 -5.19922
-3.36961 6.98838
-3.49924 8.28151
4.35387 -4.44411
7.80128 -3.81422
-5.61005 -8.1039
-0.702911 6.17504
3.90644 -4.45938
-1.5604 -5.65835
-5.38247 -3.09835
6.05086 -3.14566
-9.08556 -0.961419
-4.86123 -2.62875
-1.43923 -9.15489
-6.31265 3.22692
-5.2296 6.13229
5.40489 -0.0381791
7.23407 3.05522
5.84519 0.0323468
3.6535 4.32305
-2.54929 -5.88153
9.19279 3.17563
-3.34093 9.0309
2.29484 9.34737
3.50011 6.3264
6.11736 -5.50726
-0.480003 -7.40961
6.60408 -5.1546
6.57501 6.15406
-5.74953 7.61159
7.99107 5.98505
0.557406 8.32875
5.1256 5.89791
6.19367 -3.02423
-8.92003 1.11704
-5.9557 2.51571
-6.73889 -0.542043
-1.37859 -9.90225
-7.13411 -3.06291
-0.762407 6.23224
5.28183 -8.27021
2.61608 8.446
-8.07262 3.47807
-1.03574 -7.7346
4.63216 -7.24259
-6.1261 -1.34345
0.669156 6.49818
-5.04644 4.47404
-4.78441 8.42603
-4.90107 7.6394
-4.55273 2.34887
-2.62584 7.51674
-6.09023 1.43506
-0.948869 -7.6401
-7.22784 1.71091
-4.72934 -6.04132
3.53379 -7.56069
-4.00481 -8.77222
5.36364 6.64897
-0.245463 -5.50096
5.4042 8.37222
-8.09509 5.86421
5.50128 0.0163444
-5.30015 0.34124
-4.78284 -5.18408
-8.88692 -2.40009
1.68656 5.99083
7.95849 -1.67829
-7.03662 -4.51437
7.04384 5.84187
-6.55794 0.716335
-7.06129 0.859773
-9.78867 1.74631
0.53122 8.21585
-3.38402 4.78839
-1.51307 9.78204
6.80917 1.72618
-8.0933 -4.12276
8.77495 0.64524
4.54619 7.78441
6.36529 1.4308
7.51201 -5.62321
-9.24485 1.75803
7.16227 -3.79252
-6.85576 -4.6962
-2.08197 8.37528
3.51098 8.97179
6.80308 -0.589667
9.46399 1.26701
-5.30271 -2.65824
0.504219 -5.59868
1.94836 6.04153
0.000753053 -7.34343
5.23384 5.19333
9.65418 -2.23137
4.57442 2.22877
-4.73834 2.64945
9.2758 -1.71207
5.26125 5.79331
8.22725 -4.64247
-6.01382 5.71032
-6.58875 2.86239
4.39362 3.53744
-6.19616 1.10776
4.34557 -4.07124
-5.26186 3.87463
-5.54434 -3.70647
1.82712 8.37695
0.449296 -8.68371
-7.18307 -5.93426
2.81358 7.84133
0.501459 8.02429
0.515613 5.91211
4.79196 -1.50752
3.15752 8.37497
-1.84735 -8.40734
-2.14526 4.55193
-8.31313 1.30345
7.12446 0.770468
9.25943 3.21406
4.52153 -6.70183
2.32675 5.76156
5.99956 -5.34029
5.7608 1.81316
1.93082 -8.76919
-3.78703 -8.66466
-6.98956 6.46954
-6.46003 6.2496
-3.57373 -3.63813
-6.06726 7.52848
-8.79983 1.24444
-4.63274 -2.48152
-6.94491 -3.15727
-7.36339 3.5312
8.951 -0.62435
5.41231 4.6891
2.65651 7.96441
-2.21656 6.20551
-1.50813 -7.14903
6.26177 1.50385
-4.76607 -3.32021
-2.80054 -8.73915
1.07373 6.25003
4.22879 -6.76139
1.35009 -9.00487
-4.79829 -4.89808
-1.9868 7.89764
1.21897 7.19583
-4.0683 4.15743
-6.02366 0.429145
5.31724 6.77663
-5.18285 -8.19008
9.28065 -0.0388966
-6.77061 6.38908
6.70086 1.29985
6.66263 -1.25805
-4.09666 7.4849
-1.28679 -7.10025
7.97291 0.69826
-4.3373 2.94186
3.88241 -8.37392
-0.424515 5.17429
1.50811 6.88356
-4.29506 -7.01423
-9.01182 -1.62908
-5.44376 6.71526
3.32078 -7.71515
4.32584 4.4202
4.42336 3.35474
3.13709 5.14438
-6.38985 5.72884
4.68646 5.32585
-6.72434 4.05078
1.44758 9.52318
-3.99566 4.90825
-7.05931 -5.89913
-6.71034 -0.656629
4.03334 8.37807
-9.7375 1.75519
-0.564812 7.20631
6.03234 5.51589
4.91845 4.31344
7.89808 2.9882
-6.1579 4.14637
7.99786 0.0772312
5.48858 6.49436
8.03097 -3.40671
3.38719 8.50339
1.18813 8.91284
-2.41297 5.19917
4.12404 -7.25776
8.19629 -4.90397
-0.988021 -5.66104
-5.08742 -4.31752
-6.41256 4.09567
-4.07712 -4.08558
-6.40701 -2.66911
0.331522 -8.10649
-5.73141 -7.8805
-8.55849 -2.56626
8.94984 -0.0400065
7.61134 3.75356
6.16503 -4.27347
7.81114 1.76076
-1.74776 5.45895
8.60141 3.95746
-6.9889 -2.52565
-8.54537 -1.99475
-5.78239 -4.57195
-0.682648 6.73762
1.57501 -8.81436
-2.88365 -5.48905
-2.78979 -8.05396
-2.84199 -5.24594
-8.59753 1.27392
-9.22372 -3.12282
-5.16207 1.02048
-4.0979 6.53167
-9.82573 -1.0076
5.24561 2.99761
9.78042 -0.451639
5.73772 -6.0664
6.20261 7.28432
-7.1986 -6.81204
-9.9554 -0.372352
1.88527 5.65208
-5.46907 1.36398
4.47263 -8.45636
-6.0295 2.13276
5.36687 1.03676
4.77432 2.07094
-7.17191 1.6505
-6.75333 -3.14869
-0.0328733 7.49911
-7.7774 5.19771
-2.12573 -7.11779
-8.70343 1.37504
-0.882543 7.10098
8.16104 2.65224
-3.72075 5.30521
4.59318 -2.41738
-8.95365 -3.94041
-6.39865 -2.1504
-2.76479 -7.86104
-7.37764 3.93489
-6.26446 -6.84592
-6.73875 1.7492
-6.96596 3.03417
6.04672 7.16538
8.46446 2.11973
6.37317 -6.21293
-0.660782 -5.76848
9.15318 -2.4851
-7.04141 -5.00184
-5.98471 -5.07633
6.51558 7.29694
0.339847 -8.19542
-5.4788 -2.23468
7.63628 2.96083
-5.38198 5.01947
1.17728 6.52791
-5.33871 -7.72174
0.777698 -9.22476
-0.579845 -5.46004
-6.87489 -6.27748
-5.65368 -1.32138
-8.36658 2.94896
-2.84907 -4.30114
-5.44205 -4.50405
4.83764 6.29186
7.37156 -6.19956
4.07889 -6.1055
4.90374 -2.89182
-6.00357 -1.96007
-2.87785 -7.98767
8.61329 3.64633
3.89103 -3.40248
2.46007 6.3138
8.87942 -3.51398
-1.30929 -5.30939
5.06216 -0.268494
7.42091 3.17066
9.22603 1.95022
-2.71717 -7.45654
2.5172 6.51383
4.53482 -3.24381
1.24413 -9.88048
2.75627 4.6269
4.35106 8.28055
9.09506 0.743165
-7.22535 3.5715
7.14841 3.25137
5.7523 -1.02935
-0.337558 6.66845
0.344297 6.60354
5.62531 4.53755
2.63609 4.81396
8.27972 -2.69518
2.1018 4.98422
3.66822 -8.15456
8.49309 3.41843
-6.37713 -0.37758
-5.97888 -7.00331
-4.62765 3.10092
-2.81628 6.82567
-0.881466 5.19319
9.67101 0.674971
-3.84084 7.08399
8.42866 0.440205
5.17214 8.17013
-4.65294 -2.01274
-5.48361 -3.01283
3.34542 6.47917
-4.66879 -8.30198
8.56562 2.30438
0.493539 -5.08879
-7.25567 -5.97664
1.9709 4.90151
-1.23798 -6.72504
2.48258 4.65724
-5.78211 0.0260468
-2.23211 4.86441
0.0969773 9.89767
-9.86249 1.14938
8.32514 0.656632
-3.9784 -4.9828
-5.91313 -2.03126
0.590819 9.88718
-6.19356 4.79816
6.55893 -4.09501
-4.42392 7.09959
6.24947 -5.10635
-2.40433 -9.56612
4.96365 4.13587
-8.35935 4.38979
-0.736145 7.61098
-5.04638 5.4118
-3.92663 5.05573
5.82343 -5.62643
-6.15614 -6.21549
-3.65995 7.20817
-4.83117 2.57418
4.30756 -2.87186
-7.35981 3.62066
-7.58844 1.03051
-5.36772 4.78437
-9.15435 2.87895
3.19323 8.55919
3.77993 9.20265
8.92983 3.66826
1.12741 8.33613
5.38086 -3.87242
-5.44523 1.94574
2.00584 -7.88726
-1.13719 7.30557
4.77622 -6.14477
4.89663 -2.41128
-6.42915 5.29974
-7.35054 -0.460221
5.05753 1.82877
3.81722 -3.92098
1.59415 -7.14526
-2.10471 6.05636
9.20112 3.15337
-7.01987 -2.91237
-8.12418 -3.05127
6.27228 -1.85969
4.18965 -4.56146
-4.51311 8.1489
-1.46635 -4.98878
-6.43032 5.5405
-8.93054 4.38447
-8.89979 1.16527
4.66284 8.38398
-4.42338 -3.78519
-7.39595 -3.68634
3.63461 6.81726
-2.24589 -6.62817
-1.17613 -7.14482
-9.51497 1.87563
-9.61273 -1.07197
-0.517955 -5.2753
-6.51784 -5.31259
1.68235 -4.72824
2.78145 7.78178
8.43434 -4.05586
-6.88993 0.874597
-5.927 4.95065
5.51705 5.05102
-7.55038 0.765755
-4.93416 -8.46233
-6.3047 -3.14706
7.28836 -4.60551
-4.79967 -8.12471
1.21423 7.61512
6.36892 2.37662
3.83735 -5.634
-5.10359 3.92465
6.4172 -6.09776
-5.06474 -3.04921
-8.03223 2.26785
-4.32221 -3.36653
-5.57122 4.51966
1.85463 -9.1524
-4.40511 3.35957
6.24777 6.19436
-7.74299 3.63668
1.62739 -8.47178
-5.27611 4.46959
0.41444 5.49282
-2.10082 -8.42597
4.64078 -2.45241
5.70478 0.220479
5.58839 3.98739
-3.86293 -4.27708
-3.87148 -7.9196
-4.64347 -2.79168
7.05557 3.03539
-4.26536 -7.97284
0.512009 5.34086
0.810954 9.71089
-7.12297 4.2196
-1.20962 9.91603
5.29797 2.98408
-3.97728 -6.18511
6.80794 1.0558
4.82368 -8.45132
7.05999 -2.69237
6.54342 -4.81813
-9.86014 0.627467
5.83997 -7.62205
-3.78917 -4.6129
-2.46834 -5.40263
-3.74794 8.42932
-8.4656 -1.39639
-9.20687 0.0801475
7.03985 -1.24796
-5.49641 1.86595
0.99331 -5.44252
5.37262 -2.44627
5.60829 -1.52626
8.11109 3.11292
-1.17754 9.03015
8.10405 4.81766
-8.64634 0.882276
-4.93682 6.8153
4.68175 6.24821
-6.3335 -7.0856
-7.65729 3.88397
-2.17108 -9.27906
6.9051 -5.97632
-4.0799 9.10991
-0.490963 8.37847
-3.03829 -4.52892
-5.45335 5.51647
-4.84782 2.64217
7.00881 -2.91507
6.06885 -0.822875
9.9328 0.572269
7.20385 -4.9109
2.54449 5.26773
2.47371 -4.43807
-1.53231 6.54016
-1.59861 -7.82275
3.02642 5.11444
-1.64397 9.8532
4.06209 -8.48935
5.016 3.99055
7.96828 2.87425
7.5742 -0.373087
8.83929 1.97868
9.92799 -0.352076
2.66401 -5.99223
8.59997 -0.304755
7.60245 -5.70489
-2.03682 7.12174
-0.343383 8.75477
3.20979 6.95739
-7.08836 5.91434
0.543334 -8.1774
2.44262 -6.85667
6.81966 -1.94572
-3.75281 6.50414
-4.98584 2.98772
-5.40383 -2.11833
0.405331 -7.60442
-0.817872 -5.97584
4.19552 -5.8675
4.872 3.72812
5.25131 -1.1494
1.97592 9.35085
-0.247854 -5.67747
7.05453 5.50291
7.41239 0.0964871
1.65948 -9.16904
-4.12487 -6.63436
-3.66192 -5.94934
9.47354 1.74687
-6.93961 6.0253
5.04594 7.08287
-3.30393 -9.21963
5.64452 7.39798
-3.75635 7.06787
0.380299 -8.31544
2.42455 9.48506
-4.67649 2.17207
6.06411 -0.441626
6.12882 7.12145
-9.83875 0.152401
0.85708 4.94314
-4.44679 2.86399
-4.85543 -5.13692
3.74162 5.44684
4.9967 -0.539399
-5.67898 -6.61066
-5.43544 6.6019
-6.1257 5.41728
0.919108 7.4473
6.71151 0.309112
-4.75505 1.92228
-6.41083 -6.79932
3.91094 -8.78919
0.0495891 -6.55593
-5.48799 3.29408
3.53226 6.76538
5.68902 -4.60946
-0.410978 -7.29939
-4.06585 5.21222
-0.479043 8.71991
-4.53758 -3.03399
7.80489 -3.19101
1.53357 -5.28687
1.02621 7.47607
6.62374 5.14244
8.74395 -0.359292
9.78293 1.75675
5.74775 2.51156
-8.2358 0.921687
-8.49285 0.730637
-5.24018 8.22655
-3.84272 -4.62908
1.40209 4.97283
4.95727 -3.1109
-4.8701 8.20237
0.850009 6.09706
-6.74838 -0.0882157
-2.64109 -8.77697
5.45406 6.37069
-7.79803 -1.43657
5.31169 -6.5032
0.643118 8.88048
6.16899 2.13233
6.39826 -4.48182
-5.93192 2.1749
3.83928 6.70487
8.81059 -0.484585
2.58189 -6.17699
9.02137 2.24793
3.64213 -6.6748
7.91327 -1.59308
5.17862 -2.91405
3.60651 -5.43431
5.55674 -7.82316
-3.88958 7.80181
-1.20119 -8.38865
6.68056 0.141062
5.52168 2.8049
1.95953 -6.14298
-5.0977 2.94544
3.92772 -6.78648
-0.383677 -8.45657
4.13853 -3.74623
-5.35925 7.08482
-5.41353 -5.14394
5.72248 -2.30627
-5.13364 -1.07355
-3.19367 3.90824
5.26642 -7.26026
-3.2384 -7.76397
-9.06523 0.712975
0.345641 9.18715
8.43602 4.14317
-5.71623 7.29889
-7.53469 4.50329
6.72942 1.42757
7.35251 -6.38399
-1.47038 7.31375
4.31281 5.35683
-7.67425 -1.12485
-5.40224 4.61733
3.54891 6.5778
6.88175 1.50903
3.58395 -4.52892
2.39013 -9.09228
5.98229 4.42397
-6.29755 -2.86093
5.0189 -7.31206
6.23862 -7.53949
3.86179 5.0372
-5.64143 4.41196
2.59936 7.44272
-1.45819 -7.81131
-4.69487 -6.61419
-4.75196 -6.1867
-5.6969 -7.82132
7.0659 -3.4155
6.30525 -7.62502
6.28689 3.7288
-5.40387 -2.80892
1.88099 -6.19915
-6.44751 -3.32218
-0.784691 -8.30445
7.09228 -0.11179
-1.96415 8.55611
2.60419 8.58088
-1.18355 8.12305
-0.856296 8.23099
-1.72864 6.80373
-0.741918 -9.42222
0.669088 5.36837
6.15846 5.28973
7.26635 5.5411
2.83247 5.2795
-7.5002 4.1915
6.38986 -5.69003
7.74097 2.47655
3.42675 -6.56436
5.72141 -0.213002
3.36452 7.48725
-1.81199 5.82634
7.92051 -0.0135597
-7.89769 3.52412
9.94589 0.491993
7.94108 5.74792
5.3062 1.27759
-7.52986 5.58432
-4.41617 -2.54659
-0.577805 8.83323
0.143684 -5.1009
9.14838 -3.15117
5.45156 4.31836
-1.37977 -9.72957
-4.9666 6.41384
-3.4304 5.22081
7.02556 -1.35987
4.68758 4.21338
-5.74722 6.52602
-6.19715 4.51038
6.00032 7.33452
-8.7913 4.63245
-2.40088 8.41116
6.33307 -0.0132313
-2.37806 -8.13541
8.35453 -5.37237
6.62711 1.87814
5.88938 2.78938
1.14531 9.17488
3.77493 5.19158
-5.0417 4.12191
-5.60395 -5.51038
7.1187 3.96063
5.0744 5.50898
3.76068 5.68074
-3.86451 9.11045
-0.636028 -9.7273
-6.7207 5.27694
3.50538 -5.02744
3.79288 6.95619
-7.29839 -4.11599
2.63986 8.1404
-4.29383 -6.48425
-7.15876 2.73275
-3.5397 8.22528
5.95966 3.96147
0.361229 -8.82827
3.64397 4.21322
-8.4193 -3.10561
2.64093 6.19098
-4.0706 5.4947
-6.20078 3.54985
2.38394 6.8073
-1.77829 -7.74989
7.58962 -1.23386
2.4923 8.16277
-8.29659 -0.712677
8.2572 -1.21236
3.7932 -7.72423
3.60261 9.09482
-4.87618 6.09862
-1.58317 -8.42072
-6.96993 -3.61143
-2.8659 -7.25053
0.299379 -8.34276
3.28998 -5.37939
8.64851 -4.50922
-6.54005 1.3757
1.42494 8.92058
-7.10882 2.02117
9.76026 0.725113
5.72843 -2.34741
7.05413 -1.24937
1.8703 -5.95129
6.64754 5.15256
8.00476 -4.07654
5.62631 1.46505
3.08731 8.45323
-6.58624 5.10208
5.02062 1.59448
-1.57163 5.60594
-1.04896 -9.82676
6.44725 -1.00173
5.75981 5.06113
2.33646 8.90222
2.833 -5.78389
-9.76143 -0.315298
-3.79343 3.87052
-8.14309 -0.88216
-6.45949 -4.61937
2.23154 5.48959
3.53519 -4.10224
-6.38457 -5.51778
1.56895 9.39229
-3.86362 4.11204
-6.14782 -6.48239
5.03675 -7.34486
-4.9865 -8.09567
-2.17341 -8.47132
2.49266 -5.86039
3.00862 5.82015
5.20698 -6.31195
-4.97045 1.64719
4.29448 -2.67716
4.92187 1.91364
-4.76928 2.66219
-2.1368 6.77741
-2.92573 7.20205
4.83392 3.76309
6.21319 5.07877
7.46253 2.67057
-8.44655 -1.24686
3.95456 4.30463
9.20704 2.7937
-6.36404 -0.477735
-9.28408 2.416
5.72404 4.00066
-0.870261 -6.47916
8.69851 -4.08239
7.30192 3.29429
7.1914 5.94285
1.40136 -7.32678
-1.50454 -6.85719
-8.71047 3.11234
-2.38422 8.38574
-0.802611 -9.47707
-1.20141 7.98476
-0.0801013 -6.26332
-7.5727 5.54754
-2.44749 5.07612
-5.65194 7.77253
-7.16218 5.2858
2.42671 5.74384
-3.25781 6.06927
6.2603 -3.10742
-6.38693 -5.15271
5.50824 -2.99697
0.480111 9.23238
-6.95928 -4.66447
4.23312 6.04764
4.08198 5.84406
6.61762 2.3628
-8.37024 1.34557
-4.94053 4.55074
4.23911 6.76221
-7.53405 -4.70697
6.64635 5.13317
-5.68782 4.86723
-9.58755 2.0167
-5.25893 -6.85087
-2.50101 5.60465
0.518004 6.09973
5.71993 -5.13764
-8.32147 0.992461
2.81581 5.2592
-8.54519 0.920258
8.14549 1.22287
-7.27304 2.02841
-8.47255 1.92496
-7.16763 -6.30526
7.46225 -1.90003
6.14072 7.11758
5.21475 4.34052
-6.16531 -0.347219
4.29414 -8.44661
-2.10479 4.78222
-9.53997 1.64123
4.21682 -7.94322
-1.67831 -7.3993
0.024531 -7.70679
-8.00524 -4.07071
3.53623 -6.60545
-8.89491 3.27719
-0.325296 -7.25715
9.12831 -0.531238
-8.5181 -3.73532
0.526585 -9.68408
-0.2591 5.3093
-6.64512 -4.56454
7.47309 0.278903
2.31487 6.0827
-8.03597 -0.619693
8.90326 -2.86054
2.92051 5.0332
-6.95941 -6.73408
0.380423 -6.22376
-2.78619 -7.43653
5.09625 -7.2975
-7.84781 1.88668
1.14035 5.80761
8.53075 -3.67248
-3.29534 -4.69805
2.01968 4.76065
-8.01821 -2.0027
0.702884 -6.62255
-5.23717 -1.05294
-0.759763 -9.33824
-6.45 -5.22393
1.33225 -8.94014
-2.87459 6.77657
-6.23315 -0.561251
-8.84859 1.72262
7.656 -5.61169
4.33288 2.67147
-0.574349 6.91648
5.20763 4.68566
-8.07055 -1.75406
-6.74962 -0.889296
-4.03957 6.95175
-4.64554 2.44985
-5.36309 2.58881
-5.80368 -2.52237
6.53145 -5.85674
5.77571 -7.65256
8.14789 1.61726
-8.37365 4.12276
5.45355 -2.20482
3.61675 6.69979
3.4537 6.30583
2.14996 -5.64648
-0.335882 -5.16101
4.81604 3.14958
-4.95224 7.74745
-8.65834 -0.678664
-6.30842 -5.55704
-7.71967 -4.56135
7.02938 2.71994
-5.99519 -1.20219
-5.23507 -5.81957
7.09614 4.83252
1.04157 5.67957
-3.41338 -8.60753
-6.72191 4.80018
-3.38165 4.64214
0.473221 -6.57206
-9.15922 0.974897
5.09861 -7.59652
5.35163 4.83226
3.87785 -5.01395
-5.55387 -3.92915
2.94236 -7.75011
3.9369 7.44966
6.37633 6.9732
-1.42163 6.65588
5.3737 -4.20378
7.03867 -1.08076
-4.47978 8.35744
-5.45139 -1.46549
9.5343 2.98162
-7.88731 -2.10046
-2.36539 4.87316
3.197 -8.09495
8.09206 3.31949
-7.93831 0.847464
5.30129 -1.24897
4.86931 -1.59047
-0.414424 -5.21687
0.123227 -8.93036
-1.91498 -5.00559
-8.31687 -1.70414
3.81535 4.67117
8.38692 -0.95306
1.92273 -4.69037
-8.16573 -1.36376
-0.752916 5.73631
-1.9607 6.56281
1.22857 8.54739
3.91214 -8.70516
2.48055 -9.42128
-3.40378 -7.34049
-2.22329 -6.77064
5.88302 -4.02819
-1.83314 -9.61667
1.59519 -9.55956
-7.56607 -2.88835
-4.43129 3.38348
-5.85699 1.58547
-4.3027 4.56898
7.88721 0.257346
7.01956 -2.32661
5.38269 6.81353
1.94232 4.6326
-6.73553 -3.97712
-3.38953 -7.89413
3.27689 -5.3492
-3.99411 -9.04012
-6.52313 5.79207
7.24553 -4.2987
-2.27553 -4.82024
6.21665 3.26047
-1.34079 5.35272
3.19124 -4.82982
-4.27997 6.52006
2.69743 -4.24425
-3.38744 7.35724
-6.84851 -2.96907
-1.24291 -9.50471
-5.63605 -5.04368
-1.47509 8.17945
2.74129 -7.18747
8.1286 -2.67085
7.30751 -2.71383
4.37171 -4.60166
-0.136177 -8.71924
-4.31282 -5.60227
2.64921 5.34195
2.1341 7.8021
-2.28789 7.48028
1.14904 -8.13418
8.82517 4.64403
6.21181 1.8476
6.53056 -0.804635
-3.50738 -8.48163
9.27492 3.52051
-2.84572 -7.93986
0.379926 5.41783
4.98987 4.78973
-2.95736 -4.37325
-1.16682 9.33796
-1.18225 9.85062
-4.80424 -4.94475
-6.36321 -6.50547
2.49833 9.48561
4.63156 2.69427
-2.76822 -5.49349
4.56252 2.24563
2.27921 6.66906
6.93868 -1.52918
-0.95367 -8.327
8.16076 -2.0309
6.69758 6.19251
-5.46793 0.466273
8.86649 -0.90485
-7.8095 5.65423
-9.37933 1.56645
7.29487 4.89698
3.53238 8.62868
4.29056 -8.57801
3.32861 4.02378
4.40147 -4.50261
4.55745 -2.89102
8.2466 0.564146
1.6048 -8.13021
9.13081 1.5632
8.60714 0.213035
-5.61086 -1.67389
-4.99365 -8.28256
-5.04755 5.82146
1.20511 -5.73836
-4.64493 -7.25503
4.70495 -3.94616
-1.80125 6.32026
4.58036 2.03282
5.68496 7.19047
-9.83402 -0.364245
-6.2497 1.23026
-3.00063 8.47425
6.64489 0.601732
-6.69028 -3.4525
-6.18033 7.27225
-3.88799 -5.39553
7.6574 -2.03413
-7.55732 4.15301
-0.359919 -9.15944
6.19819 -6.98777
-3.41569 -7.46655
9.74467 -1.40926
-5.49767 0.720977
4.99664 -1.39326
-4.62716 -8.72522
-6.68369 7.29595
-2.5092 7.91424
-5.38185 7.29147
-1.48692 9.33035
0.767846 5.19306
-9.36999 -1.40872
2.97807 -7.61425
7.26933 -4.38172
4.87458 7.10342
7.23271 0.109241
3.78597 -9.13704
2.71985 -7.50333
-7.69999 6.3161
-5.29175 1.5986
7.60158 -0.284317
-7.07123 -6.19032
-0.738452 8.83461
3.24118 -5.51902
5.40471 -2.97463
5.345 -6.66736
1.70457 8.78774
-4.46395 -5.57418
-5.31459 -2.38061
-1.3693 6.12519
5.99484 -4.68699
5.68025 7.92672
4.38598 -4.83427
7.74476 6.24033
-7.01828 3.80389
6.79562 -6.03682
-0.803844 9.79072
-5.69433 -4.63667
-6.29238 3.97169
-7.74791 0.874231
-6.80542 1.25496
6.43167 -2.85561
5.71395 -5.64434
-4.48908 -7.89149
7.77621 -5.16262
-9.43289 1.35366
-8.97223 3.69793
-8.93786 1.36913
0.807625 -6.23841
-8.96541 -1.71636
-6.81241 3.77928
-1.63327 9.60064
-2.12453 -6.95331
-4.22304 3.37557
7.45426 3.77615
5.71358 8.08486
2.17355 -9.09984
-6.99952 -0.975318
7.82416 0.605454
-4.13238 7.02644
-6.60685 -1.32026
2.86352 7.17702
4.13324 7.29941
1.26653 6.63832
-9.74945 1.01993
-8.15388 -2.27799
-6.17493 -2.08665
9.62588 2.18912
-7.38512 -1.63545
-0.624187 9.29007
-1.78298 -6.53654
-5.82875 -3.71815
-6.87208 0.892671
3.11849 -7.59608
-7.32946 -6.28978
6.0102 -6.59995
-5.29527 2.39462
6.32637 7.24698
-0.000801706 6.52573
-2.03296 -7.90296
2.5602 9.34289
5.9757 -6.35171
6.80303 -1.48813
8.92591 -2.22397
6.41771 2.44488
-2.24024 8.36283
-5.99115 6.77296
-4.78693 6.14219
-8.25502 -2.19654
2.71998 -5.3766
5.88686 0.485195
-5.32245 5.50261
2.29974 -8.279
-5.0733 -6.95422
-7.69654 4.26567
-6.89322 5.64626
0.0542555 -8.1282
-1.84174 5.94079
5.0403 -7.69086
-0.28847 -8.32094
6.20101 0.399646
-2.65792 8.34502
-5.2989 1.3721
6.57459 -0.935061
4.43288 3.34263
-0.351637 -9.96245
1.01949 -5.40178
-7.66947 -0.699361
-6.79241 -0.08176
-9.93748 0.820617
-6.99623 -5.56901
1.81521 8.21756
-7.49888 6.2448
-4.68461 5.73701
2.00324 8.43393
3.1633 5.64469
-9.70892 2.11535
-7.32666 0.851419
-5.13698 2.77961
-3.17808 5.99049
2.18638 6.5722
-1.07385 -8.15966
-1.24317 6.01172
-0.509943 9.38505
4.06103 -6.20997
8.95605 4.34701
-2.58639 -9.44828
2.7687 -6.4308
-9.33651 1.21206
5.27292 1.98286
5.4172 6.95364
7.86195 -4.20297
0.629942 7.44213
-6.79926 4.82475
5.43348 0.414647
8.96867 -3.53835
-8.99028 0.337367
9.34024 1.39733
-3.4552 8.43378
6.48503 -6.09144
1.17009 5.62554
8.38703 0.812569
0.393023 5.54511
-3.33025 8.50144
3.7144 7.90539
5.96441 3.80499
-5.04551 0.0527426
-2.35191 -8.60135
2.47244 -5.69292
-8.92134 -1.04192
8.47397 2.05488
-3.68026 5.90036
7.41813 -3.50972
-7.91135 -5.99402
-6.08657 3.10121
5.58362 3.94931
-3.99169 -8.33767
8.72012 -0.976108
-5.44811 -6.43719
5.40126 -1.0668
-9.67203 2.15601
3.67505 6.48813
5.96628 -4.70906
-5.12546 -3.56847
0.382289 5.12335
-5.29584 -7.1847
6.70444 1.44472
-1.83578 6.07089
-6.49392 -3.23631
7.30912 4.37856
-9.59614 -2.32377
4.36039 5.08874
6.49995 4.68781
8.10027 1.17989
-4.59904 3.92143
7.47457 5.17584
-4.73806 7.49209
-8.58662 4.68426
-3.76727 3.45874
-8.90453 1.50066
-8.37638 -1.9002
3.29678 8.91613
-6.64723 0.0555793
-5.87845 0.834146
0.575379 -9.61316
-8.31183 3.12118
-2.59481 9.09714
-4.36798 7.41532
9.27003 1.47465
1.82253 -8.77931
6.14847 -2.70892
-3.49045 -4.02332
-8.85454 1.82137
-8.29311 -2.28022
-3.99284 -7.74112
-5.02576 -7.91511
-2.23509 -5.10758
2.31264 8.46541
-7.85887 -4.10746
5.95336 -1.86748
-6.76382 0.444477
-9.66989 -1.79949
-4.02359 -4.54055
3.91819 -6.95454
-4.89483 -7.38425
-7.15431 -2.56768
8.50945 -1.60052
4.78383 1.90403
0.955994 7.38621
7.68882 5.91459
6.46315 6.18394
-6.52867 -7.34361
-4.00244 -8.9781
5.03199 -7.41769
-6.84161 -7.00013
8.87122 -1.40991
3.59676 -9.29453
5.81735 -7.88185
9.69832 -0.402389
2.59489 -7.64864
9.38181 0.0177126
2.39746 -5.86453
-5.23583 1.343
-8.24039 3.84557
-7.54225 -2.61166
-3.82392 -8.6604
4.64833 4.45953
8.72504 1.77632
-5.38367 -3.33875
5.65392 5.48219
-0.883735 7.06453
-5.51286 5.44234
9.45423 -2.73189
5.0696 4.72097
5.35889 6.84771
1.17625 9.17779
-6.82083 2.27117
-8.48842 -4.89365
-7.64083 0.593078
0.969386 -7.53038
8.50152 5.03972
5.78134 7.00785
0.947741 8.6862
1.10876 -5.09086
-2.08207 6.65066
-2.36131 -6.48567
-4.63209 8.38336
0.53744 -7.25078
-3.89446 5.81809
4.62202 2.36092
4.13191 4.92852
-6.34709 4.38536
4.93942 -3.12443
7.65131 -4.42495
-8.30585 3.62694
-1.96971 -4.94943
-5.11965 -6.00605
-3.6347 -8.44593
-5.50528 -7.15798
-4.23055 -2.83982
-0.0766739 -8.65795
5.7939 -1.92687
-4.84348 -4.29429
5.92229 -4.0934
2.27715 -7.86276
4.58825 -5.2426
7.68048 5.83166
8.14405 -2.88329
0.554945 6.96341
-5.91689 -5.09834
8.19643 -2.66171
4.58828 -4.73623
-1.82463 -6.504
7.30276 -2.54092
-5.19659 0.90338
-1.49735 -5.91067
2.86814 4.83855
-5.95538 7.9012
-4.60596 7.5693
5.53411 -8.15293
-6.34992 -3.09926
-0.584639 -6.02828
2.62658 4.95739
-1.09076 7.66377
5.04814 4.02913
0.0469692 9.41073
6.08533 -3.81808
-0.00183214 9.20723
5.88793 -1.58412
-4.35755 2.63207
-2.72902 -6.57205
3.56013 -4.9158
1.47826 5.15537
6.37685 -4.26847
-0.113675 9.45984
-8.43667 4.95626
-0.115094 5.60836
6.91586 -5.16904
3.99387 5.05696
-7.61798 4.69046
-8.65454 3.18592
-1.34658 7.97499
-0.999186 6.68282
-1.8796 9.51798
8.64969 -4.63713
3.68858 -6.03861
-8.21411 5.53157
-9.68288 -0.183837
-9.74109 1.45473
-1.91667 6.47669
-6.3273 -2.90222
-4.99893 2.94262
-3.43997 4.42758
-5.5873 -5.82302
-7.45381 3.78146
1.18336 8.68802
-0.497986 -9.65742
-0.181233 -5.98324
4.80418 3.88553
3.79281 5.79648
1.43216 -9.71263
-9.66607 2.44451
4.95643 2.64354
-6.43504 6.2802
-4.32153 8.10004
-2.70152 -4.49742
-6.13113 -5.89031
-1.46166 -6.09491
-6.47358 -1.42089
-0.839773 5.92857
-5.60918 6.5253
-2.70332 5.35056
-1.33354 7.14151
-6.16485 7.29241
3.59065 8.1326
-4.65974 3.7747
1.41912 -8.88634
7.2445 -1.66636
-3.61129 5.1126
7.38506 0.625688
-4.06834 3.35132
5.58417 -6.91904
-8.33124 -3.15984
-7.47896 1.18116
-8.24869 4.28012
6.37838 1.48718
-5.03743 -4.09745
-5.89052 -1.99748
8.29201 3.79496
0.944386 -7.70482
5.04912 0.515999
-7.60969 3.88072
3.24188 6.21771
-7.69671 1.33548
5.3589 7.01363
-1.971 -6.60531
4.55904 3.84323
-6.89574 3.29746
0.405237 -9.17423
3.13867 -8.42832
5.28791 -6.02026
-4.35004 8.8113
-8.41648 4.22608
7.75504 -1.02873
-6.57018 -5.03437
7.28971 -1.92735
6.98752 -0.806795
0.199088 6.0719
6.41882 1.02984
8.58577 1.00648
7.63026 1.7413
5.95863 6.64891
-7.50483 6.31099
0.58108 6.2198
6.36668 4.77733
-8.38232 -1.60674
-4.44737 -6.87968
-6.77091 1.34905
-6.49962 0.891604
0.602974 -5.81453
-4.81792 5.23188
3.67024 5.75882
8.42007 -3.83171
-8.05175 -5.70571
4.18955 -6.23161
5.3229 1.97314
7.67931 6.2194
9.46516 0.929827
7.60546 5.04113
6.35074 -3.08125
6.64158 5.10542
6.74627 4.54413
-6.74679 6.7578
-1.7202 8.59922
7.13658 4.54846
-2.67195 -7.44549
3.68126 -9.09339
-8.09752 5.01651
-7.51267 -5.50245
-5.8438 3.19851
4.56287 8.21699
0.526315 5.77428
-1.31668 -9.39241
1.8308 -9.73713
8.07733 -4.33955
5.18558 -5.97666
-9.79346 1.26305
6.03457 3.0532
3.41359 -7.73067
-3.39463 6.4929
6.15088 -2.1929
3.86677 8.83914
-0.521533 -5.4017
-9.49954 1.22632
6.12157 5.22136
-4.55024 4.12023
8.91288 -1.29939
-5.72355 4.25678
-9.2402 -0.0839362
8.58924 -0.570927
1.2511 7.18181
5.4125 7.95912
-4.14537 8.77154
1.04045 6.79188
-8.81901 -1.15579
-5.43129 -3.68456
9.09741 0.239876
-8.39653 -0.54047
-3.67368 -3.55467
2.80391 5.30564
-7.84329 -2.13211
5.58175 -7.56341
-0.232679 9.35651
-5.06715 -3.60545
3.14961 -4.51177
-9.30584 -3.1908
-7.84924 -2.16829
-2.53403 -9.45539
-8.31181 3.45489
6.41851 -4.1498
-5.75318 6.29214
-3.93844 6.67339
-0.28829 -5.2984
-7.64819 -3.17438
-5.60087 6.13443
1.30585 7.47284
-4.05503 7.16169
-8.85463 0.217743
-0.385899 -5.81074
-4.40624 4.25134
-7.77556 -3.85855
-6.98484 5.82298
-3.83334 -6.98362
6.2246 -3.1816
6.79841 0.848612
2.62359 -5.40561
7.98103 -2.80876
-6.8968 5.54569
6.39417 6.83396
-1.56067 9.86731
4.33711 -6.12798
7.08404 1.44725
3.95581 5.28336
-2.49375 7.58284
4.79886 -5.51712
-6.31482 6.82835
4.08682 7.12404
-6.28266 7.40475
-8.3023 3.23022
-9.63655 -1.49719
-7.12937 -3.35541
5.58479 3.64139
0.867813 5.32561
7.49005 5.32529
4.89059 -3.81958
3.6411 -4.07485
-6.04912 -7.49513
9.42097 -1.68132
1.97803 4.67251
-9.16392 2.03845
0.228913 7.34804
2.25446 -9.21011
-0.515843 -9.77098
-5.19156 5.41095
1.83094 -7.41113
-3.99521 -7.55371
4.87671 2.92299
6.75073 -0.564243
5.60319 -7.11857
-2.48031 -6.58508
4.50631 -2.3757
-8.33613 -5.36129
5.2047 -4.60184
-4.78395 -3.76482
6.66177 4.30261
-6.05427 5.88966
7.56582 -1.34259
-4.89698 -3.62066
7.62507 -5.43366
-3.47914 6.095
-7.35964 6.47775
-8.4035 2.30943
-5.47079 -7.6047
7.87284 -1.10804
-2.80081 6.82486
-4.71672 6.10666
-5.92022 -1.07989
5.74672 5.14109
-4.02772 6.14584
2.57113 -6.9644
-7.26942 2.91068
-0.234045 6.39896
7.24662 -6.03337
6.71273 0.890585
8.0587 2.57437
7.5087 -1.28575
-9.67093 0.697618
1.90097 9.63411
0.448199 -7.12734
7.90969 -1.8857
6.99708 -0.083067
3.8932 -7.02254
-8.3181 -2.26354
-3.39297 -5.72991
-4.25801 -4.33718
5.0434 4.40928
6.7672 -3.69109
-7.02576 -1.87133
8.6212 -3.4267
7.45375 -4.80766
-2.3017 -4.72042
8.88813 2.8219
7.75631 0.312688
-4.65025 3.1969
-9.62094 0.854132
-4.60623 3.02766
5.89188 4.876
-8.36575 -3.09005
-2.87215 7.71615
5.30587 -4.23296
-3.2865 3.87696
-8.50346 2.29975
-3.28589 -6.0109
-5.25951 3.45414
-0.0971758 6.76658
5.82643 4.75019
-3.52674 6.16055
-0.827707 8.72733
0.26703 7.98144
4.08423 3.69473
-3.74936 4.5531
3.9426 3.22297
5.86619 -7.00356
-4.30863 4.89939
3.98312 4.31745
3.42549 -7.7145
2.41247 6.35571
5.77636 3.29419
5.41216 2.14209
-4.88588 2.94934
9.60301 -2.17577
7.93596 -0.385499
0.0972477 -5.55771
6.62611 5.06694
0.0896915 7.4452
-6.50759 7.00356
8.7858 2.92592
-4.07604 -6.01058
0.114704 7.8225
-7.1888 -2.17168
3.5528 -8.09941
5.12609 -5.82805
7.94329 2.92239
-3.3539 -9.00251
-5.26824 -3.3147
-2.06989 -8.58303
4.97407 -0.853674
-7.6945 -1.4132
8.39988 -3.22221
4.23492 -3.73005
8.97739 3.04391
-3.1241 -6.66596
5.16302 -5.10759
-3.29541 -6.01476
-1.27851 -7.99937
-5.4943 -2.77624
-0.218173 -6.83001
8.1524 -2.66277
8.01196 -3.06428
6.46513 -0.589836
6.62787 -5.39665
-1.55937 -8.29305
-3.29675 -8.49663
6.57345 -0.0994912
-4.34007 -3.5535
-3.70166 6.19167
-1.6627 -4.92479
9.13305 -0.89527
-6.8009 -2.67617
1.85841 -5.71717
7.0925 3.62718
-6.45012 -7.22388
8.16586 3.67583
4.29494 4.99534
-3.3229 -7.9648
7.94533 -2.78027
-7.93568 5.08883
-5.78771 5.88469
3.91414 4.90111
-7.04695 1.96329
-0.157612 -8.99206
-7.30531 -0.353221
3.94684 -5.4943
-2.70517 -5.85506
-5.93369 -7.48673
-2.71854 9.49121
-1.31176 -6.69085
6.89962 1.92672
2.36737 8.36887
-4.33412 -3.63534
0.824273 -6.44461
5.37599 -5.66314
-0.385131 7.10418
6.54457 -5.34315
3.52402 8.21782
-3.05163 -8.72247
1.52275 -7.06494
7.94811 3.82373
5.39289 -1.67488
-9.68154 2.27377
-4.68877 -4.18533
2.40046 4.5484
4.90347 -7.42251
9.89239 1.38398
0.539747 -8.47989
2.33756 7.32299
-8.90928 1.75731
-4.89833 -6.15481
3.54202 -9.30099
-1.70844 6.26294
8.77279 4.28612
-7.56575 2.44799
3.29418 5.31636
9.27462 -1.51341
4.13422 3.87973
9.72803 -0.932268
-0.581024 -5.26545
-5.67752 -2.09237
8.13727 3.01451
4.83405 5.85007
2.07978 -5.20602
-6.47207 3.85015
4.46157 5.62636
1.407 7.44789
-3.2471 5.92206
-8.01456 -0.785461
4.46379 2.88003
4.7464 -7.1955
6.859 -0.763871
-4.36275 -4.68188
8.40134 1.33208
8.26068 -2.70431
8.72829 -3.68077
-6.53869 4.29178
3.24199 8.04282
-4.25974 6.59068
9.51405 2.65524
6.64115 -2.18187
-5.05762 -3.4723
-5.24635 4.55158
1.9615 7.00028
-6.24172 -4.52403
4.67939 6.56586
-7.64223 -2.97494
0.232811 -7.15057
5.14209 3.18633
-4.92632 3.35095
-0.569238 -7.18959
4.54024 7.76043
3.39226 -6.31487
5.90625 6.30462
-3.23116 -6.07363
0.433541 6.52251
3.80027 -8.82696
5.22914 6.20366
4.90069 5.97037
3.94871 5.90556
-5.20688 8.03391
5.9146 6.6358
7.90755 2.12474
8.33796 -3.86433
-8.67496 -0.033245
-4.10827 -7.66593
6.65791 -0.561087
5.47002 -5.35781
-8.64983 2.2371
-1.06669 -7.8895
1.20264 -7.26946
2.19003 7.76642
-3.24059 -4.56325
5.51643 -5.28777
5.60151 4.65876
-0.172981 -7.2851
-3.33517 5.85576
-2.17461 -8.73645
6.43631 -4.94536
3.34887 4.44126
4.1902 4.71419
-8.55736 -3.53534
-3.91912 -8.7029
5.27416 2.82589
-5.26202 1.211
-6.72446 2.00497
-2.53024 -5.70805
-1.94733 -8.73711
-5.17716 7.41371
2.2855 -7.66509
-7.18377 2.38316
-6.27354 0.664786
-6.93523 -0.435786
-4.25516 3.58478
9.33549 1.58183
5.73598 4.691
-3.32331 5.12311
4.08005 -6.51594
-7.67632 4.08913
-7.86545 5.38233
0.81571 9.63785
-5.93104 -3.07115
3.24669 7.1779
-0.960974 8.9092
-3.06103 -6.66642
-7.39118 -3.5761
-7.01453 6.84795
-6.49348 4.16477
-2.51239 -5.65804
5.30453 -6.69949
1.70811 8.12696
8.863 0.451226
3.7594 4.30238
-0.163388 -6.05767
8.74511 -0.855824
-4.91531 8.36773
7.49467 2.99246
-5.78899 4.44685
-1.76439 5.91466
7.68469 -3.39809
8.35002 -1.23102
5.94244 -5.3949
-0.225477 -9.58474
4.52584 5.75548
-7.67684 -4.60503
6.876 4.91363
3.4348 8.71459
6.06071 2.39676
2.42471 -7.85899
-6.01271 4.39422
-6.42712 -0.551937
3.5882 6.90579
5.65914 -6.85027
7.54242 5.41742
-1.65497 4.89011
8.00969 -1.20077
-1.2737 -7.09663
6.92929 0.560357
-2.07445 -5.34344
-7.12902 2.59466
8.50361 0.143644
-5.78289 6.94552
-4.17056 5.34806
4.8505 2.34881
-3.61838 5.89445
8.04281 -4.57467
-6.48992 3.95589
6.90047 -3.79438
7.80032 0.055006
4.48556 8.87863
3.10136 4.57588
6.89733 3.45745
-5.67357 4.25192
1.97735 -6.72848
-5.52142 1.5414
6.23574 4.00261
-8.13804 4.01219
1.11554 8.92259
2.14005 7.76612
5.22838 -6.68606
7.42513 -5.77108
5.52743 -0.423766
-2.22839 7.43279
2.8805 -7.37276
-7.50984 2.15639
2.37839 -6.33823
-6.69245 -0.0539254
-6.32338 2.97405
4.83354 -2.73374
-5.9355 1.98871
8.08481 1.47012
8.28376 5.13815
-3.05778 7.88118
-3.17105 4.22643
-6.46378 3.30462
0.75617 8.94747
-4.73596 2.73455
-0.493067 -6.97011
3.29304 6.04174
3.48568 3.80287
-4.17068 3.33981
-7.74594 -5.97687
6.75777 -2.17867
3.41595 -8.05333
7.74678 0.119901
-4.82082 -3.44359
-7.94698 -4.91945
-8.15502 -1.42598
-6.5274 -6.06794
-3.78688 -6.13393
7.06961 -0.993476
-0.263396 -6.89272
-5.87888 -6.35234
9.67824 2.19876
-5.39508 4.87279
5.00043 2.14951
6.74254 1.7959
3.77526 -9.13712
-7.4989 5.96258
-6.89817 2.45618
-0.35287 9.30815
2.14155 -6.99446
-2.59142 5.9482
-7.30552 -3.85302
2.34226 6.30718
4.78084 -8.34753
-5.45476 1.8428
-8.11092 -0.178656
4.42471 6.11601
-8.1444 -3.00918
4.64436 -2.21049
8.23256 4.64529
-7.51739 -4.76103
1.42168 -5.83035
-8.62275 -2.63104
0.111382 -8.00048
-4.13953 6.8588
-4.11356 3.4417
4.61435 -6.61921
-9.05949 -2.80965
-1.77222 -5.69748
-7.6446 -2.86281
4.74176 -5.23567
4.04576 -2.98063
4.58753 2.69431
-3.15512 -8.03489
-2.4082 5.36795
-5.46512 7.80955
-4.75548 -5.3323
0.100431 7.94663
-2.94971 4.20038
-2.73987 -8.96261
5.39181 0.180467
-6.88958 6.8948
0.845377 8.25145
2.11883 -8.87385
-4.70591 7.83981
3.6743 -6.04424
-5.49387 4.48851
-5.17249 6.03178
-7.7705 1.15382
-7.73358 1.78428
8.34315 3.38592
7.11267 2.69132
-6.92824 -3.00644
2.68291 -8.30253
5.03365 0.549056
-6.4602 3.44604
-2.37236 7.82167
-1.22399 8.48208
-1.62699 -4.79394
8.28129 3.68595
9.67807 -0.595721
3.43336 4.39884
9.69129 1.4761
6.2298 4.30124
-4.54778 5.4635
5.00744 0.0294969
-4.24623 -6.40173
6.19728 -2.28394
-6.13035 7.26754
5.58083 -3.00875
-8.08979 -5.15874
-2.89842 6.25476
3.8131 6.80641
-4.58589 4.93763
6.71947 -5.8617
2.48389 6.69864
4.09063 -8.70506
-5.86558 -2.76487
5.74035 -1.94978
0.304253 -6.41977
-3.57657 8.51442
-1.41936 4.80646
2.10654 4.6119
-7.85525 -3.24992
-1.46755 -5.10631
8.20463 -4.74559
1.62713 7.09833
-4.73323 8.5811
-6.36626 2.19596
7.54293 -6.04714
5.64986 -2.78473
-4.76636 -8.25145
-5.20139 0.26908
2.42467 -8.63317
4.14549 -6.74764
-7.63865 -2.85073
-6.62466 -0.741334
0.401904 -5.20697
6.69216 -4.80922
-8.62742 -1.00915
-0.852512 -8.17225
2.83986 9.48726
-7.55649 -1.99103
0.639741 -7.87196
8.7415 -1.66123
-3.18707 -5.1007
-7.42883 3.58509
-5.33068 7.2152
5.87517 3.92891
-6.88731 4.9657
-1.47647 5.00495
-1.83344 5.3865
7.4972 5.36489
7.68828 -3.00247
5.85702 -1.02322
-0.840957 6.02909
-1.20863 6.54158
8.44561 5.29829
8.34076 3.16981
-5.07321 -5.48099
1.02286 -8.76657
0.272921 6.99049
9.1807 -0.0557743
3.22912 -8.12056
7.90834 -4.51001
0.189871 -8.83636
7.26484 0.102893
5.0773 -5.86547
-6.99554 6.01402
4.15281 -3.77096
1.41097 -5.75044
-7.71792 4.92544
1.84046 -7.34122
-3.86475 5.19915
2.03897 8.95688
-1.71063 9.52237
1.67121 7.95794
-7.26246 -0.100441
-8.11537 4.97934
7.76462 -0.0578405
7.87423 2.18965
1.51769 7.86008
3.41906 4.12289
7.18668 6.55341
3.12448 -6.81827
5.30712 -3.23747
7.87625 -3.9494
2.38885 9.39866
3.3099 9.42909
-5.28211 3.59583
-4.87543 -1.28073
-5.30517 -4.03829
8.44656 1.37099
6.35671 -2.7162
-2.41263 -9.1527
-9.40663 2.82068
7.22774 -3.30561
1.91533 -9.09161
4.9133 -2.12474
-4.31095 5.88994
-7.70659 -4.62628
-8.9975 -0.947564
-5.70827 1.11587
5.63176 -6.99179
9.02615 2.56167
-6.06916 -4.38604
2.6863 8.62241
3.25169 -8.91043
2.48065 -7.73203
7.71241 2.51225
-2.07251 7.33933
-7.95649 -4.69196
2.28152 5.47173
3.40003 4.32194
-5.33097 2.35362
8.82374 0.613165
5.45617 1.83025
-3.98817 -9.11335
-8.00642 -3.93357
4.79592 5.03916
5.18638 7.48031
-6.78209 -6.5519
-8.23341 1.08145
1.2751 -9.43334
-6.14869 -1.09595
0.436071 9.04568
-9.30465 -3.31777
0.226955 -5.57546
-6.80784 0.653323
1.27728 7.27014
9.24712 -3.70434
7.97065 2.75978
3.60392 -8.96958
-6.08332 -2.35932
7.37645 -4.0399
1.47126 7.44584
6.86418 6.27709
-0.874143 8.28304
-6.92056 6.149
6.31285 0.0227494
-4.69711 -4.3495
-5.83851 -7.8332
7.33884 3.80015
9.18655 -1.69224
-1.53922 -9.67579
-1.00983 7.72803
5.04108 5.35069
9.02018 2.16375
6.50059 -4.61479
-0.789388 -7.24152
-2.4248 6.38466
6.92418 -5.32481
5.91527 -2.14025
9.8055 0.993337
1.80572 8.69721
-5.94269 1.21359
-3.26745 3.98892
1.806 -6.63952
9.533 1.08876
-1.17284 8.01966
6.44758 4.4246
4.2859 -6.94078
6.24227 -6.10249
-4.50129 6.81643
3.73223 7.63984
2.80547 -8.45348
-8.98896 2.48286
-6.333 1.27782
6.15209 -1.79425
5.18231 -0.874105
-5.66119 -7.64367
-7.18988 -0.31446
-5.12955 7.62694
6.03367 7.87489
-6.69815 4.13081
6.52074 -5.85556
-0.0492277 -7.37065
-1.85689 -8.7338
0.792086 -7.41844
-1.72377 8.59241
-7.28494 2.08581
-3.80758 6.07725
0.317085 9.2504
-6.10218 0.688375
-3.60847 -7.54225
6.04431 6.66407
1.11346 -6.01119
9.92915 -0.716498
-2.17932 -7.79937
4.67816 5.87685
-7.78519 -5.64416
4.47168 -4.55551
-4.52123 -8.2392
-3.03032 9.4136
-7.84658 2.53702
-0.272867 -6.07027
-2.96757 4.12956
5.48143 6.37008
3.09713 -6.59289
-6.71764 -3.31571
-7.21284 -6.25824
-2.27608 5.91616
-7.17091 -1.4231
-5.76701 -6.13365
5.34673 2.46552
-2.03284 -5.96092
-5.21288 7.19036
8.36059 -3.50121
-4.9073 2.99396
-0.533453 -5.74157
-3.09552 -6.48299
6.22368 1.45304
3.99258 3.33253
-8.41813 -3.50196
2.52543 4.87527
-1.33562 -7.7774
5.17908 4.81434
-5.45846 -0.290749
-6.07227 3.41943
-9.62447 1.51945
-2.56251 -8.04992
4.95472 -6.00238
0.247083 -7.27533
3.53035 -5.48318
4.23298 3.66044
-1.73824 5.3595
-6.14358 4.90192
6.5905 6.55913
-4.91386 -7.22292
4.3652 5.85124
1.76638 7.57704
7.23362 -4.52243
-6.74267 -4.04301
9.095 -0.262993
-0.126976 5.90821
-0.663408 -9.90639
3.38166 -4.48436
-8.67141 -0.424643
-4.92809 -6.35936
6.08243 7.42911
-9.26862 2.25522
-5.1857 3.93664
0.0639196 -5.70286
-7.93451 4.61829
-1.69377 -7.24509
-8.1717 -1.80269
3.50533 -5.99979
1.53808 -9.44904
-6.44626 -2.26972
-7.11522 -5.51315
-5.83405 7.08315
6.50828 4.6258
5.84436 6.13444
-4.28055 -3.28638
5.84889 2.28704
-1.64147 -8.25366
8.55848 2.3922
5.64975 -4.62236
6.25295 -6.61645
-3.4673 5.07903
3.30513 9.25248
6.37028 5.32103
-6.83622 3.68511
-4.36228 3.24311
6.88637 -0.727225
6.33276 -5.32593
7.27286 -4.97207
-5.52033 -0.198746
-2.34224 -6.09086
-7.31031 -4.43331
-0.65655 5.36492
-3.51137 4.45296
-5.83479 -5.33088
-7.2021 -5.72535
-5.32879 -1.03823
-4.19141 -5.09562
1.82944 7.47468
6.86884 4.53171
4.42345 5.00282
4.18347 -8.38686
2.0356 -7.61587
0.0185377 -8.43701
-0.892071 6.95734
1.64262 7.47428
-5.97526 -6.2314
4.63111 -4.92047
1.57955 7.57899
0.0971722 -6.82699
9.28885 -2.25066
-6.79085 6.20248
9.01907 3.58144
-6.66265 0.815394
4.31936 -4.52192
0.0353296 -6.21469
6.24365 -2.96539
0.0791481 -9.75789
-0.802647 9.9095
8.93543 -2.23248
-1.3192 8.13451
5.69727 -5.98771
4.58603 -2.55043
-5.06333 0.597071
-5.02065 -2.03589
-6.81848 1.75457
9.12974 3.50839
-0.555196 8.8177
-0.843191 8.49335
7.79651 -4.13844
5.23966 2.90492
-0.140768 -5.89366
5.2351 6.32452
-3.74466 3.51193
7.11361 -1.48157
-0.533761 9.08395
-6.02578 4.70255
-6.66998 -2.38543
8.02748 -2.15864
6.66403 2.28429
-4.99795 -0.628738
-7.20737 5.78362
5.25062 7.19572
8.86662 1.28466
2.58157 8.52879
3.31684 6.09881
2.72557 8.59118
-8.10981 -1.55315
1.28574 9.50986
-7.7453 4.77547
1.26339 -6.25072
4.18584 -8.6264
9.45675 -0.385444
1.84142 8.66198
1.97369 -8.15014
1.65439 5.41271
-8.59071 -4.01765
-4.58576 7.17879
5.24323 2.99124
-6.16526 0.553909
5.80992 7.32403
-5.05647 -4.1706
4.75686 8.48598
0.657337 7.86587
1.67502 -7.93063
9.90539 -0.127427
-1.65942 -9.81228
5.08337 -3.7769
1.56309 -9.06704
-9.74585 1.58037
0.00887449 9.15361
4.80501 -2.22251
6.24367 -2.55983
-1.68695 7.39745
-3.76445 -9.13365
-9.27588 0.291426
0.542319 -5.24906
-0.934655 -8.74597
6.41727 -4.97702
-8.85348 -0.367069
-7.91823 -1.72176
2.27911 5.08516
6.32112 -0.934287
-4.79936 -2.92033
-5.62104 7.17265
-4.08071 -4.42251
-9.09244 3.43575
4.65847 -5.15728
5.55707 -2.35832
2.04732 9.3513
7.31727 1.37931
4.09271 6.23499
-8.56419 1.63554
8.54634 -1.65002
8.19054 -1.64994
2.75571 -4.72858
6.70987 -7.2095
-7.16819 4.21606
-5.8687 4.70063
3.49447 -8.42995
-2.21144 -7.7157
2.20212 -8.93612
-5.75975 -4.11492
4.5057 7.25076
8.89646 2.84269
-1.00502 8.56472
-3.84321 7.09484
-2.76641 4.92996
-2.19351 -6.32363
-6.90691 -4.41253
-1.36692 6.09664
6.30947 3.26295
2.6865 -8.01773
6.07834 -1.26935
2.43038 7.34332
-0.896399 -5.78501
-8.62736 -0.0458845
-7.66349 -0.261372
7.11286 5.8106
-1.2274 -8.94922
-8.94379 1.79971
7.75615 -2.45753
-3.76574 9.13706
6.57836 2.56278
-5.0633 1.12019
6.96511 2.62385
-0.984803 8.41604
4.44741 7.68016
-2.76489 -9.45856
-7.04257 -4.51361
-0.213577 -9.59298
-4.38959 4.11948
-7.04619 -5.29335
-5.30705 4.36274
4.62693 4.88263
2.32712 -8.12527
-1.35809 -5.35417
-7.5489 5.6414
-4.98 1.20944
6.99115 0.235755
2.33149 5.3429
0.4885 -9.78153
7.56584 -0.945166
-5.4081 6.0176
-2.12123 8.48666
-4.73166 -4.97939
8.60373 2.89803
7.16827 -2.90875
-7.29497 -6.63897
-1.21326 8.73871
-7.27339 -3.91618
0.685092 -5.65356
0.538169 5.01189
-5.22649 -1.53888
-4.00527 3.37919
-5.99182 -4.59234
-3.47512 -6.29096
-5.34921 -4.20996
2.70317 -7.74934
-3.12877 -5.30939
5.06811 -0.299775
1.68095 -8.25524
-6.02123 1.27027
9.42599 2.67895
5.16566 -0.671659
7.67288 -1.841
-1.71405 -7.98689
8.69409 1.55286
-3.80511 7.55106
-9.37448 3.19798
-8.82362 1.4004
0.524205 -9.69028
-4.60151 2.47173
6.92202 -1.65889
-0.896945 5.03936
-3.53018 8.27437
7.40379 -4.57833
-8.01551 3.3112
-4.98201 7.27899
-1.93557 8.92191
-5.74961 6.34669
-7.62629 4.97788
3.16227 8.27438
7.4318 6.32695
-2.94846 5.27867
6.89912 -6.52044
-6.20471 -2.63979
-6.89022 -3.85989
6.87842 5.6419
3.45354 3.69918
1.65118 -8.6171
-3.99988 -6.05235
-1.76912 6.42927
-3.24547 -6.61083
-8.25481 1.4291
0.91952 -5.6259
5.54628 -3.64443
-0.244776 6.05202
-7.11635 -4.45061
-1.4348 5.40004
-1.55827 -9.80122
-3.11105 -7.37877
5.07976 -4.4729
-8.28695 1.16873
2.80071 -8.41831
-2.50087 7.82202
4.62638 -4.39052
-3.53041 4.35743
6.76646 3.96422
-5.05184 -6.29024
-0.0825752 -7.84075
0.55854 7.38549
-7.15333 -5.97734
-1.21902 -8.1231
-4.94089 -1.61065
-4.4369 8.95771
6.91589 -4.63982
-1.36176 -7.0474
-5.73301 5.34392
-4.72091 -4.4036
8.65471 -0.242264
-3.01951 -8.90365
-3.72426 6.44606
4.76546 -6.832
-5.38748 -7.37269
7.14814 -1.25505
6.29389 1.42613
8.91648 -0.706856
-0.132464 -6.3268
5.45728 0.474695
-1.80708 8.37998
2.28424 -8.75387
-6.27694 3.39408
4.25398 -3.2778
0.456064 5.07554
4.55195 4.55386
4.26746 3.24848
0.701454 9.33985
-5.13816 2.98468
3.55588 3.67328
-5.78546 3.77433
-4.82288 1.83535
6.66373 -2.66557
-2.86039 5.40429
-9.52821 -0.609111
2.66361 7.29322
-2.92999 -4.33488
3.6814 -6.68444
-5.31766 6.1452
7.54003 5.34938
7.04718 1.93127
-7.51748 -6.24491
1.85705 -8.59944
7.36106 -2.59903
-1.9126 -5.13509
-5.4577 -7.58793
-0.216144 7.26713
-6.45176 5.23528
-8.70257 -4.06823
5.31574 1.56899
1.41675 -8.72319
7.67798 3.82925
-6.21095 -7.43769
7.28509 0.504563
3.70358 6.04984
-3.25383 -7.16397
-4.86905 5.89623
-2.11149 -7.85034
3.77846 4.5654
1.98803 -7.17482
-7.17055 4.62794
4.16899 8.18363
2.24227 5.78785
-3.60878 7.27465
5.12658 2.50531
6.74935 -3.64264
-1.86643 -9.10346
-1.90582 8.85175
-8.6038 -4.09703
2.09476 6.6982
-3.33409 4.02609
6.47736 5.02798
-3.48742 6.98583
4.9957 2.6876
3.12083 -8.17528
-8.25501 -1.88192
-6.72011 -4.94746
5.03916 -6.78188
-2.67066 -0.74055
4.2971 1.40469
1.79733 1.67498
-1.52149 -2.52158
0.400159 0.0620629
-3.48501 -2.16636
0.900198 2.81729
-3.11437 0.584534
0.6823 3.54049
-2.89247 0.00505927
1.45059 -3.02039
3.79954 -2.46734
-3.49583 2.05859
2.6972 -1.37944
-3.75859 2.00375
-1.26868 1.40971
3.08627 -2.09328
1.19394 -4.40521
0.504341 2.72792
-0.358493 -2.79272
-0.0848289 -4.2056
-1.13081 3.26987
-3.0752 3.10626
1.15619 2.78212
0.584231 1.76006
-3.60865 1.05651
-1.30704 -1.87432
-2.99586 2.49222
-2.48742 1.48788
-4.23334 -1.10602
3.95885 2.12692
0.0466928 -1.84434
3.87805 -1.10533
-0.23474 1.19729
-2.54841 -2.54628
-0.061994 1.79147
-0.732641 3.98752
0.272948 -0.826669
-1.25076 3.50965
-1.19007 0.0613273
0.513932 -3.00955
-1.02757 -1.96788
4.16595 0.195416
-2.56978 2.32136
-1.98544 2.16929
-1.82558 3.06397
2.48339 1.64117
3.16042 1.59321
4.12347 0.20156
-1.98659 -2.70609
-1.22326 2.19211
0.129105 3.58519
-2.09211 0.455795
-0.692799 -2.0495
-0.285445 0.995635
-1.6745 -1.33584
-0.257728 -1.05629
2.58417 1.78394
0.482879 1.85378
0.638361 0.63438
-2.29361 -0.117221
3.88386 2.48448
-0.458145 2.21271
3.12975 -2.93915
1.99428 1.61287
1.83668 1.03566
-3.06726 2.39837
-2.35422 2.74199
-2.35898 0.212592
2.21871 1.31433
-3.76406 -1.22229
-2.35322 2.09122
2.45591 2.58339
-4.16615 -0.651719
-3.9618 -2.15212
-3.89647 -2.58147
-2.1887 -3.26687
-0.978438 4.06255
3.3522 -1.19499
2.27015 0.174779
-2.4903 -0.579032
-2.69385 -1.99429
1.51943 2.11516
-2.98146 1.15069
0.294565 3.7338
0.78714 1.20725
0.539585 2.52186
2.2787 -1.28902
4.07409 -1.39298
-0.191163 -4.58675
1.77797 -3.18158
-3.07269 2.72364
-3.40927 -0.225119
3.11713 -3.19729
1.70688 3.11926
-3.04537 1.48541
-0.483956 -0.35824
4.30181 0.341799
3.2589 2.05171
2.18704 -0.267021
3.17684 0.416793
4.04983 -1.35146
-2.45019 0.935386
2.79041 -0.0261262
3.84494 -1.09413
-3.54252 1.98569
1.27727 -0.880386
-1.05325 -4.48625
-1.14803 0.61619
1.82561 -3.35046
0.743693 -3.82207
-0.991091 2.57107
3.71181 -2.09855
-1.94217 -1.03388
1.92022 0.0917767
0.00328834 -4.26104
-0.799308 1.86971
-3.3137 2.84128
-3.82377 -0.781634
1.55194 -1.84193
3.11103 2.88061
2.03167 0.777412
-2.48123 -1.17331
3.39371 1.00297
-1.13108 -1.75227
3.38492 -0.342602
1.81443 3.79915
2.77103 -1.4946
2.89465 -2.93568
-0.66774 2.03878
-3.10591 2.7585
1.0874 -0.790359
1.00975 -4.38067
0.276269 3.39228
-2.43486 2.20104
-3.3369 1.68595
3.09317 1.73158
2.97214 2.87892
-0.289548 4.58887
-1.0096 2.641
-2.42931 0.626464
-3.34003 2.22411
2.81546 1.33621
-1.22106 3.09232
-0.877073 -4.35383
-3.87578 -0.201678
-1.08017 -0.469943
1.53209 3.78555
1.00561 0.404753
-0.893368 -0.442528
-0.0563515 -2.25382
-1.81371 1.62154
2.31498 1.81401
1.34134 -0.930264
2.69748 0.0868737
3.38741 3.06807
-0.935015 -1.44876
0.630074 1.40616
2.77977 -1.48381
-2.2454 0.676777
-3.07725 1.46142
-4.03084 -0.144089
3.54149 1.90678
2.53328 3.50852
3.0678 -0.827331
-2.20446 1.9172
0.0113286 -0.453094
1.89766 1.70223
1.00217 -3.03673
2.58789 -1.65867
-2.49844 3.03344
-0.369017 -3.00753
-1.65031 -3.30792
-2.80806 2.23409
1.88189 -3.99898
1.37559 -3.97522
-3.13222 2.84014
-2.17421 3.34955
1.95701 -4.03697
-1.25646 -2.99965
0.458359 1.41339
3.38283 -2.30238
-4.50021 0.255377
1.06764 -1.17872
2.67684 -0.738508
3.76765 -1.62651
1.17913 -1.11343
0.0427106 -1.30402
0.932288 -1.68235
2.07168 -3.37222
2.14835 -2.97189
-2.93776 -0.824936
0.24292 -1.98958
0.253013 3.71974
1.12179 0.658146
0.00373435 0.667702
0.537925 -2.10632
3.28581 2.11016
2.64627 0.726733
3.8016 -1.93583
0.462543 0.510929
-0.4882 -2.91659
-2.36262 -2.11713
2.21367 -0.905854
3.95975 0.229503
2.65398 -3.12428
3.19255 -2.66734
0.507997 4.53176
2.31227 3.02381
-3.6531 0.698475
2.26623 3.24513
3.83349 2.00704
2.74454 3.54659
1.77946 0.822451
3.55781 2.41895
0.938671 3.72822
4.18633 -0.345946
-1.26714 0.377041
3.20933 -2.73312
4.50575 0.779451
1.19547 3.69229
2.09707 4.00941
-1.53763 -3.79723
2.67977 1.18168
1.69982 -0.860896
2.42809 -0.175153
-3.3028 3.26449
0.551122 4.17596
0.0676211 -1.69788
-0.622757 -4.25589
-3.76213 -2.47366
-1.28622 1.9779
1.79756 0.729285
1.46333 -0.357444
1.76255 2.48538
-0.514564 -2.98596
0.166733 -1.29181
-3.45223 -2.52099
-0.494232 -1.05025
-0.274365 -1.27016
1.54221 3.72302
-0.17035 3.38673
1.79255 4.00401
1.01804 -3.61299
2.52434 -1.35739
-0.402716 1.8647
-1.14108 -4.36232
2.17657 -1.798
1.07315 1.27096
2.04772 0.958837
-3.59099 2.23398
1.80151 -2.08427
1.37611 -2.95928
-3.73053 -1.56272
-2.61799 -2.49915
-0.396206 4.00402
-2.52633 -1.3821
-2.40327 -0.848718
-2.79494 -1.50863
-1.52428 0.337716
-0.502226 3.42227
-4.25385 -0.495415
-1.85018 -1.99776
0.92436 -0.549866
-1.65305 -0.562576
4.18336 -1.28896
-2.17111 -0.0585639
-0.141185 -0.16269
-1.60077 2.03829
-3.53651 -1.36125
-2.23664 2.97217
-1.92325 1.71887
-1.84942 -0.881135
0.528407 -1.01237
2.15883 0.391136
-2.59722 1.05158
-3.43046 1.72373
2.43293 -0.212517
4.08877 -1.71767
1.84931 3.08118
0.506698 -2.11066
-4.21581 0.53203
-1.22538 -4.12426
-0.133506 -0.61481
-0.244162 1.82046
-3.24915 2.88982
0.765355 0.0803112
-1.8444 -3.08564
1.86499 1.93518
-0.564407 3.72632
2.74737 -3.76657
0.460434 -0.113345
-0.764635 1.01093
2.71564 -1.20717
3.20668 2.33932
1.67717 -1.28338
1.57064 -2.15962
0.319733 3.20332
-2.96544 -3.58144
-1.80497 3.81976
-4.16692 -1.46711
2.64996 0.689051
-1.29528 0.228922
-2.51624 -1.32359
0.769402 -1.79602
3.02249 -2.28939
3.00173 -0.446732
0.939376 -2.50722
1.10012 1.57861
-1.39759 -4.07944
-2.93211 3.42137
2.79489 0.805794
1.32996 -1.99428
-4.09328 -0.433575
0.946261 -4.33888
-2.90242 -2.93831
0.804162 -1.98149
-2.65561 -0.0756949
-0.117114 -0.725502
2.74429 3.53618
-0.497319 0.48224
0.473008 -1.51929
-2.43206 -1.86288
3.53432 -1.45607
-0.659855 -1.09786
-1.8244 -1.87721
-3.38928 -0.874243
0.162913 -3.22844
1.90898 1.723
2.89545 0.462868
3.73469 0.584577
-0.851177 1.68121
-3.13809 2.44353
0.569625 -2.69697
4.56052 0.96467
-2.07053 -1.42326
-0.490241 0.53513
-3.30906 -2.30333
3.45917 1.50182
-1.21509 -1.67272
0.241719 -1.93455
0.0936933 -4.43916
-1.43993 -4.30972
-0.374671 -1.92447
3.18421 -2.04029
-0.853065 -3.35766
-0.379786 -2.74039
2.41706 -2.14532
-0.174868 3.78277
-1.24784 2.80987
-1.88028 -3.86366
-0.37511 -3.7897
-0.975343 1.47906
1.06092 1.91738
2.39618 -2.14775
0.228875 1.74081
3.13044 1.44962
4.20655 0.910608
-0.00508415 0.961522
2.43881 -1.92154
3.59863 -0.477525
2.62974 2.18544
0.153834 -3.43437
1.17761 -0.101311
-4.17835 1.67275
1.34889 -0.96649
1.03572 -0.340513
-1.66694 2.40176
-0.315584 -0.683298
0.348348 -0.253729
2.20766 1.38562
-1.08496 4.41641
2.59811 2.53591
-3.83244 0.735246
-2.22915 0.242986
3.39847 1.63175
-1.89352 1.54749
-1.14758 -4.42923
1.74532 1.40417
-0.130421 4.18885
0.998552 0.0449084
0.377104 1.92971
-2.99612 -0.466278
-2.44754 0.347268
-3.48869 0.267959
-3.94575 1.34613
1.99379 0.65322
1.4833 -1.17005
-3.49871 0.805026
-3.21352 -1.07725
-1.37479 -4.34943
-1.17942 2.19725
-3.74008 0.26729
-0.960919 -1.46481
0.0654726 1.13362
-0.381129 0.178965
1.36617 4.21207
0.812975 -3.35983
-0.925414 3.50765
-0.126678 -3.80272
1.54148 3.0363
1.26131 1.50465
-3.81364 -2.53105
1.7564 -3.36216
4.21415 -0.592237
-3.85414 -0.624275
2.72872 0.697271
0.395831 1.27197
-0.100999 -2.04899
-1.06048 -0.0314407
0.594794 -2.9226
-1.49291 4.34576
3.02288 -2.63806
-1.22268 -2.71356
2.5581 -3.31092
2.03507 -1.99313
3.39286 -0.592053
1.19242 -1.10618
-3.89012 1.64892
2.97953 1.65448
1.27877 -1.08603
-1.7341 -3.0134
-4.08757 1.21747
0.540403 0.870436
-3.5552 -1.32213
2.56014 -2.67341
0.278443 3.72078
2.08028 -0.731632
-3.0948 3.05946
4.41492 -0.424014
3.00472 -2.6993
0.841756 4.06542
-0.18816 -0.172627
-0.757475 3.59179
-0.369517 -1.79145
2.53151 2.86645
-1.88258 -2.208
-0.520171 -4.21485
0.48602 -1.95229
3.01279 -2.23195
-2.57438 0.626124
-1.60814 3.64652
0.631667 -3.67906
4.00888 2.16566
0.223674 -0.200795
2.00144 3.51621
-3.28748 -1.51451
-0.0420744 0.217555
0.193099 -2.80441
1.19124 1.49689
-0.583926 -3.14399
1.40691 0.370243
-1.16718 2.35662
2.47302 -3.85477
3.8144 1.21245
0.292762 3.16423
0.961429 -0.224671
3.56037 -1.57327
4.29202 0.187075
-3.10192 -0.333783
0.391432 3.36691
1.88697 2.88964
-1.00141 1.66584
-2.51216 -1.17928
-4.07297 -0.0535597
-2.02195 -3.86128
2.0973 -1.44438
0.966959 -4.57088
3.06213 -2.21553
-3.58132 -2.21505
1.51126 2.78703
-1.94472 -2.87888
2.14245 1.12222
-1.60049 -2.95426
1.21106 2.27437
3.09369 -1.51815
-1.02746 -3.34413
3.36714 -2.8507
0.462528 -1.85029
-3.5462 0.308748
1.1686 3.28051
-0.538431 0.569069
-2.80359 -3.66785
-0.76918 -0.0427502
3.41363 0.349182
-1.97163 -3.59899
-2.25038 -2.96376
1.74475 1.09126
1.72023 0.90674
-0.775832 -0.4615
0.366633 -0.219573
-3.60556 -2.84187
4.02588 0.0963738
3.43061 0.467664
-3.6861 2.2428
-3.08274 3.29845
0.196836 2.57662
1.2055 -3.66047
-0.0960027 2.36754
2.19798 3.33482
0.819557 -0.2449
-0.536797 3.80808
-1.98167 2.88833
-0.198732 1.81457
-2.19216 -0.631097
-0.836422 2.52282
3.42886 2.24547
2.80749 -2.07956
-1.436 -1.97982
-0.702516 -1.96312
3.81131 -0.110775
-0.488015 2.94915
-3.1065 1.93456
-2.8705 -3.16368
0.178243 2.57821
2.72477 2.40251
2.78419 -0.517359
-3.12557 -1.06092
0.741611 -1.88332
-0.494011 -1.34665
-0.110837 -3.10308
-0.070542 -3.60718
3.57475 -1.26374
3.89481 1.25909
-2.81176 3.07994
3.41962 -1.06413
3.87412 0.456876
1.79476 0.0383105
3.79063 2.38859
2.44125 0.849548
1.06373 -3.22015
-1.13664 -2.43797
-0.347167 2.01615
2.18751 -2.06806
1.57292 3.84509
2.108 1.01664
2.47318 0.453404
2.03452 0.0371375
1.25911 -2.6007
-1.11256 2.24839
3.25726 -3.38059
-3.17858 1.42071
2.07557 3.46672
-0.951221 -3.59067
-4.35987 -1.05826
-3.25962 0.884952
-3.29014 3.03143
4.42801 1.01289
-3.55045 -0.633739
3.39157 -0.338297
3.9258 1.73417
-0.866645 -1.42375
-3.01102 -2.60949
-3.58464 -2.7001
-2.0247 2.59485
2.91591 3.52852
-3.42654 2.8878
-0.496313 1.62677
2.59828 -3.59467
-3.5403 2.20096
-1.97469 -3.84851
2.6266 2.8889
4.37105 -0.34353
0.925598 3.08981
1.1489 3.29799
3.74569 1.81534
0.744717 1.24076
0.159445 -2.45994
-2.37495 2.06201
3.11567 -0.482636
0.755708 -0.501457
3.55067 -2.41077
-4.64118 -0.0330305
-4.09341 -0.958249
-2.02208 -1.65924
-3.27373 -1.61474
0.980284 4.534
1.89976 4.0756
4.56052 -0.295794
-0.0413445 -4.34457
0.880742 -3.00736
-1.31796 2.75006
1.52449 3.70508
-3.26404 -2.56375
-4.35063 0.467324
-0.358016 2.75805
1.62548 0.455472
0.428101 -1.66224
-3.90135 -0.13026
0.475815 -2.64525
-0.671545 1.68835
-3.38216 3.00178
1.96937 -4.23159
-3.33792 2.47383
-2.38751 0.968616
-3.90511 -1.41612
3.1075 1.23381
2.73023 -0.0363316
-2.5317 1.68619
1.87492 -4.02008
-3.24541 -1.72124
3.47134 -2.53456
4.5387 0.344069
-1.91902 1.54069
4.46981 -0.619062
2.48992 -2.66444
-2.47421 -1.63822
3.09179 -1.7681
-3.16087 1.34919
-2.29697 2.80739
4.08576 0.680768
-2.50739 -2.91053
3.64803 1.03077
-3.11464 -2.56126
-1.02837 0.73975
-4.42455 1.44614
-4.4873 0.124245
-4.41812 1.2728
0.293148 1.05097
2.84873 2.9786
-3.84565 0.440273
-3.15461 -1.92969
3.93938 -0.414289
-0.83236 -4.38297
0.131743 2.37572
-2.84281 -1.27363
1.74468 4.32495
3.02262 2.20442
-3.21554 -0.746374
-3.46809 -2.02483
2.97801 1.63539
-1.49736 2.80806
1.44554 1.77949
1.18427 -1.17066
-3.49708 -2.1478
0.584649 -3.46767
0.019498 0.00480813
-0.4756 -2.55967
0.670988 -1.05243
-2.39406 0.248667
-2.44033 -3.54058
3.84369 0.278215
-0.63033 3.30966
1.59305 2.64347
3.54431 -0.176388
3.29815 -0.232888
-3.23764 1.44979
-1.40146 3.30185
-2.24112 0.490965
-3.17349 -2.86449
-2.45689 -1.88531
-0.116669 0.599086
0.237299 3.05764
-1.22602 -0.569968
-4.11083 -1.05185
-1.89985 -0.822268
2.82375 2.37714
-0.374666 -4.578
1.5637 -3.3243
-1.70987 2.51311
2.17339 -3.25414
-2.77313 3.2255
-0.907616 4.02217
-3.01374 1.90533
-3.36735 0.860551
0.475102 3.81994
0.2397 -4.39857
0.655354 -0.64849
1.09036 3.8829
-3.90477 0.961338
1.07243 -4.31188
-1.59474 3.96374
3.85117 -1.3265
-0.819197 -2.08774
4.19491 0.852421
-0.0186666 3.67599
-1.60282 2.78701
1.32067 -2.69008
4.36379 0.314271
-1.36144 3.45303
-0.692306 1.02077
2.38878 -1.98806
-2.1932 3.33989
4.38032 0.218756
-4.22848 0.635174
-2.01326 -3.8856
-4.56134 -0.285972
2.06082 -0.210324
4.31523 -1.54892
0.976417 1.76665
2.57658 3.924
-2.38879 -1.36589
1.09628 -0.770766
1.6981 -2.44211
-3.3548 -0.252096
2.08269 2.18675
3.08094 1.10544
-4.2702 0.284739
-2.15377 1.5912
-3.98563 0.722201
0.348141 0.00991344
1.50732 2.03674
-4.25044 -0.841591
-2.22089 2.29419
0.704281 2.35668
0.97171 -0.232147
-0.831106 -2.87805
-0.26394 3.98588
-2.79878 -2.6689
1.38418 -2.00689
-0.850418 1.44016
-2.22577 -1.07229
-0.985263 0.649011
-0.989319 0.590076
3.20577 -1.67781
0.379335 4.51212
-2.9942 2.27166
-2.1472 2.0827
-1.09428 0.676344
-0.822727 -1.31645
2.4989 2.55645
-1.5045 2.95233
-3.921 2.01202
-1.17004 2.80561
-2.37569 -2.33734
-3.11739 -2.59852
0.532452 2.77807
0.889993 3.64832
-0.815219 -3.71159
3.77751 -2.38657
0.635525 -2.93698
-0.390593 2.06056
2.09394 -2.79861
-0.922729 0.056901
0.111447 -2.42207
0.15323 4.33806
-1.56696 4.33356
1.86152 -2.90791
-1.64656 1.00383
3.12229 0.390952
1.02679 3.2161
3.23592 2.4485
-1.06127 -2.33835
-1.3733 -0.860972
-4.03134 1.93666
-3.57968 -1.15494
-1.35614 2.69295
-2.90203 -3.29908
-3.0301 1.79605
-0.0131035 0.562953
2.36722 0.0194981
4.22387 0.862309
-0.132448 -0.30655
-1.85328 3.90413
-0.320678 1.70264
-1.01392 -4.39005
2.76849 2.0175
-2.78183 -0.609502
-3.22193 0.853638
-0.939248 -3.52475
-2.55043 -3.28065
-2.96046 -2.6383
-1.42712 -1.4468
-0.643564 -2.00933
3.30332 3.14948
1.58629 1.4185
-1.65222 -2.70604
2.79435 -0.231181
1.08201 3.51666
-0.358534 0.821174
3.77914 -2.16978
1.43375 -1.86949
-0.539967 1.79813
3.61977 2.36765
-1.79077 0.863509
-1.41545 -1.80843
1.94188 -3.21735
1.87794 -3.75564
-3.96226 -1.02696
1.65193 -1.77095
1.83724 2.47517
-0.567246 -3.13554
-1.53259 -0.120703
-0.194173 -2.01746
-2.56607 -1.62534
1.18734 -4.2145
1.47545 -3.64931
4.15179 -0.113424
3.65542 -1.41934
-0.578721 1.81191
-0.758853 -3.80291
-2.72096 1.92389
0.277385 1.64878
3.67895 -2.41578
0.190427 -1.07741
1.3506 3.93523
-1.94068 1.55442
4.17526 1.44714
-4.52723 1.12643
1.14413 2.94296
3.38354 -1.58943
-0.641981 3.1832
0.43541 0.240523
2.38495 -0.0431396
-0.944385 -0.894373
-1.22718 -1.47527
-0.0613195 4.02311
-2.87053 -0.316994
-1.22756 -3.82357
-0.589247 4.05296
1.7339 -0.67016
-1.5147 0.561494
2.89421 -1.50669
2.42009 1.50003
0.204179 1.45629
1.61474 2.02209
0.36979 4.12742
-0.333627 -3.11259
-3.09793 -3.13874
2.36164 -2.24912
-1.72701 1.42185
2.97165 0.885272
-0.783288 0.0909294
-0.949554 1.12747
1.95571 0.635598
-2.97944 -0.700006
0.386636 -4.36862
-1.82857 1.87699
-1.55575 -2.95941
-0.70628 -0.562557
-1.26321 -2.31812
-2.641 -2.51251
-1.38647 -3.90309
0.0793111 2.62517
1.78528 -0.450479
1.59006 -2.44261
0.612664 -1.23241
-0.761551 1.87662
3.72679 -1.3713
0.53188 -0.549279
3.64293 2.04819
4.0066 1.8319
3.33833 3.06964
0.490208 -2.58601
-3.00189 3.38134
0.720903 -2.13866
2.60513 -1.43701
-2.64645 -3.10175
1.35031 -3.49522
-1.49809 1.093
-3.17495 0.830531
2.17567 1.75747
-3.19808 -0.478751
0.947896 -0.101302
0.747967 2.98913
2.82624 -2.78806
-1.39254 3.14935
-2.83527 2.8669
0.928761 -3.69232
-0.726674 0.399161
3.31916 -3.29757
1.85711 -2.48423
-2.47921 2.24056
0.0664009 -0.746566
-2.95408 -0.708747
-2.66666 3.05138
3.08531 -1.61166
-2.49799 3.36778
0.76346 -1.00767
-0.722173 -0.550381
-2.29137 0.956864
-1.58913 2.13976
-4.4781 0.920529
0.645733 1.68162
4.07665 0.964734
-3.19645 -1.77383
-1.60487 -3.70704
-1.684 1.64236
3.46608 2.72663
1.05095 -0.150255
2.20181 2.56221
1.68794 -2.38699
-2.10652 -3.67492
2.82188 -0.394845
1.46822 1.62569
3.67814 -2.61967
-3.64686 -0.819085
-2.67395 0.350465
2.5279 -1.95368
0.929864 -0.00685984
-0.46962 4.42309
-1.2258 -3.6663
1.26517 2.12046
0.69954 -4.32481
0.456546 1.51353
2.73738 1.86856
2.01017 3.30636
-4.35714 -1.34626
2.15916 1.57937
-1.56281 4.12375
0.00876025 -3.65489
-1.88241 -3.02365
-0.40456 -4.66699
2.41159 -0.746025
-2.63682 0.154098
-0.749173 0.988321
-0.0184196 -2.12204
2.80895 0.571239
-1.62378 -2.70947
3.42886 1.22061
1.48025 -4.02662
-1.77294 -0.875588
-4.17919 -1.38631
-0.415027 4.18698
2.15174 0.45895
3.45386 3.04446
-1.88765 -0.967123
3.90055 -0.00128669
2.83077 2.57958
0.522042 -3.73948
-0.707645 3.98814
-2.93333 0.168341
1.09515 1.67449
-4.09653 1.43029
3.55659 -1.03947
-1.6904 1.26924
-0.601687 -4.08479
3.0843 0.990319
0.407698 0.156324
-0.920793 0.659047
1.33002 -3.23667
1.63182 2.85665
-4.1061 0.838047
2.07374 -0.649358
-0.320325 4.00823
3.48138 1.58497
1.31322 -3.8391
3.08406 -3.20535
-3.99934 -1.12955
0.83016 -2.07595
1.11785 -2.08264
3.91332 -1.62378
3.32618 -1.99741
-1.02919 0.608913
-0.305814 0.17217
3.29546 -2.19162
1.30293 1.85417
-0.28559 2.75675
1.47222 -1.41834
3.75995 -0.426688
-0.313687 -3.90095
-3.37483 -2.91562
-2.82494 0.958825
0.25327 2.25192
0.860093 1.44735
-3.81492 0.00571904
-0.435529 0.0274892
3.45483 -2.80118
-2.08732 -1.53349
-1.00886 1.10202
-1.66483 -2.38836
3.416 -2.60244
-2.34265 -0.574725
4.20029 0.804721
-2.3321 3.49224
-1.586 -4.387
-1.68379 3.90466
0.583471 -1.95907
-1.36108 -0.407219
2.5527 2.79318
3.08688 2.95308
-3.23334 -3.36986
-1.26355 -2.29525
2.81143 3.65706
-2.39159 -1.68426
-0.0768385 -1.52213
-1.2266 2.14794
-2.10374 -4.12182
2.63216 -2.25941
-2.68261 -1.18561
-2.22175 -3.62859
-2.07818 -2.24247
4.5383 1.01684
-1.20882 -0.862705
-0.858462 -0.206288
-0.581247 1.23993
-1.7613 3.76514
1.11862 1.77534
0.27037 -1.48845
1.88311 -1.48892
-3.37629 2.07114
-2.45271 -3.49003
-1.88258 -2.00722
4.13898 1.50382
0.862077 3.86878
-0.492922 2.47757
1.87203 0.946599
-0.408924 1.66291
-0.132485 -1.8276
-1.61818 -3.48005
3.72995 -0.093296
3.35216 2.67065
-1.72592 0.249727
3.00398 3.09401
-1.47366 1.62703
-2.70632 1.39536
3.21969 3.07851
3.96451 -1.99587
-1.95637 0.726201
-0.0750252 -2.46273
0.947118 -4.1321
2.567 -0.720648
3.12263 -2.29467
0.331732 -0.853403
4.14254 -1.24529
2.21064 -2
1.55981 -3.10259
-0.497303 0.852258
-2.17471 -3.58788
-1.91348 -2.86523
0.252898 4.55667
-2.16136 0.808646
2.24921 -3.48659
0.211241 -1.17323
0.226211 -2.1998
-2.49355 3.23717
-4.0845 1.25206
2.94971 -3.61255
1.53444 -2.08107
-0.103384 -3.33859
-3.5086 1.2874
0.623977 -1.81639
-2.14435 2.38212
0.172346 4.48498
4.58145 0.307608
-2.04812 3.7002
3.80071 0.594406
3.21406 -0.439725
-1.10571 3.85155
-4.02386 -1.57212
1.33316 -3.36779
-4.0796 -0.15462
0.202181 -0.353981
-2.3926 1.97927
0.168843 -1.40906
-0.102237 2.57517
2.52777 -2.0709
3.25107 0.101199
0.248484 3.23427
-2.54348 -3.21394
-1.87841 0.313155
-1.45149 -1.38255
-1.03765 2.16161
2.18406 -1.44715
-1.27794 -3.71673
-3.42586 2.77866
-0.640917 -0.817432
-4.06289 -1.98323
1.17596 4.0252
-2.99093 1.36492
-1.27 3.62717
-0.719128 -1.01811
-0.167474 1.5779
-3.09471 -2.22261
-2.69943 -0.512632
-1.87924 0.02072
2.50877 0.130886
-3.6121 1.7798
0.720764 -0.693686
-1.36129 2.53797
-2.22679 -3.35643
-0.850162 0.854898
1.56237 4.38426
4.2207 1.3409
2.34747 -3.82258
-1.84061 1.39266
1.73663 -1.809
-3.03222 -0.679372
3.22142 1.79638
-1.4729 -4.20376
0.658689 -4.34669
-2.27895 -0.600652
0.18294 -0.287568
1.25806 -2.61539
-3.29301 -1.05093
2.22791 -3.57314
-2.38688 -1.80336
-0.0247672 0.578761
1.58099 2.1481
-3.00566 -1.51713
2.8088 -2.50493
3.23785 -1.66893
3.40684 -1.38989
2.04549 -2.77134
4.28592 1.31986
2.43826 1.64074
-2.67088 2.0453
-2.05962 1.92797
3.01163 -2.17929
-2.02997 1.15926
-3.95612 -1.08318
-2.36186 2.52348
1.25751 2.14215
1.42601 -2.98506
-2.52809 3.11456
-2.00871 -1.49924
-1.25396 -0.794621
-2.58182 3.21026
-3.85563 -0.704616
2.77046 0.0845491
-1.81788 -1.46509
3.1998 0.623062
-2.60083 1.40931
1.50439 3.78619
3.65902 1.91697
2.12196 -2.11471
-0.766764 -2.52114
-2.68467 0.116147
0.285089 -0.408628
-1.05997 -4.28293
-0.51079 2.62154
-2.79594 0.144266
-2.834 -2.09296
3.49433 1.00758
3.3046 -1.43514
3.73696 1.57728
-2.41182 3.70791
-1.47889 1.81852
1.62744 0.927488
-3.08728 -2.18474
1.59083 -2.4603
-3.70683 -2.6149
2.72492 -3.29917
3.47926 -2.36554
0.892394 -3.79739
-1.57517 -2.41296
0.218615 3.91212
-3.83491 1.89575
-3.4311 1.83917
-0.976967 3.36456
-0.675003 -1.39627
-0.960058 -4.53492
0.857672 2.66574
2.21417 1.6843
-3.15326 -0.474923
-2.76452 2.87077
0.497666 1.53305
2.76128 2.32688
3.55027 1.36653
2.30971 -3.44655
-3.79452 -1.18387
-2.33672 0.602429
-3.02404 -1.62042
-1.58346 3.10895
2.24337 -3.22737
3.97578 2.47978
-0.00963099 -1.77294
-0.72168 -3.71358
1.71151 -3.75154
2.7196 3.34852
1.93351 2.04108
-0.0292509 0.91477
-0.0759178 2.6874
-0.68078 2.33502
-3.87063 -2.55438
1.08865 -1.26737
-3.39769 -2.4693
-3.24203 -1.73036
1.25365 -0.77437
0.375014 -0.282855
-3.93943 1.94706
-3.42113 -3.07578
-1.92877 3.91677
-0.229152 -3.51655
1.40451 3.4078
3.53512 0.887224
-0.0094126 -2.20677
1.21318 -1.89461
-0.118325 -4.39929
-1.871 3.85253
3.57556 2.43548
-1.04995 0.0448635
-0.357308 2.47727
2.30331 -1.20439
0.110597 1.27703
-0.721627 -1.23932
1.29525 -3.95352
2.70517 2.67277
0.0241571 -0.468573
3.24099 0.660735
1.30005 -0.35582
-1.76479 1.57744
-3.63692 2.35873
-4.18017 0.803934
-0.287578 3.53113
2.99352 2.73197
0.443139 -3.9335
-1.61462 2.74235
1.96389 2.29279
0.971863 1.3738
1.55881 -3.23587
2.67013 1.46733
2.97543 2.27651
4.53394 -0.527144
-3.15901 2.68058
-1.01578 3.99909
3.47828 3.08231
-2.32106 -2.25902
2.17963 2.89975
-1.57502 -1.11652
4.29769 1.18647
-4.42989 -0.556629
2.01426 -2.46681
3.26701 -2.57295
-3.46842 -1.04994
0.731333 -3.55705
-1.99811 -2.99787
-1.41478 -2.88619
3.31488 2.5436
-0.102185 -0.961036
2.99942 -2.31998
0.678322 -0.243357
-1.43157 -1.00603
2.42613 1.05587
3.69619 0.33585
-2.00059 1.70034
2.22824 3.82436
-2.93679 -1.44411
3.9884 -0.918987
0.392438 3.30138
-0.367049 3.80202
1.49566 3.77528
0.10433 -1.27025
-4.37829 1.16062
-2.72416 3.20415
-3.36201 -0.408606
4.47061 0.368273
2.26361 -2.95828
-2.82695 3.54203
-4.17718 -1.34858
1.62905 -3.08521
0.0385305 -2.30452
4.13094 -0.805581
1.06669 -2.07624
-0.0739919 -3.42726
-1.4371 -0.0866912
-0.509755 -0.874144
1.25479 0.549311
0.494722 -3.35524
1.75419 -2.82129
0.312262 2.50562
3.54403 2.55144
1.9521 1.07737
3.16025 -0.618395
2.9061 2.262
0.796272 3.51862
-1.72507 0.71646
-3.89121 -0.80275
-1.22133 -3.44809
-2.08974 -3.70728
0.135803 3.43493
4.45807 1.44977
3.0211 0.618123
2.50069 -3.78291
-1.83113 -3.80442
-0.878145 2.25845
-0.846735 -3.10607
-2.53419 3.52667
-1.59866 0.506696
-4.21518 0.680509
-2.45158 3.41521
0.631746 0.888035
0.152094 -3.8148
2.4142 -3.75472
0.150413 -4.10206
-1.02396 4.05816
3.177 -2.73023
4.1669 1.19232
-1.81124 0.206119
-2.19052 1.63136
0.623221 3.73377
-1.74297 2.54744
2.0476 -3.78317
-0.16805 2.99504
-1.32599 -2.87011
-1.97633 -1.05307
2.93968 1.4177
2.14754 -0.0399045
-0.594603 1.76209
-0.649701 2.81301
3.33903 -2.10887
1.41594 2.70388
-2.89441 3.32449
0.667314 -0.325482
2.15027 2.1157
1.09872 3.24288
3.53214 -1.63006
-4.19862 1.49478
-2.35884 -1.90781
-2.19724 -3.18901
-4.07419 1.36501
-0.147936 -4.40408
-4.08834 1.87111
-3.40909 2.76999
-0.85527 2.17535
0.606324 -4.60508
-3.50723 1.74865
-0.966621 2.53111
-2.20633 -0.972154
-2.22365 -3.48248
1.04679 2.51041
3.83246 0.147885
1.92025 3.34612
1.51964 2.09816
3.13494 0.458134
0.945441 1.47464
-0.401677 -3.54811
-0.299099 -1.15854
-2.18767 1.11
-4.00063 -0.372781
1.18257 0.243288
-0.100222 -0.98726
-1.48553 -1.64168
1.62041 -3.16282
-0.581891 -4.17754
3.87976 1.05854
-1.54795 0.282882
4.63178 0.0885172
2.77288 2.4036
-2.54881 2.54361
-1.77878 2.23416
-0.941694 0.973757
1.05492 -1.39563
-3.21542 -2.11924
-0.365909 2.69355
3.95096 -2.27156
-0.20979 4.07788
0.175291 3.57809
0.87704 -2.19527
4.22167 -1.30633
-0.642315 3.1495
3.66332 -2.72861
-1.63283 -0.340306
2.57535 2.61328
-1.79542 0.905081
-4.3275 -0.210256
-1.0773 1.27954
-2.37735 -3.07813
0.508152 0.432983
-0.641549 -1.35571
