5000 2
2.2565 4.93117
4.42265 -8.5116
5.54271 -3.64513
7.69184 -3.31826
-5.82767 -5.607
3.2136 -9.00788
4.5712 8.21211
4.51613 2.6073
-7.56383 -5.27419
-4.66035 -6.57051
9.50924 1.77457
5.15412 5.28854
4.53063 6.23356
7.50637 -0.413218
-4.95048 -2.77438
-8.94854 1.87949
-2.9719 -8.75053
9.8137 -1.06284
-3.07448 7.17968
3.57512 7.03757
-6.81279 -2.58403
7.79921 1.31664
1.67587 6.41464
-9.22121 -0.908162
4.13436 6.18194
6.25084 -2.12171
0.402645 7.25621
-4.82879 2.57444
-4.88156 -4.33962
4.05451 4.18219
7.14664 -6.47569
3.14084 8.16325
-0.306645 6.21524
-0.48959 -8.54344
-8.35811 5.26523
-5.21304 4.40902
2.46144 9.47938
0.00881616 8.17313
5.75091 -4.45728
5.74312 4.54871
8.21117 5.07856
6.29535 5.9787
4.00393 -5.91428
-1.2846 9.73972
-4.54174 6.9629
5.98885 -5.36071
2.49625 -5.5748
4.279 -2.91599
-9.10208 1.31846
-7.34955 -3.94643
-7.57874 4.1707
-2.98638 7.99245
1.94711 5.08126
0.527539 6.35435
-2.50061 -7.81604
-4.10277 4.67975
-7.47201 -2.15522
-5.06911 3.41626
-2.8898 -8.88212
-1.71273 -5.80978
-4.93104 4.05058
-1.94609 -7.89252
-3.90835 -7.57207
-3.75819 -3.95226
-5.58742 -7.76568
2.23642 7.42839
7.86361 3.69569
-6.61666 -6.26584
-1.81414 9.79248
2.25696 -7.27736
8.97499 2.58393
-6.7111 6.54679
7.0659 -3.39093
-6.1629 0.0950748
4.93292 7.51552
3.15256 5.06061
-6.32498 -3.96791
-8.74063 -3.83118
5.96181 0.102544
3.45158 -9.23512
5.3772 -5.42352
6.85803 2.9158
5.86541 -0.0861238
-7.48285 -4.20205
-3.86915 -8.81467
-8.19274 4.53699
-6.83522 0.413504
-2.87591 4.54029
-7.93111 1.85769
2.19578 4.49988
4.87098 6.52513
7.9219 3.34596
-4.43066 -6.15861
-7.83236 1.52084
0.795292 6.47879
1.88657 7.59832
4.90418 4.47216
3.65356 5.46476
6.18325 1.82288
-5.48845 -4.41349
2.48775 -8.46803
-6.51873 -0.280833
0.0385562 8.01422
-5.04096 -3.38048
4.30261 -6.07994
-5.71502 7.62648
-1.80679 -6.68127
-3.74107 3.75682
-6.84724 -1.48115
6.27747 5.3558
3.23651 -3.99152
4.11469 -4.32845
-8.28966 -4.28714
6.06567 5.64617
-4.8613 -3.82259
-8.61902 0.0880745
-4.53932 7.60132
4.25968 -7.49619
7.53859 1.0125
-2.85883 -8.37863
0.409881 8.87815
-4.97029 4.39346
-4.66806 3.91482
-3.57785 7.10022
-6.55402 6.66023
-1.56432 8.40214
-5.26072 3.0148
-7.98459 3.03049
-6.62131 -4.33293
-3.62081 5.04065
-4.75788 -5.75001
0.635042 -6.84739
-4.00703 -6.22828
1.29412 -9.75042
4.72981 -6.06078
-5.31663 3.41628
-2.63263 -6.5504
7.47816 5.43356
-7.89558 -0.953395
-0.675548 6.06439
4.27517 -7.20711
-4.71991 -7.51633
-6.9983 -0.414351
-6.0248 1.14654
3.1222 -5.14291
2.39123 9.4764
-5.53653 7.61265
5.86885 -2.2455
5.29463 6.83223
-1.07879 8.71663
0.333792 -9.95215
-5.86044 3.62573
-2.38198 6.0838
4.82271 -4.65816
-5.63319 2.9124
-5.76069 0.125749
-6.53884 1.79235
4.05287 -3.47541
8.73585 3.49788
8.93452 2.42204
7.27807 2.55507
-6.00684 3.01993
-4.05152 6.14887
8.01667 -3.76923
8.69875 -0.149168
-7.06728 0.305016
6.4017 -6.55432
-5.90933 1.9144
-4.64965 -6.60361
-6.94468 0.822123
-2.11731 -5.63926
-7.80627 -0.0118289
1.19183 -8.93264
9.14374 -1.17867
-5.0548 3.9148
-3.99812 3.521
-8.55595 0.0877704
2.48889 -9.23332
-4.34274 -8.35195
-6.32498 -3.90781
-8.23563 3.73699
7.56836 1.4052
-2.86739 7.76128
-4.02423 4.72966
0.614638 -9.77478
-4.74708 -4.18247
7.57921 3.75412
-4.48011 2.8447
-9.16264 3.56707
-9.19497 0.179278
-6.86936 6.7062
8.18198 -5.46825
-4.79712 -5.14886
7.20893 0.52128
1.14759 7.62849
-7.92017 5.63383
-1.6106 -9.41296
8.88064 -3.03754
8.0778 3.54802
6.98249 -5.25974
-0.395963 5.04906
-0.526474 -8.44307
-2.7482 -8.9557
4.53691 -8.23176
8.81059 -0.446079
6.1995 -4.99317
-0.138913 5.28252
3.38341 5.01338
-0.117145 -8.85318
-8.86403 2.16516
-5.47117 5.9985
-3.22292 -7.56208
4.10037 -5.14896
-1.95367 4.6441
-6.60829 -5.48135
5.20104 -6.13948
-6.2888 4.1931
-6.56024 2.03482
-0.808314 -5.33867
-6.99232 0.0995532
-6.80873 5.61245
8.44649 0.121276
5.34258 -7.20435
-1.16825 5.20895
2.11502 7.14699
8.11906 -2.9358
1.04659 -9.91507
-0.0601804 8.54782
3.21953 -9.44159
-4.84182 3.56054
2.06407 -9.19117
3.96168 4.01192
8.28839 2.93759
-7.99794 -1.40458
7.44905 -3.81783
-6.25737 -7.578
-3.48696 -5.26372
-4.61808 3.99386
-3.19941 7.50646
-5.25255 0.326878
-6.15355 -2.64687
-5.94714 6.4763
-3.70011 -7.71021
-5.4774 1.33584
-8.58678 2.01578
2.63856 6.29059
5.87847 -0.534865
5.25115 -3.9777
-7.23253 2.89828
-8.67123 2.57943
-2.14985 7.44216
0.365993 -8.75387
-6.25691 0.130815
-1.39639 -9.13346
-6.0954 -5.38223
-1.46654 -8.20542
-6.00848 -4.55174
-1.15612 9.04721
-3.59409 -5.89919
-7.68003 1.81142
0.40178 -7.288
-5.76473 -7.77474
-6.30797 1.9065
2.56989 -7.77894
5.67755 2.56258
7.56266 5.64112
-9.76613 0.590475
-6.14488 3.04209
8.39444 5.3337
3.56447 8.12489
-5.02901 -2.63473
-6.36246 6.1986
3.87171 -8.21527
5.89552 6.0361
8.69254 -4.51787
8.39444 5.29582
-4.89565 -1.22816
7.93231 -1.596
-1.43349 7.28178
4.9436 7.11911
4.87801 4.66371
-8.20829 3.32409
7.94771 -2.82008
2.96454 4.96711
8.83826 4.64546
-3.71005 5.14844
-3.36116 8.9955
7.39827 2.67184
0.982034 5.05087
-1.71085 5.80296
5.18579 -2.50113
5.50746 3.81873
1.43004 -5.37364
5.30088 -8.07153
-6.95526 2.90887
2.7793 -8.23016
-4.28251 3.8388
-1.26096 7.01906
-1.68926 8.60182
-9.15925 0.495767
-7.64478 -5.75434
-8.83198 0.835838
7.92655 1.5904
5.20755 3.28756
-5.98103 -3.08882
-8.49854 4.9581
-0.288552 -9.70042
5.05412 4.63616
0.150478 9.078
-6.0604 2.89433
5.01234 2.39311
-4.02537 5.53518
9.69228 -1.77766
9.09008 -2.98552
2.28293 9.2221
6.09074 7.09474
1.35341 6.76866
0.83362 -9.3542
-1.59033 -8.64298
-2.6104 7.02537
-4.54191 4.05368
-5.97737 -1.61394
-5.51989 7.21455
-5.09631 6.36522
-6.55591 -5.12
-7.50542 -3.59548
-9.14852 0.905005
-9.58291 0.106025
1.96058 -8.51549
0.09329 7.92472
9.01895 1.48664
5.93297 -4.50515
2.02505 -5.00069
-6.58048 1.82333
4.69488 6.86605
7.09069 -6.7108
-8.64851 4.51236
-0.553031 5.2122
1.44074 -5.41316
0.985981 -8.62034
-1.99371 -8.33897
-3.97485 -5.38437
4.8666 -7.05432
-1.96257 -4.97855
5.52706 -6.6858
7.73695 -5.09475
-4.10151 5.97953
-2.12007 7.95334
-5.40825 3.45823
2.39129 -9.56581
7.62627 -5.19623
-6.01284 2.17654
1.02523 -8.87603
-4.04088 4.90221
-7.8371 1.90976
-2.63175 8.24457
6.51287 1.73463
-5.99023 2.23504
4.38584 -7.25543
-0.260048 9.36777
4.03421 2.95469
-4.6941 6.18599
7.9313 1.42985
-8.43249 -4.92824
-8.85565 3.01726
-8.47147 0.0412848
-6.12639 -6.21755
1.56546 -9.38437
-3.1756 7.69393
-7.15388 4.68627
-7.02927 -0.958849
4.62828 7.51179
-4.37249 -8.45241
0.367065 9.26603
2.18636 6.11999
-1.32725 -7.03518
-3.44407 -4.43899
-6.04651 -3.73461
-7.55965 5.0293
3.6097 8.24644
-2.65443 7.04545
-7.16498 -1.80562
-7.13883 -2.25294
-5.8365 6.00943
-5.08599 -0.259571
5.36784 -2.63587
-1.09205 5.8941
2.16739 7.37701
5.4826 6.12885
9.56619 -1.11463
6.40253 7.40417
1.80595 -7.38021
0.796728 -9.39893
4.15018 -7.87788
-3.47091 4.44737
6.9066 -0.739101
-6.17036 -5.25941
5.06168 -8.38976
-6.71109 6.63992
7.71436 -4.71389
-6.35769 6.26705
9.91136 0.283795
9.74717 0.686742
2.06493 5.29168
-2.7306 6.77275
9.53052 -0.634238
5.90228 -0.339421
-4.65315 -5.55339
-7.10498 6.56116
-6.50057 4.90249
-3.88152 3.29317
-8.63551 2.97544
8.14281 -3.73931
-6.60441 -0.323385
4.86556 -4.54328
1.17961 5.66211
3.06334 5.57084
1.03955 -8.26558
9.31867 -1.03087
-5.88596 -5.28717
-3.83746 3.79856
2.34946 7.33995
2.47465 -8.49716
8.16705 3.54056
6.2294 -2.49534
-5.49534 -0.260816
-3.52915 5.54388
-8.15729 0.435335
-3.3228 -6.36352
-2.94128 5.88725
6.99486 2.54821
6.19839 -3.58048
2.87576 -7.13348
7.6661 4.13522
-7.10418 0.0712001
-3.33992 5.92177
7.14921 -3.24627
-6.28636 5.21689
0.325381 8.67638
5.53226 0.75478
5.58686 -1.69906
3.85487 8.83127
7.11828 -2.9978
-3.966 3.36814
8.46184 -1.8593
-3.16259 6.35955
4.99913 0.43994
-5.82568 7.82303
1.61414 8.90166
-9.73629 2.15603
-3.64321 8.48757
8.70582 -1.2469
3.40985 9.27457
-2.29605 -9.64459
-5.09824 -6.1906
-5.39389 4.89671
-1.02868 -8.9635
-9.46405 -2.21823
-1.80006 6.38738
-7.26933 4.30315
-5.58294 7.56281
8.18578 -1.5697
-1.89507 9.61631
1.27365 6.24497
-0.871395 -5.53152
-7.49804 0.358405
-6.82554 3.17522
-1.81509 -6.24907
-8.11664 3.60584
3.32671 -7.96854
-7.29005 -3.82503
-5.49204 -4.71066
8.01429 -3.88813
-7.86428 4.96657
-6.4177 -2.25391
8.59529 1.11568
-3.9119 -7.25659
-1.4536 9.41226
-7.70884 -2.46772
5.06373 6.17258
2.57664 5.52748
0.350732 -5.24888
2.13547 -9.10244
-4.72694 -5.70327
5.07842 -7.05746
5.32871 -0.412624
5.02735 -5.24827
-7.72327 -5.06732
-6.46255 3.96467
-5.79069 -4.123
3.72411 -8.88757
6.5987 4.27928
6.75041 -5.93407
6.05604 3.94696
-3.42532 -9.3755
5.96792 2.81519
-5.13985 -5.43506
7.30805 6.38276
-4.95544 -6.08952
-3.87391 -8.76182
-6.94493 -3.43855
8.24683 4.4094
8.75087 -4.12331
-0.442161 8.59214
8.15824 -4.47596
-7.45037 1.62444
0.134858 6.55324
0.358487 5.09664
-2.7208 -8.50503
-4.11941 5.03043
-2.58634 -8.53839
0.28377 9.31938
-9.16876 0.67802
-4.52453 -3.7878
5.28492 3.67873
8.36168 -5.21897
4.73505 1.9145
-2.99828 7.86968
5.77831 -4.00004
-8.69421 -3.66488
4.29671 -5.184
-7.51949 -0.117746
-6.94979 -5.12926
-6.28813 -4.61535
0.264947 -7.04015
-3.84091 5.88687
6.53026 -5.91979
6.02505 2.99189
4.72169 -2.49052
-1.93533 -7.03233
-0.843231 7.82451
6.57713 1.83073
-9.26277 0.708281
-9.52219 0.478309
-2.5386 -6.18981
7.87024 -4.85995
-1.12862 -8.71991
2.29015 -9.43474
-7.83808 5.31629
-3.49684 8.63787
-4.58687 8.50491
-6.85211 -3.35906
4.24547 -6.40394
-3.93724 6.79358
-3.26941 -8.92503
7.23019 -2.18352
-5.38184 7.40229
1.79644 -7.15898
-3.98075 -4.41753
6.97955 5.22815
-8.02906 -4.47246
4.87128 -8.42326
-4.11651 -6.21755
1.56405 6.93882
0.815442 5.1369
4.37809 2.49062
-0.181364 -8.18088
3.94035 5.5462
-4.94548 1.28881
1.06466 -6.24271
0.747625 5.33328
-3.49068 -7.92961
6.99724 2.61734
4.79781 -3.18907
-7.91107 -1.29804
-4.83299 -8.05416
0.0150453 -7.13416
-3.78012 7.4893
-7.32212 -2.92585
5.26189 -3.38376
-7.91939 -1.1324
7.69084 -0.0787429
-7.49444 0.890362
4.31644 6.4656
-3.52451 3.56308
4.69728 7.1252
-6.7183 5.56755
-6.11788 -3.16999
1.90353 -7.32321
2.35455 -7.02455
4.30958 -8.92905
8.86071 1.88382
1.32397 -8.05276
-4.75851 3.71898
4.88415 7.97178
1.74514 -9.39885
8.44788 3.5888
5.9002 4.65605
-5.82591 3.85834
7.20143 -5.64245
-3.98782 -3.37411
-8.71562 -3.4387
5.83693 1.29367
2.76006 8.32807
3.60034 -9.01208
-6.03893 3.76446
9.28548 1.10897
-1.0442 -9.79259
3.59933 -6.02316
5.70474 -0.44758
-2.47721 5.51709
5.76181 -1.28846
4.84112 4.65764
4.12972 8.18888
5.05317 8.59524
0.148027 7.8969
3.14444 8.58579
1.40218 6.43261
-7.18409 -3.01907
5.22471 -8.34908
-3.02311 -9.43201
4.61763 8.54699
9.24006 -2.23877
-7.06832 2.6949
-6.7754 5.91021
-7.1318 -4.14535
2.8652 -4.62817
-5.72347 5.69684
6.71279 1.92179
-7.9179 3.81133
6.08667 -1.33152
4.38421 5.37842
-4.9571 6.06629
-3.83034 3.4794
0.292027 8.09734
5.47975 -1.85728
4.65151 -2.08903
9.66632 1.81193
-6.81497 0.866985
-8.58717 -4.60517
0.85613 8.97327
-6.20004 -4.13692
-9.21398 0.66071
5.44867 -4.19856
-5.17451 -8.01871
9.48159 -2.93364
-5.66153 6.72729
5.57138 -1.8864
1.82849 -8.49487
6.64289 6.98388
0.524003 6.91464
-5.694 0.882958
9.3248 1.83814
-6.35238 -4.49277
8.04062 -1.29161
-5.28698 1.72481
-7.64321 0.512519
-7.25922 -5.76196
-1.25229 -7.26866
-4.36944 2.87151
1.50491 -7.03997
-8.70967 -3.47906
-4.37099 -3.27294
-9.03779 1.88319
-9.18184 0.881952
2.97175 6.11946
9.81268 1.66562
-5.92687 7.13045
-4.31564 7.09672
-5.43477 -2.10433
-4.8637 -4.13731
5.31306 -3.45783
6.30476 4.15119
9.6116 2.16127
4.40579 8.06552
-2.87106 6.11375
-6.18479 -7.68997
-8.23557 4.76177
-8.87366 0.366084
-5.6655 -0.10552
0.0670114 6.26126
-7.0056 -3.17236
4.09895 -8.87038
-4.42029 8.19943
-3.14368 4.16869
3.1004 8.44887
7.02708 4.11575
-6.65823 -4.90234
6.29721 -2.83948
-7.42899 0.967017
-7.35157 2.12282
4.69845 6.77127
4.69901 -3.72846
2.01142 5.9542
-7.50897 -3.20596
6.64928 -5.48979
5.5135 5.3341
8.64305 3.79891
6.55535 -4.16881
-5.99015 3.47208
-4.75137 3.72179
8.42894 5.2398
5.39136 -7.45541
-3.04796 -6.99386
-4.01994 -3.05659
7.91966 5.69502
7.28599 -4.44956
-3.67911 5.18
0.236196 9.75308
7.00976 -6.99561
4.83568 -6.69988
2.79377 -5.08412
-8.78786 2.41031
-4.94337 -3.13799
-0.226892 6.62827
-6.88754 1.17163
-8.3654 2.65685
7.03639 0.628731
5.01943 1.61705
-9.26768 -1.97121
9.94827 0.578657
5.48354 1.93217
-6.08321 -0.462054
-5.74143 3.80184
-7.40316 -4.90569
-1.50619 5.3938
-6.46136 3.99407
8.34748 -3.87033
4.38711 -5.84843
5.38483 2.87368
-2.67892 -4.63112
4.70259 -3.59158
-3.63116 -8.91684
-5.41289 5.4744
8.30116 -2.34143
5.55282 6.23905
-0.277711 -7.48611
2.12684 5.77476
-3.62492 -4.07167
7.41219 -3.38734
8.92846 0.677834
-7.64459 -2.64242
0.0565307 -9.88887
-2.20317 -8.61639
4.35684 5.3521
-7.23712 5.72088
-2.47807 -8.92726
-0.379989 -6.4711
0.157639 9.44427
-8.59173 -1.25773
-9.80312 -1.04755
-6.13916 -0.896741
8.46762 -4.71746
-6.37029 -5.49243
-9.26511 1.24303
7.25653 0.422237
-3.46198 -5.48388
4.13686 8.16931
5.78301 -4.96404
5.21096 0.661108
-7.673 -0.149557
6.39301 7.32924
2.59448 5.39544
1.22646 -6.88055
-1.36787 -9.77961
-5.98605 -7.46945
1.0144 9.07589
-1.58789 -7.63343
4.87645 -1.53475
5.45735 1.75634
-1.1789 6.30754
-9.17015 -2.79107
-4.85998 -1.69838
-4.67089 -3.61754
6.08077 -0.568783
0.471798 9.51181
4.92244 -8.60456
3.21455 6.91894
6.60083 0.154884
3.14222 -8.72533
-6.5875 3.84379
-7.2719 1.13759
-8.65952 -0.50771
6.92079 -2.31346
-2.27363 7.03355
-7.09334 2.25812
-7.78485 -0.024983
0.110202 -7.83344
3.32078 -7.70028
1.41413 7.33003
-4.23891 -3.32205
6.2842 -1.41761
-5.73368 -5.98209
-0.946403 -6.20167
8.5298 0.322443
-0.702844 7.30595
-8.88317 0.509675
6.10446 -2.4204
3.83368 -7.37466
3.21226 8.48693
4.9774 -4.86602
-3.1887 7.4923
3.02162 4.41941
-3.83491 6.74983
4.36154 4.46026
3.57165 8.7571
0.560798 5.33524
1.94289 -5.82204
8.90487 4.06624
4.84949 5.43367
3.76011 -3.88841
7.51268 5.59511
-2.97933 6.42686
-3.73863 4.76558
-4.85553 -6.83446
-6.80463 -5.34755
2.07351 9.41208
-8.81748 4.59265
-5.75636 -7.11156
-3.93793 -4.85456
9.36737 -2.53712
-4.32899 2.62267
-0.705219 7.38975
-0.541017 7.13331
4.43194 7.65969
-4.00451 -3.75442
7.07911 -1.40332
-5.5925 6.89418
5.33566 -3.58794
-9.55068 1.77358
4.84038 -7.74418
3.53981 -6.36652
-2.04233 -5.43087
3.44667 8.25742
7.09126 2.83486
5.57293 4.27904
-0.247015 8.42659
5.67829 -4.97393
3.20143 6.40018
7.89775 -2.53331
-0.34951 5.7787
-0.0992079 -7.38707
5.44199 3.57256
3.98956 -7.44214
-5.36 -5.54209
-5.85016 -3.65867
8.77264 1.68823
-5.84034 1.39633
8.10946 -4.3088
1.98187 9.32646
7.31474 -1.19301
-7.28622 0.449342
-5.49163 2.25654
-8.34384 5.01666
0.816755 7.20335
6.7091 -0.226785
8.42504 -0.283498
-4.75551 -5.88546
1.67462 5.39629
-5.1079 -8.46958
-8.27726 4.10153
-5.6491 -4.35451
-6.29664 -7.63098
6.18215 3.342
-6.12172 -7.80109
7.06451 -6.74653
-9.00579 -0.315478
-2.23987 -5.54701
-3.74327 6.79929
-4.30101 -7.05417
0.581153 7.43335
-7.63112 3.78008
-8.23594 -1.38287
5.09813 4.2254
5.88316 -1.6748
-8.42025 0.903711
-2.13561 6.82685
-1.20034 5.89979
-6.39617 -0.382009
-2.04873 6.95296
-1.64768 7.49879
3.43822 6.22244
5.24808 4.49083
-2.66994 6.35237
-3.61556 -6.72565
6.37073 -7.12089
-0.787139 -9.45127
-7.56737 -4.86902
6.4292 -4.38812
-1.49016 -5.10095
8.30376 1.29073
-6.68866 3.64427
1.56525 7.19018
5.36529 -5.64349
-1.21056 -5.80136
-3.41729 5.61293
-3.41597 7.85188
0.452738 9.17366
-6.32796 6.04084
8.37609 -3.05092
7.918 -2.19926
-5.99521 -1.47111
-4.87347 -8.41844
-8.65578 2.26118
3.6585 8.37951
-5.65858 -3.8243
4.99367 8.54819
9.44008 -0.57682
5.38037 7.8584
-3.88029 3.9493
6.65768 -4.45486
7.12329 1.11626
1.04282 6.68054
-0.174184 -7.51016
-3.30392 -8.90564
-1.10012 -9.7685
0.886208 -5.50213
5.74984 -2.47514
1.4094 7.81474
2.35658 7.05287
-2.36413 6.07166
6.44996 4.48074
7.83939 -3.34126
1.23964 -5.42545
-5.48381 -6.47068
7.31986 4.93571
-5.47007 4.47718
8.01791 -2.94795
-6.24615 0.919945
1.50972 -6.19076
-8.04797 -2.19801
-1.90554 -6.39623
9.7447 -0.782215
-6.69008 -0.180609
4.50739 -4.36675
-5.81055 2.07672
3.42999 7.88275
5.36948 4.84439
-7.14339 1.01171
3.73601 -8.93291
4.50192 3.75919
0.650129 6.71993
1.94479 6.16605
5.30357 -2.83558
2.35802 -8.70213
3.28825 5.57508
-7.25565 -5.70647
-8.66573 -4.9409
0.442011 8.88166
4.36079 -8.23333
2.43306 -7.51497
-0.531439 8.10279
3.53497 -7.84152
7.49101 1.37138
-6.57554 4.9317
7.09793 -5.10546
5.09641 -4.59129
-5.88066 3.81057
1.0883 -8.9618
-1.01785 -7.08118
6.64031 3.67588
0.497798 6.49932
-5.84601 6.12969
1.75253 -5.20533
4.69068 -3.70245
1.09398 6.53446
4.65778 3.2755
9.83509 -1.67987
6.38816 5.77221
-6.3882 -6.54609
-0.0682875 -7.70817
4.28207 8.6878
-4.17294 5.45878
-2.43776 8.49415
9.39844 -0.379454
-4.07636 8.64886
-0.865823 8.12085
7.13984 -0.64457
-0.00910747 6.9307
1.92232 8.45561
-6.61008 4.33938
-7.96222 -0.999813
-3.31736 5.11593
3.47649 9.32255
-2.28065 9.19019
-0.507724 6.68866
-3.72425 6.47251
3.47064 -8.9696
7.92865 -3.12817
4.84751 -7.8212
6.41013 -5.01803
5.77021 -0.00652977
-9.74581 2.15812
-8.52285 -3.58041
5.27325 7.56353
-9.51973 1.95994
0.78132 -8.35502
-6.30085 1.56684
-4.45384 4.33128
-4.11819 5.57684
2.432 -5.36535
4.52463 5.53402
-0.0660538 9.83304
3.9439 5.06903
-4.82078 -2.88166
-6.6774 -7.116
1.35953 9.58837
5.94049 1.88587
-4.24987 -7.52254
8.687 2.39185
-0.200616 8.25025
-0.53856 8.4304
9.7138 -0.160584
1.05973 -9.04742
0.0896001 5.90841
-6.04003 5.24508
-5.95184 7.34717
3.81766 3.35457
0.21238 9.47295
-8.07021 3.93399
4.11338 -6.41885
-1.58896 -5.64535
4.41586 -2.71132
-9.13903 0.39921
9.52469 1.41546
9.69106 -2.36289
6.86821 -6.07787
5.33082 -4.92834
6.10371 5.02328
6.31013 -5.68059
6.39008 -1.86622
-5.5265 -3.87513
-8.15884 -5.65089
9.88272 -1.17848
-6.64231 2.70016
1.59527 -8.30875
-5.19677 -2.04575
0.17077 -9.86432
7.57687 4.4659
1.0096 8.32372
-3.22444 6.87637
-6.66881 -2.71198
-0.172954 -6.83603
6.91724 -1.88653
-6.87093 0.217855
-1.61271 -4.73415
-6.83543 -3.1453
-3.09541 -4.56913
6.63636 -2.64149
4.52694 4.35328
5.56913 0.322102
-6.42955 -1.52439
9.6615 0.763776
-8.45034 -4.90702
7.69354 5.27757
0.142306 -8.27055
2.86815 5.07084
6.78053 0.432802
-5.89731 3.85351
5.97514 4.16179
7.21927 -5.81127
9.928 -0.0477864
-3.14679 -8.0573
0.917099 -6.31456
8.46224 4.85589
-7.12828 -4.9456
-5.59987 3.04283
0.804869 7.43512
-5.3653 5.32621
6.81188 7.19832
2.24034 -6.52817
4.25385 -5.47873
6.85758 -4.65887
-1.66747 -5.14116
-7.42653 2.35489
-0.620319 -5.69644
-0.00762999 -8.23717
3.7529 -5.03215
4.61303 -8.73872
8.32064 4.98034
4.53293 4.91477
6.81603 -2.96604
2.78856 7.4058
1.12748 9.57896
-6.41838 6.25275
7.23872 1.15894
-1.7282 -5.78502
2.1827 4.60254
-5.17263 3.56288
-3.95718 -8.29492
7.19678 -3.68748
4.56425 -8.68035
-2.85924 4.82574
6.14844 -3.22311
9.12016 2.60122
-1.35715 -9.60986
7.01951 -3.13194
1.49039 9.06094
7.18628 -0.109806
-5.51759 5.92252
-0.242197 9.39194
4.47215 3.43036
-5.99296 -3.68054
-1.45577 -7.20091
-5.90942 0.386851
1.80486 -5.6504
-6.27743 -4.68728
0.964704 -6.22139
-2.93275 9.28825
5.30999 5.05139
2.87582 -6.09116
5.86872 -4.34797
3.59826 -3.99423
4.09881 8.76653
3.02164 4.71853
6.68779 1.69209
-1.04192 8.51326
2.37457 9.45846
8.32403 1.90966
-4.33461 8.25263
1.90686 8.63893
-5.48574 1.09528
8.41824 5.35947
-2.64207 -5.24647
7.21036 4.49971
-5.03082 7.06501
2.13279 5.87293
6.27014 2.21446
-1.61153 -5.00825
6.26731 -5.26703
0.127952 -9.509
2.93177 -5.70171
-8.62874 -3.22743
-3.47927 3.87858
-0.394209 -5.47371
-2.89132 5.56729
6.37749 6.48982
-5.63934 -0.352162
5.56162 -5.9213
0.648046 -8.28616
-5.53552 4.45672
4.12725 6.64104
-4.1034 -5.87677
-8.48443 2.1428
-5.978 7.75613
-2.7745 8.95384
5.48966 4.75313
5.80835 0.915667
-9.21029 2.65213
1.0205 -8.41042
5.72733 -0.829069
5.82894 7.00648
-2.07024 5.52825
-6.68849 6.5898
-5.22676 -6.13797
-7.15535 0.0682661
-0.192239 9.04053
4.1285 7.7306
4.43532 4.3813
-3.54422 -7.67078
-2.80275 -5.80499
-4.52167 4.33201
8.031 -3.05312
6.26446 6.75185
-1.67467 -6.26205
-6.23583 -5.6114
9.63412 0.586099
-4.02123 -4.72859
6.63051 -1.00267
8.12858 -2.88764
7.40312 4.30368
-7.96659 5.5026
2.13805 -5.8497
-1.96028 -6.48956
-1.63898 -6.25846
-5.89202 -7.17272
-7.10197 -2.78344
3.23234 5.96059
-5.5575 -4.89297
9.39374 0.543381
-9.12228 1.88319
-9.23318 -2.00594
6.20083 -2.6254
-5.1404 5.29336
5.46045 -6.2221
5.23738 4.65996
3.43256 -8.89738
1.75845 -5.66064
5.51656 -3.21911
-3.53111 -7.37821
-5.54175 -0.110615
-2.65102 4.34089
-2.69478 8.74921
-4.29138 -5.15101
7.01994 4.06096
-7.39003 -4.31165
-5.82347 4.94741
-8.8878 2.7475
5.35712 -2.96434
-3.78387 4.5404
-0.306192 -6.17237
4.48407 3.68163
-2.80757 -6.75892
-1.80113 8.33304
2.53185 -7.17218
-2.74714 8.89797
8.25476 -2.26245
-5.05939 6.80033
-6.87075 3.38456
4.30632 -3.68484
2.53613 4.68047
1.73193 8.50147
4.19682 -4.10534
1.47647 -5.00088
6.78494 -5.47715
5.51246 7.86924
-7.21493 -1.27029
-4.40108 -8.93638
6.2011 1.94473
5.03561 -6.5348
9.61849 -2.12148
4.26465 -4.10685
-3.8265 8.06854
9.65894 -2.26138
0.795414 8.51599
8.32507 -0.618283
-0.0196236 -9.81424
3.44807 -8.28335
6.97558 -1.36565
7.57862 -6.13888
3.86341 -7.61888
-5.80329 4.13865
-1.65706 9.83298
2.90299 -9.45679
6.90062 -1.27116
-4.41678 7.21088
-6.7119 -6.96403
-4.45697 -8.23985
-5.59455 -7.62574
-5.83522 7.4795
9.82091 0.102822
8.13097 -2.79159
8.38928 -1.38669
-6.15856 -6.87191
3.8382 8.68043
5.9877 -4.79813
-2.12363 8.1591
8.24194 2.25052
8.06795 -2.03604
-5.58864 -8.25511
-3.69294 -7.30512
-7.2862 0.890436
5.55458 -4.25632
4.02981 9.01804
6.12379 2.51636
-5.77704 5.29512
-4.80675 -7.12903
2.32794 5.69579
9.11426 3.42061
8.18469 0.119886
-7.40199 -5.32834
-6.54719 1.32749
-8.81512 4.21975
1.28214 8.91702
8.28361 2.58629
7.73102 -4.79018
-9.58759 1.3391
6.19937 -7.15966
7.57057 -1.38277
1.219 7.76637
9.44851 1.12006
4.92697 7.55306
4.27719 6.74869
5.16956 4.86542
-6.91154 -2.26941
-1.91413 9.23934
5.62409 4.12982
-0.936179 5.64536
2.04986 -8.04461
-5.68693 -0.152473
-2.60679 7.65297
-1.12374 -6.73087
8.19753 -4.11134
9.06406 -0.287194
-6.87544 4.49022
7.10992 -3.58365
2.70191 -9.00482
-5.19401 4.21247
1.7104 6.76386
0.275236 5.88489
7.26492 1.48973
-2.1843 8.43077
-4.06095 7.62686
2.95748 6.4056
-1.10036 6.25211
0.50376 6.69532
8.2714 -2.51765
5.85546 -7.23577
-4.81267 -6.56822
7.91464 1.37779
-3.52091 4.04291
9.26271 -1.62647
3.90617 -9.0519
4.78631 3.51073
4.77608 -8.48783
5.11361 4.46736
2.89436 5.4442
6.53859 -5.92921
7.70308 5.61421
-2.02259 6.39576
-1.59011 -5.04927
-3.08884 5.87722
-8.11934 -1.77098
-4.87668 -2.29031
6.76407 3.69849
0.513419 9.03285
1.17887 -6.74582
3.05402 8.89303
5.1132 -2.38572
3.14555 7.19987
8.24674 3.01881
6.6024 6.5094
-8.13326 4.23905
5.68702 1.80462
-9.76613 0.630546
-2.41411 6.03333
2.1438 -9.18966
-0.648175 6.12248
-2.54272 4.52851
-9.35325 -0.0778269
-8.03745 -5.44634
3.28642 -5.12714
8.12778 3.56429
-8.03696 2.79326
6.26978 -3.84393
-5.01333 0.911834
5.20019 -0.38551
0.736958 6.04932
-4.39893 7.14036
-7.35785 -3.37679
6.21811 7.77735
-6.06565 -5.41498
-5.26167 7.13494
-3.14186 -5.21456
-0.552831 8.56329
-8.04931 -4.7752
3.14474 -6.40549
7.95289 4.14857
5.06621 7.76473
6.76979 -0.0559519
4.47033 -7.23758
-2.07731 6.64022
2.23317 -7.17807
-1.78577 6.58867
2.59012 -7.84388
7.97426 3.40224
-8.58334 -0.275861
3.59804 -7.74463
-3.92169 8.13702
-1.0444 6.70636
-6.18213 -3.05164
-0.516135 5.32173
-0.646806 9.12982
0.423099 -8.96833
9.34598 -2.07865
4.14802 -4.21618
-2.70642 -6.71969
2.21539 -5.93938
-3.21825 -9.1871
4.67817 6.03103
-5.98333 -1.8281
-4.80497 2.85754
-2.07827 -9.56459
7.9813 1.77811
6.03926 1.77598
9.14957 -3.2304
6.63138 -6.3827
5.97835 -1.92157
4.19556 -5.18614
-3.44816 6.72747
7.83808 -5.44512
3.93817 8.89594
-5.88433 2.0134
-0.811126 7.40587
-2.74138 5.66946
6.69759 6.42542
-9.24255 0.514051
5.32707 -7.88302
-0.513323 -7.41529
-8.82738 -1.69735
-7.3696 -0.921555
-0.817813 -4.9905
-3.50283 7.88793
-7.61914 5.14238
8.05386 1.27029
-7.39341 -1.09289
-8.26098 -2.33775
1.99258 9.2107
4.27249 7.68467
-3.76608 3.44322
-4.5438 -7.70526
-2.25054 -4.779
-8.76046 2.98463
-3.34932 7.9872
0.892037 -7.5271
-7.92627 3.19918
4.62387 -6.54695
5.42914 7.50889
1.857 -9.35672
-2.27125 7.15183
0.870195 5.3639
-6.34231 4.75106
-5.41356 -5.68068
4.86097 -1.71927
4.30565 5.0621
-1.35464 -7.39333
3.69162 5.1363
5.80626 5.8371
4.09551 -6.71178
-4.96658 6.61732
-2.64952 9.56872
-0.898791 -5.98218
6.70288 -4.73261
-0.921543 -8.37498
1.68691 -8.11732
-6.04431 -6.6827
7.29922 -1.97484
-0.485045 7.84787
5.50356 -1.59453
-0.0207418 -8.60785
7.81794 -3.8531
6.70319 0.50793
-3.2186 4.94876
-6.18475 -7.17515
7.30732 -5.80462
1.77011 -9.80935
-5.73839 -5.03906
-1.56681 6.66114
-6.26925 -7.29849
-5.77956 2.96761
-3.32689 5.03412
8.51176 -2.83447
0.981339 -6.64298
-1.76869 -6.3808
-2.11026 -7.11344
4.44839 4.03477
-7.65899 -4.70701
9.24279 3.58211
2.97897 7.59974
4.72884 -2.43182
8.39525 -0.985333
-0.489584 -8.4356
2.9206 6.4623
-3.5875 4.87446
5.01957 3.98124
-7.36385 -4.17166
6.82915 -2.49456
-2.19828 -6.50744
9.38434 2.58095
1.78304 7.49918
-0.205028 -5.91164
-4.45677 -4.97265
4.64709 3.6165
0.866706 6.72499
6.71725 -3.11991
3.68965 -7.9982
-5.7274 -0.41548
7.52626 -6.17434
-7.84052 4.42351
6.00678 -3.96802
9.56386 -0.177605
7.26749 4.78442
-8.29407 1.51262
4.96796 -3.44704
-9.41146 1.54806
8.64068 3.83465
9.00327 -2.0269
-6.13229 -5.47924
-3.16749 4.05338
5.21937 1.95697
5.51212 2.17571
7.2419 -5.33625
-6.27031 -5.11194
3.69161 4.80587
-7.71915 4.18039
-9.42343 0.393627
-1.26104 5.71127
-5.93896 3.81624
-0.392359 5.62484
-3.30776 6.5265
-1.15937 -5.46768
4.68109 -4.99515
1.06184 6.42529
1.13459 9.03268
-7.78871 -4.82669
3.88124 -7.93906
4.7442 -4.26291
-6.695 -2.88577
-1.80838 6.64052
-7.92139 5.18337
-6.08087 -1.13017
5.30515 3.68485
-8.69307 -4.50734
5.12528 0.635774
5.44643 -1.81866
-6.27607 -1.90565
-3.85036 6.99295
4.03912 5.45808
-6.07506 -3.59513
-3.4254 9.22796
-5.635 -7.3985
1.93934 -5.46242
-6.91741 -0.955227
5.50006 -0.510344
2.65062 8.9264
5.99716 -5.78368
2.46175 -5.45054
-7.18127 4.41295
2.94719 -6.51584
8.3012 -1.7723
-7.06036 -3.52005
-1.40959 9.07256
2.43432 -6.40162
8.03366 1.74267
-5.91458 -6.42527
7.21025 2.59587
8.74056 2.66396
-6.87708 -3.06236
-9.04248 2.99167
0.975367 -6.99894
8.73893 -4.84244
-6.95653 1.58436
4.38232 -6.40447
0.0852533 -7.14714
4.95006 -4.25949
4.19396 7.87503
-4.40722 7.87216
-2.81882 4.1632
5.08626 4.85255
-3.12877 -5.17337
-0.360207 5.99463
-8.29448 -5.34782
-0.790492 -5.80583
-8.64498 3.90464
5.22956 -6.80082
3.78262 -5.42695
9.27223 -1.60633
2.35312 8.93519
5.60831 -1.09221
3.19682 8.98409
-4.44123 -3.69886
-6.77185 5.45949
-2.40938 5.63016
6.17206 -6.15712
5.58317 -3.69596
2.00458 -8.95271
-8.24775 0.0203535
-5.64929 -7.70029
1.29893 -8.90621
-6.74925 5.34801
3.95047 -4.49683
3.37922 -5.48655
7.48726 -1.59552
4.16156 3.32283
6.78552 4.2623
-3.60247 -6.64361
-5.9025 -3.39986
-1.47127 -7.55745
-7.21506 -3.5379
6.3097 7.08425
-8.30118 1.98659
-7.3318 -5.51679
2.78904 -4.64761
7.53485 -1.74355
-4.01895 -6.52573
2.03577 -4.74344
-2.98246 -6.17166
-7.12065 3.18881
-5.62414 -4.95159
-2.41596 -4.97083
-7.46481 -1.12465
-1.97726 8.18418
-8.44999 1.04853
2.6888 -9.29645
-5.45331 6.28643
-4.02948 -3.41216
-8.2369 2.46382
9.4449 0.354725
1.86302 -8.17742
2.09591 6.01932
6.63426 1.9971
5.23104 -1.83767
5.87213 -7.15756
2.83134 6.33718
8.9604 -2.48191
6.45699 2.59506
-2.11056 7.79958
7.51685 -4.31255
-1.07174 7.24401
-8.70953 -1.08059
-6.13641 5.338
-3.19695 8.92862
3.31313 3.75943
4.78167 5.5183
5.99438 7.57069
0.156473 9.84845
2.93066 -4.32236
-5.96505 5.47789
6.95385 -6.58802
-4.85851 3.02559
-8.90588 -1.0684
3.36691 7.62964
-8.71207 -3.80348
-5.15573 7.61563
1.97231 8.66769
-2.16502 -7.55206
-7.55537 -3.11054
1.16184 7.00645
-2.609 -9.53308
-2.55887 -6.88528
0.577522 6.42054
-3.84667 9.09644
6.21995 -1.2703
-3.2787 -5.1043
-7.95484 2.94671
8.86873 -3.20867
-8.16065 4.0249
6.50009 6.93148
4.41161 5.86946
8.03679 -5.74427
-3.90818 -4.69885
6.39459 -6.12637
-5.95099 1.74252
6.5329 -1.55211
-7.68043 -5.02163
8.45135 1.83358
-3.02685 7.68906
-0.618272 8.69748
6.17232 -1.82084
-6.21039 2.0139
7.69817 3.18141
-1.43941 7.78218
-2.17249 7.00814
5.82232 -4.31783
-9.76861 -1.03204
-5.414 6.88537
-1.92736 6.80751
-6.17592 1.27668
7.14136 4.76843
3.06987 -4.66574
2.83426 -4.5727
6.58275 -3.65898
3.54446 -8.185
-5.30767 -6.0648
-4.76265 -5.88171
6.18042 -5.71903
7.59317 -1.61853
-2.60634 -4.75279
6.70945 5.66929
-8.80228 0.136596
-4.23421 -4.32425
2.41016 7.58356
-6.79108 2.38368
8.0874 4.92713
-3.98926 -7.44568
5.66042 -5.27594
7.23997 2.16069
0.520724 -8.18645
1.14049 8.29608
-6.15494 -6.15415
5.61146 -8.26125
-7.60192 -5.4978
-4.86214 2.00057
3.60637 -7.78347
2.25555 8.99261
-1.13681 -6.29058
-5.74401 0.354066
-5.26453 -0.913493
6.91539 7.03089
8.1727 -1.43135
3.31454 7.55097
5.70342 -2.64895
-0.982348 9.67541
-5.41342 -3.42152
-1.74727 -6.34715
3.40409 -7.49442
-1.57841 -8.40689
5.39169 -1.92733
-7.96923 1.07011
-1.10022 8.55243
0.76914 6.93205
6.95053 -2.35826
4.75545 4.83595
-2.22696 -8.43617
2.04741 -9.23369
-9.82338 -1.57428
0.0199196 -5.21195
-5.41222 -3.17893
-1.52705 -5.19828
4.77268 -5.54675
-4.28463 8.30536
-3.19558 -8.1564
-4.56621 -4.30561
-4.32407 5.36806
0.975215 -9.5566
6.18036 -6.74882
-7.48523 -4.26617
6.74392 5.11661
-5.18514 -6.62225
-5.09043 5.15857
0.150738 -6.54142
-1.72962 -9.69473
-9.86605 1.31945
-4 -7.99485
6.07514 4.95536
4.69298 -5.02296
1.77597 8.7752
4.74845 7.17776
-3.45727 -6.38371
9.06541 2.2875
5.98219 2.70577
-4.10356 -8.45337
4.22721 6.77781
-5.28086 4.5129
8.27868 -0.272423
1.38341 -9.00889
7.52631 -5.30593
3.23165 -5.65812
-3.60715 -5.44841
8.51809 3.51054
1.70814 8.69922
-1.86271 -6.55684
2.3475 -5.54442
-5.1113 -5.60364
-0.438262 -5.87156
-3.34216 8.25893
7.85133 -2.73827
3.92368 5.21051
-6.96334 7.12309
-3.47311 7.46527
8.76553 2.31982
-0.394647 7.16481
-3.50958 -5.55905
9.00359 3.30661
-5.76043 4.43573
2.68052 -8.55777
-0.265904 -9.04726
5.714 -4.78923
-4.66037 -6.85226
-5.85113 -0.0170316
-6.25063 5.668
1.99992 -7.37262
8.37656 4.91617
3.9905 8.27916
-7.321 -4.02626
-9.39503 -2.3154
5.06129 5.13642
7.86131 5.02951
9.05462 0.920469
-7.61122 -1.70853
4.65901 3.94416
-4.29667 5.89918
-4.55976 4.06629
2.0591 7.3766
-1.47504 9.03519
3.73872 -3.32913
3.98598 -7.67795
-3.24337 8.65025
-7.09804 3.31479
1.63344 -6.82822
-1.9294 -7.41736
-3.55423 4.09061
-1.8428 7.99978
4.65088 7.34944
2.05197 7.54174
-5.99499 2.13544
4.43074 7.47955
6.89266 4.87398
-3.09966 4.04906
-7.4372 3.00848
3.44171 4.86636
8.89757 1.43189
5.7246 -6.66718
4.78832 -2.69298
-0.854897 -8.2492
-4.36771 -8.08201
5.59031 -3.67139
-4.99948 -6.17996
-6.51659 -4.24807
-3.22435 8.274
1.55854 -5.60846
-1.42162 6.86563
3.80979 -8.93768
5.28983 6.21311
3.78335 6.71519
2.25827 -5.28527
3.48465 6.52366
3.1433 9.44719
-1.10495 9.17771
-4.34143 -6.3694
9.44608 0.220085
-1.03085 -5.41231
-4.62023 7.78735
1.97855 -6.53535
0.387283 9.0574
7.78712 -1.93745
-2.78302 5.70827
-1.12261 -7.6278
2.79688 7.13796
7.62655 -0.628919
-4.7265 1.77154
-5.81088 -3.52633
-7.1033 -5.07952
-1.60206 -5.74023
1.49785 -5.68147
5.19294 -2.22517
-0.919139 -7.96603
-5.03611 -1.82987
5.4243 6.26523
-0.352642 -6.86115
4.62733 -8.41346
-5.03431 8.28162
8.51093 3.11876
-3.04082 -7.07525
6.23195 0.445291
4.00748 -6.36093
-8.91989 3.35788
-4.0562 7.43157
3.33579 4.66757
7.88455 -4.34732
-5.46893 3.77278
5.75688 -4.08127
6.04169 2.63574
4.37218 3.20874
-4.8412 -6.01285
-5.52522 -2.34291
2.73246 4.43913
8.43011 4.88337
-5.28343 1.45488
-7.90884 -3.84933
4.29861 6.79173
-1.84758 7.79014
4.56284 7.72941
8.17661 4.20622
-6.08688 -2.18127
-0.630993 -5.10531
-4.90942 7.37474
7.31591 -1.57183
-5.76516 5.00059
4.86353 1.41671
3.88547 3.16773
0.094592 9.80835
-4.24925 2.85664
-7.56866 -6.49484
1.21301 6.98559
-9.51382 1.21552
-2.108 -9.20141
-8.09056 2.00023
-2.20894 -5.62157
-1.80435 -5.7107
6.22392 5.35339
-5.5382 -0.499978
-3.12767 -6.78704
-9.7102 0.592051
-3.92295 6.97061
-4.99244 -7.88751
-5.46392 7.95478
-4.07011 -6.2837
5.42522 1.72966
5.18032 5.62058
5.12057 1.3462
5.59173 0.213753
9.00442 -2.64396
-7.48108 5.42185
5.07426 3.11458
6.7676 3.11801
7.76202 -3.71943
7.49249 6.3303
-6.66528 -3.34865
-0.788376 9.75704
6.51389 -1.08007
7.31573 -4.48637
-2.48148 -6.30018
-7.07429 2.48137
4.25103 6.99408
9.43763 -1.68655
-5.79017 4.6704
-4.60125 6.82601
4.66633 7.0697
-7.72307 -1.61229
2.20941 -6.50979
6.5239 7.22647
-4.65798 -6.69625
-3.87546 5.10641
8.19776 -0.326977
4.49733 6.62014
4.74885 -6.01722
5.35511 3.40043
8.76776 -0.228494
8.72878 4.61925
-4.29848 -4.61944
1.09922 -5.3976
-7.14848 -4.53286
8.53196 -3.35819
-3.1371 -5.29261
8.22655 3.64912
3.64089 -7.58013
0.80633 -8.00683
9.19989 2.52838
-5.46235 -5.6702
-1.9024 6.39278
8.74252 -4.54371
5.83727 7.06108
-1.67469 -6.48792
-2.4164 7.619
-7.4125 -1.90469
7.84995 -5.8846
-4.66849 -3.23879
5.62228 -6.38848
8.8794 -3.90546
0.981004 7.74113
5.23347 -1.072
-8.27649 -3.04241
6.21398 -1.71596
-0.0709348 7.79923
-7.08157 0.110613
5.52126 -4.20753
4.10136 -8.51167
4.3841 3.50071
5.51776 -3.01737
-5.3768 -7.84016
-9.65302 1.69712
-3.69175 -7.1829
-1.10501 8.0792
-0.473944 -5.57885
7.84585 5.18231
-3.09906 -5.95917
-7.10786 -1.85698
9.71157 2.35252
-6.84564 5.31821
3.1209 -7.08695
-8.36766 4.73011
-0.996491 -8.01831
6.44026 1.47766
-4.92014 7.25915
4.55185 2.87949
-4.42626 7.88604
-6.99859 -5.30943
6.66368 -3.44978
-0.38276 6.94713
6.43544 0.385051
-8.951 0.488484
-7.5786 6.47166
9.12334 -4.04282
-7.74799 -0.550012
-4.05211 -3.80157
6.98482 -6.1498
5.91277 -4.00428
4.38483 -4.2363
6.54872 4.29275
6.61672 7.25603
-7.87043 1.72846
0.634866 -9.80137
8.37021 -1.90109
8.38833 2.58349
5.811 5.48011
4.19673 -5.60785
-1.41924 6.87403
-8.24059 0.425914
0.796912 -6.3036
-4.62612 8.83324
8.9736 -0.672279
1.00285 -5.17491
5.24889 -1.95453
9.39384 2.34282
-4.65197 -5.70869
-6.02616 -1.61865
-4.65747 1.82369
-5.7199 5.67703
-6.09417 -4.67366
-8.20019 -0.522131
4.54048 -8.15091
-8.60582 1.94529
-5.43563 3.35302
-5.78964 -6.41286
-6.06536 -0.561375
3.67043 8.92834
6.03953 6.42297
-2.7481 -7.35552
-4.16215 6.82862
8.69263 -2.88764
7.44946 3.00739
5.21692 0.711377
-5.18678 5.77274
2.36262 8.48559
2.09869 -7.23816
5.62495 -1.47827
-5.20014 1.227
3.11156 -4.00988
5.94853 -2.99109
9.07967 2.02249
-7.95274 -1.74635
9.14248 -2.26713
-4.93317 8.22756
-7.49132 -6.53459
-6.9149 1.2264
0.0936426 -6.14946
-1.93086 8.02647
1.09204 -6.08037
-1.35574 -5.9891
1.2179 9.29098
-6.54645 -6.13983
7.90654 5.24639
-7.36701 2.58539
-7.37434 -0.61356
7.90284 3.095
7.2674 3.2049
4.74952 5.24649
-5.37502 2.00851
-2.94433 -5.38877
-9.13172 3.15879
9.71607 -1.97589
4.91025 6.6044
0.219764 -6.42587
0.328816 6.40697
-3.13834 -6.10512
-8.77365 1.22571
0.433534 6.40057
-5.55847 -1.15788
-0.539913 5.6901
-6.48343 -6.98475
7.23642 2.46756
-6.59248 0.195709
-2.25071 -7.66458
1.32381 9.22038
-7.63747 -3.04188
-4.87555 -3.3134
-5.84511 1.16806
-9.69348 1.7204
-5.23279 -7.47239
-8.47517 -2.23517
-6.50647 5.77636
-1.42956 -6.60903
-0.639681 8.8861
7.65424 4.83923
-7.10928 -5.6709
9.16056 1.59025
7.28292 3.97358
-8.3442 -0.928881
-6.51546 -5.41157
7.79443 0.919169
7.7453 -4.74369
-7.21997 -5.99167
-2.0663 -8.33862
-7.11717 1.78656
6.734 -1.67115
6.85678 1.86944
8.92839 -0.54621
-4.03476 7.81427
-5.58327 1.9668
-3.9635 5.51283
1.07624 8.40348
7.65264 -2.04279
6.89601 1.16842
-2.31257 -7.31682
6.26972 -4.8742
-0.647764 -6.97278
-3.05033 -6.90396
5.1993 4.56438
-6.42964 -2.98526
6.74694 -4.2543
-1.97213 -5.56876
5.86762 -2.96456
-5.33839 -2.37413
5.8823 3.73794
8.59536 2.24847
1.1082 5.47336
-9.30097 -1.34999
9.03101 4.20964
-3.54334 7.13828
-6.74204 6.49864
2.60337 -5.23032
4.22302 -3.63102
-6.5766 7.01652
6.57785 -6.13639
5.7179 0.687579
7.3051 -3.12497
2.76153 -6.92135
-7.13641 -1.71328
4.87622 -5.42195
-3.52642 -8.52394
-1.81882 -8.91105
-8.04817 -5.51842
-8.12754 0.489772
-5.41126 -7.04487
-3.06333 -5.37361
5.71991 -5.53835
-3.05623 -6.00004
-2.59737 5.98371
4.9423 5.28323
-4.82147 5.61389
-7.33606 2.76064
-7.92294 -0.820052
-2.61968 -8.95636
-9.49019 -1.58716
4.65021 -3.93431
-3.86946 6.01241
-9.4092 -0.35677
1.60109 9.52431
-4.96835 -3.05197
5.4879 -4.8714
-2.03661 -9.29957
2.09844 8.42994
2.77693 -8.14417
8.98659 -2.31016
-6.84697 2.91069
-8.89881 -2.30904
-8.03598 -0.753993
7.63877 4.77649
-1.533 -5.14633
5.58087 -2.25241
3.72205 -3.4604
1.05033 -7.11941
4.02887 -6.80187
0.900348 -7.85771
-4.55907 -4.22093
-1.11792 -8.81031
5.1394 -2.17264
4.36111 -2.88839
-5.1499 5.58377
6.43293 -1.79
-4.54473 -3.24702
7.37901 -0.939924
0.698945 7.17591
5.55124 -0.240218
4.86159 8.7316
-8.02433 -4.92696
-7.48747 -1.99053
5.22391 -1.68146
-3.49671 -9.19954
3.26454 7.10238
-5.82507 -1.91191
6.57707 0.842255
3.22557 -7.7938
9.53529 -0.299532
5.76647 -2.89908
-4.78057 -7.09894
0.28855 9.65581
5.18049 8.4135
5.69564 6.66148
-9.67936 -1.06751
-1.68911 -8.85617
-5.68566 1.10442
6.42805 -3.69155
-3.69454 5.81866
-5.77095 7.62662
0.64177 6.23113
6.57117 1.70892
-5.36245 -6.62786
5.48494 5.30562
-8.47892 -5.16732
-7.12244 -6.84363
2.07377 -6.18966
-9.58635 2.29044
-4.51101 3.39996
3.14673 7.16713
-2.53514 -8.02909
-4.84171 5.41931
2.28875 7.07285
-6.63198 -3.7692
-8.90486 -3.96606
2.37231 -8.5082
0.308961 -7.285
1.01688 -9.23868
5.50234 -2.11793
3.90111 5.94653
3.39231 -5.44521
2.38527 9.16802
6.90764 -3.34578
7.51363 1.52412
6.87487 5.92389
6.55362 6.62725
4.23419 4.02512
-6.57597 -2.32272
2.09134 9.20929
0.581597 -5.09231
-6.41269 1.97488
-8.18695 1.98421
6.77121 3.74341
-4.49239 -3.62056
1.55684 5.78052
-6.74449 5.37717
-5.87385 -1.8263
5.38556 -4.86318
4.48704 -6.39443
-2.17255 5.94673
6.66749 0.488374
8.1005 5.07523
-0.658851 6.69452
-5.25538 -7.16917
7.84079 0.222218
6.82844 5.56209
1.9971 5.32058
4.50194 4.06254
-0.945202 -6.01778
-0.358618 -7.29945
-1.9 6.69311
-8.94533 -4.16161
-4.13317 -6.20811
0.362645 -5.03219
3.92384 8.04366
9.05 3.36882
-2.20696 7.61874
8.12021 -3.67416
8.33204 -3.3799
-5.94073 -5.81173
3.23383 -9.09348
5.89357 -6.77063
5.96144 -6.01956
-9.102 2.73268
8.22412 2.73521
-1.65377 5.13285
7.86796 -3.14701
8.11952 4.70759
7.93843 1.22433
8.56163 -4.60794
-5.71045 4.39533
-7.64289 5.92414
7.03411 2.26042
-9.039 1.47202
3.42769 9.16429
-5.10846 2.10403
-2.21399 9.47406
7.49104 1.83439
0.990714 -9.07468
1.77742 -6.96525
-4.93889 -7.89293
1.23445 7.42527
-3.47764 -8.63913
3.60517 -7.84794
6.34361 -2.97872
-6.61144 1.51378
-5.47026 1.35493
-7.66729 -4.13519
5.66188 -0.706152
-8.28945 -0.715027
-7.76808 1.79991
-8.86161 2.91299
3.40152 9.29135
1.22292 -6.3968
-7.60627 1.45227
8.36524 -5.47169
-2.63649 8.50467
-2.02617 6.23681
3.33361 8.02576
-5.96269 5.06226
1.40948 9.12268
4.95174 3.81432
7.24592 2.13238
-1.09082 6.577
9.35924 0.762502
-4.62564 -3.20468
-1.06925 9.083
-6.15926 1.35927
5.20466 -5.26677
1.4736 6.8286
-5.11099 -0.38549
1.0666 6.42096
-2.9532 5.4868
-3.30078 3.78915
-4.31468 3.1724
-1.81624 -5.61104
-9.58066 -2.14787
0.820528 -9.38287
2.16055 -7.65527
-2.18904 8.87901
5.63942 1.65932
8.2337 3.74476
-1.81658 8.7053
-2.97414 -6.29112
5.13607 2.0003
-0.989277 -6.77267
6.76501 -0.446382
-4.44966 -5.38573
2.04992 -7.06036
-3.49469 4.77285
-2.7662 8.46075
5.85485 2.4904
-3.87854 -6.632
-4.18844 4.96919
-0.795649 7.52637
-4.35377 6.11896
-0.449392 7.0743
0.373291 -6.09603
3.94323 -6.12972
5.47722 -4.27996
6.70163 -5.62588
5.79923 7.65689
9.29473 -3.53431
7.74349 4.82378
-6.64765 -7.06282
-4.75828 7.5694
-1.15484 -9.3218
8.43705 1.42661
-2.92641 -4.13179
-2.92935 6.3597
-9.08539 1.91978
5.75619 4.26385
-9.05579 -0.59424
3.3481 -8.45566
5.69988 -2.18415
-8.93675 -0.0105294
-7.9715 2.9175
-5.64849 5.89365
-5.45533 -7.79788
1.01089 -9.92664
2.91957 9.17886
9.05089 -1.77157
5.28918 -4.78262
-1.54748 -8.53828
1.61537 9.53401
-1.92692 -5.75728
3.9172 -3.62549
6.46265 -2.28106
0.0148734 9.97791
-1.22395 9.12541
9.32214 -2.84714
3.04955 -6.29146
-0.540861 9.75029
-6.86578 6.76764
3.68573 6.09047
3.21597 -9.20813
-7.18737 1.8343
-2.85386 -4.82337
-6.37937 1.97054
-1.12386 -8.64786
-4.54732 -6.80154
6.43422 -0.118471
8.85215 -1.88565
1.49905 -5.48787
5.40986 3.45791
8.23965 3.87658
-6.30903 4.09431
-6.9129 -5.04383
7.4874 0.648617
1.30693 5.59292
0.124349 9.93995
7.93848 1.98584
-4.02074 3.4459
-4.78053 -6.35574
5.89406 1.46443
-7.34712 -2.98744
4.13304 4.01876
3.2565 -8.00064
-6.71175 -4.35065
9.25695 1.5125
0.677594 8.31638
-6.66412 -3.9488
-0.712103 -8.30731
-1.03238 8.76741
-6.19861 0.0446827
-9.01769 -0.238985
-5.50374 -1.33566
-8.45235 1.36023
8.30029 2.96957
3.98384 -3.6445
6.95895 -0.944218
-9.47361 -3.04574
-9.68524 0.155255
-5.69268 3.17966
-1.1665 -5.36844
-7.38705 5.90829
5.71295 -2.44177
1.21774 6.6297
5.34407 -2.17359
8.51568 3.07498
1.20267 -6.64632
-9.71017 1.1291
-2.23655 -9.73294
-8.53591 -3.07657
-7.856 4.18578
-9.60188 1.22155
-9.43278 3.30431
5.02102 8.27538
-6.10803 2.34144
-7.47584 -6.41785
-4.88044 -5.62145
0.351658 -9.68082
-5.52711 5.89236
-7.05752 4.23004
-5.68732 -6.84777
9.44621 2.41194
-2.5579 9.41423
4.93572 -5.42014
3.68827 8.77987
3.23989 -7.19118
4.96614 5.8631
7.48022 0.0693112
4.91257 5.51492
5.67126 -3.12956
9.627 0.925452
-5.9203 -2.49411
1.47874 -6.78362
7.66788 -5.89871
0.349203 9.05903
-3.03401 7.32044
-5.38009 -3.24178
-4.60924 -7.48185
-7.01284 -4.86692
-4.39736 -6.47507
-6.49626 -2.65147
-3.29953 4.85492
-3.39053 -4.68483
5.62023 -0.862537
-8.6391 2.64775
0.671981 -6.02017
-1.07031 -8.70884
0.907197 7.2663
4.73545 8.72328
2.22008 -7.15884
3.02309 9.10315
2.90382 4.5737
1.17292 -6.72988
-9.02009 -0.667504
1.25584 6.98151
-6.34298 -6.49747
-2.98735 -8.45748
3.88912 4.50737
-4.59857 -8.14263
-5.57878 -2.60343
4.08485 -5.95239
-1.80593 7.74367
7.81815 -0.289907
7.53346 -5.21781
4.31443 -7.37015
0.231485 -9.42442
3.76306 5.7746
-6.29888 -5.27237
7.2978 -5.79142
3.67413 -8.91777
0.435856 5.43537
-7.68632 -4.0529
2.85807 -4.43658
-5.6457 -7.25692
-7.10173 1.22131
-5.49515 2.95598
1.13253 -5.55659
-3.20265 -6.87991
1.67158 -5.76343
-7.63626 -2.65779
-9.44482 0.972471
4.31509 3.72796
4.46456 -4.17108
-8.97577 4.20296
-3.13362 -6.81837
3.72745 7.17537
5.53134 5.18171
9.06525 -0.281273
-7.35063 -2.07308
-2.24986 6.68397
-2.55692 5.79388
-2.25823 5.84657
3.37637 6.6757
-1.45823 -8.45479
0.268193 7.51622
-2.72056 -4.40871
2.7589 8.85606
0.651789 -5.38626
-6.85524 3.98278
-1.45449 -5.69326
-9.48188 -1.96802
1.851 9.7656
5.19933 5.1559
-4.80361 5.66499
-8.47609 2.29351
-5.53708 -1.74221
-4.59302 5.14065
-3.70992 7.35548
-0.455307 7.65374
4.09073 -7.06199
6.5774 6.445
1.68201 9.61611
3.16977 -5.6317
7.98245 1.02707
2.06295 -7.92312
-3.84197 8.00956
6.32713 0.129184
-3.91581 6.96982
1.82107 6.724
7.06692 -6.23756
5.32413 2.60799
-7.50304 -3.63685
-7.12335 -2.17595
8.74067 4.35884
-1.05368 -9.17378
3.68201 3.5872
-6.8136 3.76976
-1.66546 8.58549
7.20446 5.34619
-6.66112 6.49089
-7.55135 4.52228
-4.10997 3.79177
8.28326 -3.30713
-2.85421 9.2901
5.12607 -6.11716
6.37942 -1.14282
-7.43967 1.46673
7.8803 4.27353
5.18036 6.32856
4.02888 -6.59635
-4.91734 -5.66195
-0.406602 6.24673
-7.87314 -3.84903
-5.27597 6.73376
-5.70345 2.11254
5.38235 1.13581
-7.25518 2.26202
-4.07284 7.82811
6.97463 2.61863
-8.72028 -1.75811
-0.982593 5.55968
5.0531 7.38872
6.65402 -5.96543
6.19598 -4.14518
-2.40578 6.05568
4.84073 -1.8766
0.0503395 6.05564
5.04921 2.0124
2.4154 -4.38168
-2.8529 -8.68649
6.12449 -5.63984
-8.76285 2.80827
-1.3594 -7.38916
-5.25342 5.70785
-7.70156 -0.101809
8.90438 -4.16647
-5.91873 3.9058
6.29289 4.54653
-6.52347 -0.0415536
-2.73157 -9.4258
0.508884 -7.1938
-6.1685 5.93665
-2.68403 9.53661
1.88776 7.50359
-7.14697 0.824422
-3.94691 4.3457
-1.78061 -6.78203
-5.55967 -1.43303
5.31181 -4.44534
-0.702562 -7.95628
-1.16774 -6.25248
-5.45168 -6.44556
3.86074 7.45103
8.00036 2.01608
4.30852 -6.72246
-4.39549 4.9788
-1.38722 4.91422
-6.76533 -4.92861
4.82095 5.74595
-7.75129 4.07576
1.37393 -8.36191
9.54955 -0.689759
7.22693 2.96365
-3.04912 -6.58827
-2.41719 -5.79038
1.00281 -5.83953
-4.94008 -7.95849
1.6869 -8.27181
-4.31978 -2.5287
1.64415 -6.69087
-2.93851 -7.48481
2.82906 7.93678
3.08592 4.99322
1.00154 -7.18752
-0.5648 7.40416
0.707674 -6.12834
-0.168103 -5.30764
-5.52838 4.53952
-4.23567 -8.88261
-1.28104 9.64463
-2.74222 -8.55574
-0.540706 -7.6393
1.85073 5.27483
-8.24637 3.31507
-3.58473 -8.53579
1.27366 6.42669
-6.56395 -0.375937
0.676628 -7.91598
-3.929 5.27664
4.5575 -2.09884
4.7979 -1.66402
4.65364 -6.27416
8.06212 0.0266553
-6.40045 7.65828
-6.26555 -5.16589
5.03244 0.19987
6.50479 6.00739
-3.79702 3.4832
4.16061 7.30883
-0.575065 -5.12377
4.8436 6.34589
7.31278 5.83168
-6.99137 -3.99758
-7.28474 5.40294
7.16855 1.83701
-5.411 -2.6837
-4.94626 8.13613
3.91942 -6.32297
7.97746 -2.8871
4.52147 -7.58731
2.79967 -5.95658
7.79071 -1.47562
-5.39344 -7.61189
6.94213 -3.54909
-9.55777 2.58142
5.93309 -2.50598
2.03765 6.82281
-4.37056 3.94281
6.84126 1.03988
6.80877 -4.92279
5.57985 0.560256
-3.78373 6.80363
-7.86104 -0.542651
-4.93398 -5.46326
2.01891 -8.20013
-4.46804 5.61121
7.63711 -3.07286
4.95144 -1.19002
-0.646577 -7.02274
8.84182 4.55006
-7.17205 -0.594414
-5.95717 -2.10307
-6.28588 -6.77861
-7.05688 -4.9799
2.83043 -8.90217
2.14357 6.94866
6.09005 -4.57594
1.7569 8.14137
-5.52197 -7.6729
4.71564 -4.16711
3.45838 5.0352
6.52978 6.09214
-0.988562 5.24472
8.00275 2.29809
4.04258 3.64666
-7.21356 1.67209
2.7778 6.50037
-8.23136 -4.40129
7.0675 3.53851
-8.19395 4.32805
1.54975 6.57475
1.74297 -5.96678
-7.66916 4.47387
-7.675 6.25935
-2.11774 7.10178
4.11274 2.87468
-5.28314 6.27388
5.16883 -7.42824
-6.46916 -7.10951
-9.54135 -1.53718
4.53421 6.44667
9.26399 -0.194272
-5.12251 5.89872
-0.173423 5.27969
2.00217 -9.45668
-9.50548 1.35653
-0.847574 -5.18127
-8.19407 2.2885
2.80216 -4.17222
-2.48141 -5.10885
1.03823 9.49297
8.39025 -5.00031
-0.23001 -5.78462
-2.03458 4.75609
-7.80001 5.25863
-6.74737 -2.98572
-1.00493 -9.8027
-9.4257 2.34057
-5.25542 -7.79027
-3.65021 -9.12069
8.55342 -2.65101
4.47472 6.60139
-6.42612 -3.80351
-5.54517 2.29529
-3.05854 -4.96221
1.03221 8.35938
-2.85996 -7.41471
0.313836 -5.3581
6.47543 -7.38962
1.80114 -8.18826
-0.0196294 -9.91113
3.70155 -8.07469
-9.55905 1.12746
9.28672 1.96061
-8.04998 3.96093
-3.64349 3.90476
7.30543 2.28211
-4.60709 8.59255
7.38624 0.471169
-1.06819 6.87891
-6.10331 1.62021
3.3609 6.66337
-8.77859 -1.83195
-8.42951 5.22439
6.33681 2.81874
-5.44578 -7.26355
1.49053 -8.66988
5.25258 0.0973107
-4.49834 -3.54467
-4.59555 2.61701
4.05507 -6.47719
2.39517 -4.39516
-9.44366 0.332873
-5.39687 -5.16232
-3.0292 8.27468
-8.54765 -0.386849
-1.77137 8.63213
0.268204 7.70984
4.28371 -3.74726
-0.190829 -7.26013
-1.03371 6.43095
4.95403 2.45514
-6.14048 -3.05241
-1.85683 -7.82406
-2.77823 6.26243
-7.3921 1.04775
-6.84849 -2.51092
-0.734564 -5.80895
9.0024 3.40556
6.59264 2.45665
3.94444 -5.79995
-4.94009 -8.10406
-4.91596 -2.5308
4.78777 8.00069
7.56122 1.46217
-5.23958 -1.60402
7.26625 3.86845
-3.03289 6.28905
-0.423004 -9.43275
3.82414 -7.75403
-1.92607 8.56278
-5.32471 7.615
-5.45058 -7.84041
5.30035 3.0385
8.06127 5.78642
4.81681 -3.94849
5.25714 -3.23245
5.71678 1.92715
4.61874 7.16639
5.53032 8.15905
-7.23849 2.76192
-0.4707 8.93933
3.30538 -6.51205
-8.00953 3.80929
1.15968 -9.24013
1.17126 5.31402
7.2597 -6.19566
0.954964 -9.91241
4.28966 -3.61998
-0.975196 9.8778
-3.87894 6.70416
-3.17894 -8.48375
-6.42976 -5.02278
-6.94747 -6.19135
2.03305 9.44006
-0.978783 9.59957
1.02399 -9.78027
6.88173 1.29615
4.44956 3.81795
8.30036 4.20222
0.861996 7.56173
-5.52888 -3.8685
2.08777 9.20765
-0.68485 9.72954
4.3419 -5.76009
4.17659 -4.0282
-1.90671 -6.07188
8.82503 2.2944
-3.32433 7.92654
1.35968 -7.86618
-6.97065 4.20166
-0.847679 -6.94392
-6.52812 1.94567
0.829065 -5.90908
6.04657 4.67174
-2.1056 -8.84802
-8.73187 3.48989
-5.43673 4.8759
9.27709 0.0940744
-2.42918 -7.2549
6.82949 3.30181
-6.56002 5.68018
6.86265 0.508304
3.06613 -7.5766
-0.46218 -7.86441
2.86143 -7.94976
0.225427 8.75733
4.49292 -7.44924
7.10898 0.687696
-1.90103 9.389
1.00509 -7.52898
0.425146 5.42998
-5.96515 3.69035
3.72304 -6.84361
0.815966 -6.05875
7.43049 4.32202
-0.407757 6.83091
7.17474 5.78591
3.70658 -3.46694
-8.93207 -1.34863
-6.44287 -5.37577
9.46644 2.48866
6.8582 5.68587
7.14485 3.43396
-5.45474 2.15679
-8.00166 -3.84242
-8.26542 3.09416
3.62921 -3.88081
4.93699 -4.0097
8.98454 3.14769
3.23279 -6.51513
4.46096 -4.65264
4.64359 4.90104
-1.85474 7.4378
7.10648 -1.37356
-5.43585 -0.294068
4.31464 -3.90322
-6.93308 -4.19359
-1.69658 5.59869
-2.8066 9.44949
-5.26137 -7.88875
-6.15465 -1.12649
-7.36756 -6.49962
5.47549 6.64054
7.52677 2.35108
-5.45794 8.3649
8.92119 -1.56943
-5.34024 6.60308
-2.09008 -8.04476
-8.20263 -1.65909
-9.24383 -1.11036
-1.881 6.03355
5.83957 5.58466
-3.99272 -5.6075
-5.19395 5.20783
7.99778 -1.27861
-9.58171 0.195689
-2.8101 -9.39651
-7.17993 6.87761
-7.1391 -6.77313
2.6532 -7.69845
-7.90415 -5.07912
-4.69431 2.79013
-6.31497 4.28055
3.27526 7.36745
-7.25648 0.350852
-3.23531 4.17761
-6.96515 -3.221
8.96667 2.81562
2.16622 7.72093
-3.81005 4.515
2.38046 8.37218
-5.46929 -2.36199
3.27745 4.03587
-9.14008 2.63805
-2.33173 -9.30273
0.890752 -9.12991
-6.42137 -3.94746
-4.78347 4.23404
-6.44301 -7.59877
7.4731 0.352941
-8.12528 -1.52025
9.18286 -3.69118
4.3751 -7.7733
-5.84118 7.30996
-1.49391 -8.10401
-6.11566 -5.89362
5.86544 0.37798
-7.29201 3.19356
-5.91633 4.28251
-3.913 -5.71727
-2.94366 5.95617
5.41522 -6.47827
-0.225694 6.75612
-6.37347 1.08838
-0.409754 -6.73826
2.56756 -6.99828
-0.141054 9.30846
5.37847 -4.11529
6.78629 -2.83421
5.3796 -5.0368
6.5677 3.28414
4.94589 5.64754
-6.38755 4.49676
-5.09362 -8.39962
7.60514 -0.442802
6.23916 1.55256
-6.05897 6.8521
3.22789 -8.8188
5.07745 -3.36745
3.20897 -6.79197
7.32543 -1.5157
5.7116 -5.10662
-6.95521 3.84083
-7.09197 5.21756
-8.52956 3.74821
-1.05246 -8.73381
-9.15938 -1.62753
6.1533 -1.47825
7.54076 -2.36854
7.68514 4.16062
7.54581 2.38916
-5.39461 -7.23041
-1.46216 5.47766
2.98354 4.29205
4.22125 6.49041
4.24036 7.69008
7.1422 -0.963312
9.61144 -0.602851
7.88977 3.37782
-8.92465 3.38084
-6.68908 -3.42733
2.60289 6.72308
-5.17978 3.35501
7.67639 -2.93849
-7.27444 -1.4352
3.39329 -9.03049
4.48061 5.54658
3.75266 -8.97962
-5.6329 7.84113
5.89853 -3.44876
-3.28465 -5.07787
-3.76832 5.89731
-3.91659 -6.16971
5.65931 -3.93933
-8.29266 5.26095
0.86818 -8.50283
-7.07173 5.45816
-4.71218 2.39529
-9.54827 2.1542
5.68008 5.0809
-5.38454 1.95848
9.80543 -0.123017
-0.0490999 -5.22153
1.71897 -9.23047
3.46934 9.14959
-2.78868 -9.37586
-0.0183143 -7.80821
7.46131 2.25204
6.21662 2.65079
-8.13449 3.69812
-5.76098 -4.81191
1.68464 -6.3255
7.3852 3.04951
-6.81536 -5.6804
3.32877 6.5578
6.14118 -5.12649
-0.837198 9.21481
-6.63899 -1.44445
3.11245 -9.1332
9.33297 -0.798747
-4.54059 6.31078
5.25567 -7.96628
3.75174 -4.48318
-4.02523 7.90985
0.382684 -8.23065
7.40635 -1.39994
2.46628 -9.20808
-0.249003 -4.99561
-1.18446 -7.27815
-3.84095 5.22351
-8.5491 -4.68506
-1.8807 -8.98747
5.45165 5.82853
0.151834 -8.1266
-3.83714 9.17997
7.73259 1.55949
-9.69464 2.25528
4.50357 -8.58133
-6.39128 1.71332
5.20209 -8.48883
-6.53457 -6.55661
8.07018 -4.50578
6.90798 2.44448
4.43081 8.56569
3.59448 -7.54795
1.63928 -8.58725
-5.95147 -6.27419
6.81507 0.837598
-2.48257 -4.55565
4.357 8.14267
-6.12338 4.35457
-6.47462 0.99921
-6.28101 -4.97035
6.20904 -4.65262
4.90418 4.54902
-4.64536 5.50902
7.25324 5.23835
0.963068 6.27722
-7.0206 4.71242
-9.44477 1.76121
0.69338 -6.36767
-1.44625 -7.06901
-8.82864 -3.01466
-7.36619 -3.58604
5.99394 0.182129
6.91293 5.6103
-7.67878 2.73725
-5.07872 1.88094
-5.39761 2.3421
3.73825 8.81726
-8.23848 -4.19342
1.21546 8.1789
6.45204 -0.593772
8.04218 5.00295
4.63761 4.34832
-1.04796 6.8902
-6.04396 -0.837965
-3.68132 8.02447
7.66833 1.6697
2.65185 9.62981
3.95571 3.55452
0.808851 -5.63283
5.60092 -5.32737
2.87086 -9.45201
0.0566309 -8.20416
-7.37889 2.98527
5.91733 -7.45503
3.31128 -7.27948
-6.19384 0.146789
7.09018 4.67315
-0.131685 6.77313
-3.96217 7.77509
-4.04327 4.8373
-8.93656 3.30409
2.14618 -9.12678
6.14147 -0.377757
-8.96886 0.300108
3.59451 -7.07821
2.22945 -9.5846
-8.32389 0.422128
-5.29679 -3.20293
8.31344 4.03178
2.18572 -4.62233
-7.4645 4.21168
-2.17959 7.60467
-8.33476 -2.25222
6.97469 3.64435
2.09274 -7.36404
-5.66276 5.99649
4.53412 4.94996
-6.02262 -2.15609
-1.68325 9.56559
8.81518 -3.26947
1.01541 6.01168
-3.75708 -5.19902
-3.65642 6.57149
7.11287 6.07216
-5.23452 3.38064
-1.50578 -7.57609
-6.32916 5.77649
5.47352 -6.57536
8.00011 -2.19685
-2.48284 -9.0674
4.23849 -3.6251
-7.11723 0.797308
0.357578 9.81613
-0.364933 6.57764
3.74634 4.7912
5.61591 6.66544
0.312292 8.68465
5.22878 0.159041
-6.9946 1.75582
3.85516 -6.40498
-8.46083 -1.15028
-0.162297 -7.72299
6.66425 5.97051
6.39132 -1.15076
-0.785819 -7.25992
-1.11344 6.49564
-7.37752 6.09137
-2.34232 -7.35544
5.27545 4.42276
-6.73564 -5.9024
-1.68542 -6.80339
-4.65557 -6.0896
-7.95395 -2.0157
2.05573 -9.37898
7.53139 0.135482
-2.95066 8.31692
5.43035 7.82317
3.97066 -5.07033
-7.42803 -2.90143
-1.28805 -8.19294
1.18135 -4.97727
7.07556 -1.06295
-4.99773 3.08362
6.42706 -0.387853
-0.36698 -7.8396
-0.161512 5.46507
-8.61331 -3.9633
8.82855 1.38693
-5.12551 -4.52141
8.67251 -1.1117
-4.34143 -6.37238
-0.538282 -6.90994
4.6821 -7.86386
4.00996 -4.66798
5.20398 3.32661
-9.59111 2.29571
4.07957 5.39285
-3.28124 -7.72514
3.55849 7.4831
7.39361 4.42442
1.26664 8.41131
8.82108 -4.15038
4.55386 -3.25847
-5.13981 -4.79063
3.83803 5.72113
-5.04547 0.749759
1.19981 5.25406
5.02884 -0.351184
-2.34239 -8.52846
2.16412 -7.55502
2.79367 -6.73079
-4.33849 3.05052
-9.92918 0.251298
3.57319 -5.38098
1.92021 -7.10178
-3.93358 8.2658
4.19179 -8.65878
6.94104 -1.98708
3.1979 7.11497
-8.67025 -0.931505
4.19863 6.40028
-3.2827 7.66625
6.66047 2.55642
5.67835 -3.94648
-8.51774 2.26688
7.70007 -4.84099
-2.46594 -5.10747
1.57025 -8.74945
8.02488 -5.78361
-5.05027 0.171653
4.96367 4.42623
-8.30741 -2.65275
-4.81625 -6.72451
1.12137 6.85348
6.45108 3.25996
5.30102 -5.77386
-1.30133 8.48239
3.55047 -7.28557
-8.57386 -0.905782
-6.96218 6.57615
5.3977 -0.894382
8.1218 3.05524
1.85483 -5.8658
2.54108 7.87462
3.46127 -6.42018
-2.97692 6.94194
-6.80924 -2.9388
-7.68259 -1.24269
-5.8847 -4.14752
-7.35795 -5.10376
-5.0465 3.53879
-3.55009 -6.40998
4.51096 -4.34398
-0.35379 -6.1494
2.54256 -7.23033
-0.121972 -9.9915
-7.16109 3.54065
7.62328 4.38473
-4.883 -8.65004
-1.25377 7.81828
1.91259 4.89779
1.37361 6.34011
-1.82989 5.03784
4.99533 -3.41885
-0.618082 -8.09746
5.9419 5.5154
-2.72915 -8.82166
-5.6617 3.89039
5.75393 6.29642
-6.49737 -1.22736
-8.23968 -4.37731
-5.85079 5.83631
-9.13888 2.88847
9.02701 -3.06724
-4.50483 7.26152
4.3026 -6.17151
-4.5464 8.59809
8.07843 -5.7502
5.17288 0.660701
4.39542 -6.14273
-3.68229 -8.21494
-8.43114 -2.22128
-4.23968 3.69995
5.06239 3.61292
-7.82754 2.53394
7.9017 3.85043
-5.88799 0.534137
-2.75211 5.3579
0.875433 -6.58991
8.72267 1.95763
3.85873 -6.35763
7.32643 -4.65206
-4.34295 8.06263
-5.14683 -2.70021
-7.83447 6.12045
6.44121 -2.62667
1.31579 -5.55064
-9.56046 -2.61664
-8.33922 2.75003
-4.27949 -5.34959
4.97396 -2.69084
-4.87489 7.79347
4.86791 -5.00352
5.75552 -6.98326
-7.72624 5.00561
9.26404 0.708578
-5.1188 8.37882
2.8199 -5.86374
9.11905 3.95411
-3.29118 5.14947
7.21519 5.6482
9.33305 0.558345
4.11187 8.27365
-4.81146 -6.12731
-1.69029 -8.6417
-1.10635 5.51359
-4.30807 -5.76329
-3.54336 6.80315
-6.14069 -6.59447
6.77101 0.319218
5.09454 3.93888
0.67322 -5.18998
-7.98566 5.0804
6.20007 4.6364
6.50573 1.82229
7.26571 -5.15739
-7.94638 5.19426
-0.105037 -5.35991
4.0431 -7.55024
8.07058 2.28469
-1.19782 8.196
2.17923 6.3565
-6.22257 -2.81439
-1.41648 -6.84474
0.469596 -7.50129
5.89173 2.25729
1.81403 8.36848
-7.42559 -1.86496
-4.31657 -8.57699
6.46768 2.22901
3.02058 6.88161
-0.822601 -5.46044
6.34513 2.53665
4.20014 -8.24839
5.39763 -2.04298
-2.15347 6.55723
-7.00569 -4.59958
-5.10597 3.89746
4.6609 -4.30379
2.33079 -6.39165
-4.43899 -6.13323
3.18584 4.43767
1.83913 -9.75046
9.11623 -3.474
-3.22694 4.88242
-5.68167 8.12224
-8.54268 3.12067
6.34883 4.78837
-1.82362 -9.63739
4.38999 2.48895
-9.9352 -0.829704
6.15433 -4.12688
-6.77076 3.90749
-2.08297 -8.53578
-0.852482 -7.66666
6.41742 -2.46852
1.80082 6.36224
5.61469 6.0979
7.37399 -5.41102
-3.0614 7.04008
2.62328 9.46405
-1.23127 5.96622
-5.73165 8.14714
9.04013 -2.51264
4.37415 -3.72375
-5.11493 -6.56089
8.37532 4.0769
4.35579 7.80397
-5.26047 7.33182
5.90498 4.99201
0.631062 6.25751
-4.84348 -4.43547
-7.01941 4.78659
8.22877 1.01628
5.82064 7.45418
4.46318 -7.33119
-4.79216 -1.91668
6.42942 -0.815539
3.12206 -7.51242
1.47729 8.8676
-2.17557 -4.7287
4.75077 6.25137
6.8423 -1.47633
7.36804 -5.31369
-7.14251 -4.2251
8.72729 -0.389445
-5.40823 3.90981
1.74422 -4.92652
-0.0693291 -5.21341
-1.8275 5.25958
7.27232 5.93369
7.56985 6.41686
-3.5169 -8.51006
-8.60209 4.59178
-5.94893 -3.62126
6.59687 -6.40604
-6.2846 -5.309
-8.36447 -1.68023
0.428736 5.77081
-0.96703 7.12476
5.91208 4.32473
5.68653 -6.48022
-0.270763 9.29115
-7.85396 -1.5067
0.112519 -8.88912
0.616089 -5.39282
5.43063 -7.42998
4.26993 4.66969
3.50424 -4.30441
0.734668 7.55689
-2.40066 -7.87554
-4.24796 4.48794
-4.46904 8.87264
2.5081 -6.39965
8.18127 2.6075
4.22887 -5.41776
3.75756 -6.68315
-6.25349 -2.3773
4.67229 7.11496
-2.44369 8.95635
-2.22839 7.37566
-5.9119 -1.26931
6.66596 -5.202
-9.95059 0.380909
7.25308 2.5982
0.13648 -6.17749
-5.15704 5.60866
-5.73478 -4.45028
-7.45319 -5.75672
6.88984 -2.39103
-6.10981 -7.61274
-7.31391 -4.8917
5.12364 -6.97988
-5.29586 -7.46943
1.3597 -7.4769
-4.28107 8.01039
-9.43304 -1.05545
1.06582 -6.73235
6.43994 -3.97356
-3.62033 -6.95986
5.56196 -0.156713
6.12128 0.369953
6.49726 -0.547817
-7.16142 -2.02187
-1.54427 5.45804
-1.19187 8.22247
-4.88264 -2.44827
-8.07969 4.5877
5.45013 0.312065
4.8704 -3.27066
-9.28178 1.05635
-5.90834 -1.4026
-9.17454 3.45776
-5.34414 1.11515
2.31385 8.86125
1.84293 -5.95006
-4.18133 4.39004
3.35892 -6.55675
0.664342 5.59325
8.64983 -2.23538
5.981 2.58339
-0.91065 -5.29726
-5.12173 -0.867983
8.91153 -3.87706
7.19734 5.66409
-3.56346 9.00704
7.09332 -2.50324
8.02133 -5.53371
-5.03233 1.56357
-1.12249 -5.7371
5.59502 -4.41703
2.93518 -8.43632
7.20396 -2.96667
-0.838178 -7.25813
-7.37547 0.473393
-7.05764 2.32135
-5.1231 -3.87375
3.40857 7.7724
-9.21519 0.29321
7.97507 -3.01979
6.43324 3.43081
1.68299 5.95131
5.99533 3.58986
-5.21652 5.89126
7.91473 2.94729
-4.93288 -6.86577
6.96017 -0.48468
-6.01861 5.27544
8.08943 -0.981206
-4.0146 6.64049
8.70694 -2.41008
-4.81253 -4.1469
3.07554 -9.44763
0.0744561 -8.61654
1.54017 5.64064
6.19003 -4.11844
-3.57985 -6.49165
-5.15602 2.83262
7.85844 -3.16825
-8.74273 0.935756
7.25518 -2.17907
-3.54809 7.24247
4.2282 3.42982
8.99137 -2.07673
-3.53502 6.88013
-5.5929 0.0708403
-4.19536 8.62379
0.106227 5.35425
0.600063 5.25736
0.391946 7.43912
-5.0198 -7.78767
4.09269 5.82097
5.95436 -5.03687
-2.56119 -5.85543
7.7066 4.90662
5.62963 -2.79539
-2.15478 4.67001
8.82632 4.02228
-6.88855 4.18278
-7.25876 1.98755
4.83477 -1.99073
-2.48774 8.52093
6.99362 1.78736
0.125543 -9.99261
-5.83356 -4.57582
-5.77863 -1.44602
-3.19104 8.14538
-0.577511 -6.22582
4.14967 3.46115
-8.44878 1.37361
6.32461 -2.27471
8.9393 2.80199
3.43281 -4.77022
6.89565 -4.75003
5.86695 5.88553
-2.57937 8.60734
-3.49451 7.84783
-1.56924 5.79184
3.23154 -7.54615
-8.19789 -1.95175
-3.03973 -8.66575
-5.32126 5.50837
-0.806209 -9.9544
-3.60608 -7.34195
3.82171 -8.46445
-5.71594 -7.72385
5.23706 -0.736011
9.86732 0.0798782
2.51261 9.40312
8.70467 -0.586638
0.381565 -7.03711
-7.7001 4.46094
-5.00905 -7.08698
-0.60637 8.73541
-3.94781 9.14439
6.22858 3.73135
-7.20506 4.55968
-5.51651 3.98875
-1.0428 -6.39441
-0.910893 -9.37668
6.11633 -2.78444
1.9604 8.50532
8.91886 -0.797225
1.03364 -7.65891
-5.7115 6.75501
-8.55585 1.75213
5.71338 4.78886
6.34945 -4.72523
3.02795 -9.17829
0.528747 6.65501
-9.2627 1.7171
6.38222 5.93388
-5.80667 7.25613
-6.19355 5.01495
6.22516 6.29566
-5.58188 5.39879
-2.45655 -7.26463
3.40958 4.83968
4.66376 3.80553
5.89491 -4.25073
7.79188 -1.94163
8.64383 -3.20869
-8.44553 -3.95059
2.46636 -7.93332
4.62593 7.99927
0.231323 7.85059
4.93599 -0.886482
-3.44299 -6.34035
-2.28068 8.68507
-9.95657 -0.0788364
-5.00377 1.67501
-8.15525 -5.22913
-6.00017 -4.9182
6.04261 -1.85428
-4.87389 4.56804
-4.92925 -5.89225
7.16629 3.86706
-4.4073 6.57313
-5.33142 -5.16032
8.00508 1.44387
7.12056 -4.76489
-1.53457 8.49258
-5.25866 -2.32284
0.00170285 8.61986
-6.03943 -4.67753
-3.56012 5.06168
-8.28348 -0.427931
7.7602 5.62593
-4.97762 1.18011
-5.848 -7.37484
-8.88775 3.52246
6.69575 -4.60644
-6.44272 -2.7519
-6.09858 1.22988
3.32982 4.34698
8.71804 4.14881
9.01414 0.686576
-0.714839 5.70009
1.26313 9.44196
-8.95124 -3.57152
-6.59514 -4.5622
3.07896 8.13958
1.85584 -8.90793
4.39148 7.6465
-5.45236 2.26725
5.61089 2.20733
-1.35952 -9.45876
6.58664 1.69747
9.30569 0.739586
-6.68729 6.75663
-7.62624 5.8034
-2.23184 9.52376
5.84772 2.61515
-5.06196 3.70427
-2.33191 7.56579
5.79997 0.0430552
3.629 -7.4393
5.89501 -2.61721
-2.97668 -9.00494
-6.64127 0.13105
2.93259 8.01259
7.66818 -0.909245
7.82645 -0.795832
-6.60094 -2.00535
-3.93685 -6.59705
3.35031 8.6706
6.767 -6.99304
8.48359 3.63121
-5.5703 0.0387199
2.9147 7.35808
7.24474 2.38755
7.48498 0.133851
5.98642 -6.21796
-5.26524 7.06489
-0.388705 7.03179
3.22406 6.7813
-6.75402 5.13868
5.7749 -1.20188
-5.3065 -6.33483
-9.55808 -2.63141
-6.12608 -0.986879
-8.94643 -2.65062
5.29099 5.64614
-0.291163 6.42057
-9.44737 -1.93904
4.38347 -6.97911
5.95736 5.32221
-9.5911 2.35973
0.0586806 6.24438
7.80491 -2.90018
-3.32813 4.1277
-5.75095 3.78045
-9.80652 1.7406
-5.78578 -1.58673
-5.19145 7.36629
5.23193 -6.97743
0.767899 6.07321
-7.56242 -1.66297
0.834532 5.9811
-5.04168 4.56316
-7.02927 -0.966675
-7.96238 -3.66391
0.674171 -9.20853
-1.3859 7.17726
8.25758 5.08301
7.46607 2.18431
-8.25014 -0.0469005
-8.25602 0.99993
5.82732 -0.227562
-4.63466 5.24018
7.19922 -2.79094
-3.53101 -5.68787
3.98974 -4.47313
0.149138 6.55966
8.15405 5.0371
-0.743336 6.74445
-2.74228 -9.46767
-3.16921 -4.94034
-8.5655 -0.387235
-8.26647 5.42175
3.41131 -6.03464
1.95671 6.42421
-9.40782 2.78377
-4.30512 3.87499
5.50586 -2.98455
7.84808 2.65982
-2.10571 9.33595
9.38666 1.56613
-8.56876 4.92304
1.45452 6.10289
-8.67255 0.442389
-4.77021 7.00522
-3.221 4.65579
-8.68587 -3.33902
1.05358 7.57032
-5.69212 -7.48301
-7.01579 5.66526
4.05979 -7.04189
6.93308 4.32461
0.60981 9.07407
9.45673 -0.68942
-7.08628 0.95127
8.00257 -0.829638
-3.71907 -6.4643
-5.45121 1.54031
7.93721 0.761664
1.28235 -7.51526
7.98016 2.48267
-2.31776 5.39866
-4.69708 -3.90262
8.71794 2.47991
-6.94232 0.387393
8.58661 -4.80259
2.83025 8.09313
1.22246 5.95152
-0.667247 5.5796
4.90712 -6.00539
7.42333 3.92569
-8.02019 4.65556
6.04859 -1.30406
2.64382 -5.38242
-2.32135 5.12247
-6.64927 5.69954
-7.83009 -0.29712
6.31004 -7.17214
-2.08158 -5.12852
4.93136 1.34477
1.46648 7.08953
-6.19658 -5.95992
-8.32733 2.59903
4.7392 -8.34707
-9.22947 0.214167
-0.491163 5.02237
-9.0726 -3.20318
0.468367 -8.15586
4.51504 4.25149
-5.24451 -4.53786
-7.88853 -2.45434
0.971905 -5.19395
5.31536 -4.67301
0.738518 -7.7289
-3.70882 5.89114
-7.6656 4.18781
4.60249 -6.02915
8.81172 -1.36602
4.84062 -3.70671
6.38773 -1.46843
-4.82434 -2.64554
-3.53758 3.8866
1.03128 -7.21181
-4.49172 7.6707
-5.24413 1.98964
2.49577 6.41052
1.69167 -8.10224
5.64382 -4.29868
-5.55151 -4.22379
5.19771 -2.03979
-2.83288 7.843
-6.89956 -0.986146
5.84401 0.278747
4.90698 -8.39807
-6.30926 0.26659
-8.22263 2.17549
3.52735 4.19875
-7.77319 -4.08682
-7.17945 -5.00488
8.42131 -3.05223
-4.43248 3.27566
-6.0332 0.047116
-8.12193 -5.31158
8.31579 3.50862
-6.59922 6.92482
-9.76373 0.972662
7.53016 -0.548673
-1.54018 -5.877
5.24569 4.26266
2.57598 -5.45213
5.98775 -3.95538
1.8654 -8.25981
-2.56944 -4.59536
5.76712 8.0148
4.66499 4.52287
-4.20102 -6.53233
-2.86378 8.49375
-5.57613 2.06056
-6.56844 4.26881
5.81456 5.2958
6.46546 4.97283
-1.57383 8.64215
8.6084 1.34861
6.17208 -5.8317
9.19951 -3.80816
-3.71714 6.03674
-0.586119 9.09811
-8.14094 -4.7655
6.23297 -2.51482
3.2507 -5.43001
-2.22105 -9.22191
7.35995 -1.26179
-6.92221 -1.5864
-2.56229 -4.34226
-0.333524 -5.53704
9.97201 -0.358844
8.90131 4.39612
5.6455 3.93463
-3.5466 -7.72551
-2.67944 6.60444
-7.5679 6.36467
-9.0473 2.09049
-5.14067 0.785525
-8.0656 1.38655
-2.65575 4.81277
8.17873 -0.0685973
7.08541 4.54506
2.4676 -7.12473
-5.33371 -3.68218
-6.45322 0.724968
3.67606 3.4845
3.95004 8.25705
-3.80696 -3.61433
-6.00064 7.24447
-6.1995 5.03418
-0.0567212 6.68694
7.46328 -4.63303
6.65481 7.38573
-8.02529 -1.12176
6.62903 -5.85953
-3.76187 -5.75303
6.20415 -6.78708
9.03768 -3.77937
0.206525 -8.93941
-4.72571 -4.96574
1.18337 8.87131
0.117012 6.61922
-8.22962 4.7546
-6.30961 -5.59943
-9.61729 2.2041
9.23801 3.318
5.64908 4.12035
-9.31398 -0.0802638
-8.99409 -3.73774
-0.261477 5.34848
-8.06836 -4.89124
-7.03496 3.36081
5.18387 5.31794
-1.46206 7.17441
8.62618 0.209169
-6.29018 0.977115
2.37577 9.51917
8.61335 4.58362
-3.14346 7.89091
2.47244 -5.6599
-5.86617 7.22865
-8.05703 5.55454
-4.91358 -2.51364
-6.09421 -5.39368
8.4012 -1.0379
-4.01232 4.89203
-7.97437 -5.22641
8.25814 -5.45882
-6.4238 -4.88329
6.61375 -2.66165
5.70151 5.19876
-4.5236 -8.10923
8.11461 2.21375
6.42962 2.62071
-1.95102 9.27084
-4.98652 -8.37366
4.08733 -4.30656
-0.296906 9.89624
-2.46507 9.53489
-7.17688 -1.74948
9.01886 -0.00538055
4.9639 8.25317
5.92526 5.79924
-2.27967 5.61649
9.51863 -0.33892
-3.649 -8.65974
1.03361 -8.04381
7.73859 2.40006
-2.12499 5.26227
3.03136 8.0979
1.45228 8.39905
9.87324 -0.4717
-7.8595 5.3354
-9.09978 0.0625873
-8.09551 -1.22319
9.63989 -2.32231
8.90686 -2.42328
-8.07962 5.78858
8.60834 0.392702
7.0623 -3.9736
-4.27963 -7.70314
-6.63038 3.15617
5.8092 -4.7519
-5.23282 -8.07064
-5.72255 1.04873
5.9765 7.09759
-5.73452 -0.0459166
3.41573 8.25216
4.79791 -1.54569
1.66431 -7.98361
-0.556365 9.16647
3.18026 -9.39486
2.66647 -4.56303
5.13578 -3.00873
-6.13357 -6.95871
4.96963 4.61957
1.08715 -8.20591
1.00393 -7.02885
7.27898 -2.21669
3.75998 -6.07651
7.61679 -4.63737
-0.347948 -7.96822
-8.24447 -4.85837
5.35378 0.95534
-4.77258 7.26668
-8.97105 3.52024
4.71044 8.30497
1.66637 6.68126
5.96671 2.50106
-4.62275 5.39065
-1.57265 8.39043
-1.95004 5.73846
6.30427 -4.10313
-1.26454 6.94713
-7.91065 5.78044
-8.08828 0.338948
-3.30767 7.94605
9.2509 -0.155475
-6.34215 7.48481
-2.83657 5.78694
1.07752 9.91535
-8.24875 3.29665
-7.59719 -6.04388
7.96916 -2.38384
-5.21729 -7.07609
-7.91092 1.13909
4.74184 -3.84133
-7.00526 2.59317
3.38284 -4.58723
-1.56691 5.0273
-6.0979 -7.46555
6.4189 2.47913
6.75338 4.00004
-5.50762 -6.53667
-8.67985 -2.21795
2.93755 -8.52794
-9.1436 3.574
-0.296629 -5.43956
-5.33245 -2.50231
3.73981 -5.04
-7.30324 -5.51148
0.95014 9.0039
-6.26369 6.19046
3.08417 -4.32874
-2.00708 7.05738
-2.10233 6.14239
-4.77104 -6.83477
2.20799 9.68098
8.26822 3.90256
2.08455 -4.88681
7.46018 3.1665
-7.1681 5.81029
-6.38545 -0.243877
1.16317 9.38689
5.48073 -5.44163
2.53138 4.96217
-0.854975 -9.56294
-4.30083 -3.9914
-3.42084 6.02014
-0.747959 9.05724
5.09641 -4.62902
-6.49883 -5.79605
5.70502 4.28315
6.85421 -1.28985
1.42055 -4.80413
8.5976 -0.145358
2.72689 -9.1464
-3.60992 8.01005
-0.550378 9.80247
-7.40639 0.748785
4.83284 5.53923
2.8447 -9.11646
-0.35998 9.81718
-2.608 7.40365
5.48111 0.979437
1.39429 -6.20729
-5.94074 -6.01068
-1.426 -6.70647
4.34747 7.96335
9.43877 -2.56516
7.33382 -0.406414
5.75037 6.47603
8.73829 4.35951
-6.59109 3.47681
-5.26755 8.3444
4.29672 -4.96345
-0.784623 -7.15977
5.80917 -5.27737
3.00644 9.30168
-6.64232 2.4732
6.99941 -0.863096
-6.05059 7.70436
7.21639 5.94949
4.20808 5.1768
6.55951 5.72537
6.23068 -0.936819
-5.122 -5.43749
-7.84195 0.37136
1.44551 -5.35629
-3.19457 8.89304
5.24375 -8.33542
6.64232 -2.51593
-5.19574 -4.74196
-7.63129 0.901852
-7.04106 0.96185
5.80985 6.17919
-6.40412 5.88287
-6.58444 -4.70551
-5.42701 8.2642
-5.2018 -6.61452
1.13226 9.81975
-4.52758 4.89157
2.31649 -6.68764
-3.91648 -4.29091
2.62073 6.67432
4.21045 5.02774
-2.33558 5.90401
8.77968 0.102923
5.50849 1.20204
2.64204 4.7196
2.2819 -8.10517
-6.95533 1.7418
-5.52675 -8.12986
-8.71656 0.76816
-5.68715 -3.99099
3.36964 -6.53335
-6.08674 0.111229
2.88722 5.55393
4.84076 -1.26285
-2.52785 -5.54985
3.66611 -3.75468
8.29201 3.77493
5.21365 5.89486
0.408869 -8.13904
7.15544 1.5172
-6.46404 -1.05357
-7.37654 2.56776
5.65154 5.46956
6.91287 4.6306
6.4209 -3.93698
-8.81317 -2.88978
-8.53243 -4.60435
-5.36398 7.55686
8.09074 1.15036
-5.93907 2.10008
-3.99854 -3.51021
-2.44349 -7.79226
-4.48961 3.09629
7.05902 0.923752
5.50766 7.2412
0.861238 -5.16566
0.67385 5.3955
2.13432 -8.49712
-4.98651 -8.20383
-0.934679 2.85869
2.78446 0.633525
-2.35355 1.40218
-0.0620286 2.72823
-1.04281 -0.383084
0.218483 0.8925
-2.65513 -1.07936
-0.634043 1.39313
0.646087 3.32221
1.25674 -0.332337
-3.85947 0.861649
0.44038 -0.159191
2.5217 3.47571
1.89353 -2.94899
3.34757 1.92846
3.83801 0.81382
2.34921 -1.3389
-2.28047 3.68693
-2.4019 0.489765
-4.11919 1.60643
1.21847 -1.71531
-1.52179 1.46158
-2.13963 -1.57724
-1.54121 -4.13362
-2.71413 -2.4578
3.60252 -2.25839
2.426 3.70573
0.0488426 1.75869
-1.51211 0.179892
0.164533 -2.41961
3.02444 -3.47519
2.01432 -1.1596
0.269391 -2.01704
-3.14655 2.14496
3.13064 0.42048
2.16956 2.42757
2.5811 -3.89859
-4.07209 -1.55076
1.9548 -4.12732
-1.58759 0.679507
-1.083 -4.46102
1.59097 3.61611
3.96685 1.26532
3.53023 -1.46076
-3.26 -0.874839
0.771674 -2.11033
3.20148 -0.55704
0.931773 2.45144
2.69077 3.49969
-2.6073 1.01813
-2.10238 -3.96444
4.31009 -1.19132
-2.47563 -3.74545
2.84967 -0.552351
2.64444 -2.73006
-2.76371 -0.210403
0.00900822 -1.18987
-2.38524 -0.0110354
3.00422 -2.98638
2.52655 1.55666
2.93661 1.16994
2.71651 2.76401
2.17345 0.842311
4.53322 -0.58025
-3.40885 0.783467
0.546814 2.10631
-0.0604807 0.130081
3.25681 -1.97804
4.69891 0.0675591
-3.65029 1.0285
2.61378 -3.08307
-0.0686377 0.522863
2.88234 -2.16328
0.763573 -3.45044
1.66466 -4.01208
-0.690215 3.19226
-2.31308 3.65951
-4.58397 -0.638416
-1.85522 -2.85596
-0.105165 3.26503
1.87644 -1.80847
-2.63564 0.609755
-1.10664 1.38665
-3.89562 0.646928
-1.47344 4.06159
-0.72286 -0.9672
-2.42857 0.97891
-2.91958 -1.64428
-3.11642 0.0130278
-1.34991 2.96752
-0.780132 -3.47135
2.69027 -1.2986
3.69102 1.36267
2.15447 0.256892
-4.1223 1.34781
0.407834 2.97922
1.81348 -3.08825
-3.32492 -1.12137
-3.59819 -2.7013
2.84085 1.53866
0.86492 -3.54977
-2.93557 -0.970447
-1.83242 -0.309664
-1.37289 3.68121
-2.4356 -1.9821
-0.143317 -3.52613
-3.08907 -1.94492
-2.3807 -0.988323
2.94375 0.961564
-3.79012 -0.611893
-1.59939 -2.36829
-3.18773 2.21344
4.68824 0.175512
2.5238 1.67907
-0.969226 2.25143
1.77242 2.28231
-2.84189 0.125921
4.17086 1.49893
0.967185 -1.04904
-0.468563 -0.31051
2.93999 -0.47452
3.75216 -1.09451
0.470569 -1.70429
2.001 -2.35641
-1.43401 0.636106
-0.833093 -3.05238
-4.19648 -1.00536
-4.14953 0.436976
2.55615 -3.70527
-3.31184 -2.95909
2.10651 0.935109
-3.1473 -0.569596
-2.51011 1.37183
-3.23215 -1.94631
-1.8857 2.75903
-1.80274 0.29087
-3.92756 -2.57569
0.982964 1.11879
-3.26443 -0.0694979
-3.33382 1.34557
-2.66188 3.29382
2.16904 -2.81076
-1.32864 3.02051
0.394883 3.67067
1.02103 0.648305
-0.332725 4.60299
0.432938 -3.56043
3.11843 -1.64254
0.7266 3.53152
3.62903 -0.75038
-3.06681 -1.93295
2.09002 -3.38057
-3.20555 1.72907
-1.34914 3.91164
1.69826 2.70281
1.93406 2.45877
2.83039 -2.67985
0.856307 2.15328
-0.975484 3.61656
-3.06983 0.453628
3.36178 1.52219
-1.25661 3.42348
0.0419089 -3.74654
2.2077 4.04142
-1.37067 1.56967
0.414372 -0.471209
-1.47971 -3.24369
-1.51472 0.679146
3.48439 1.023
2.57449 -2.63087
0.348952 0.487232
-0.151882 2.41685
-2.81241 -2.9541
3.27287 1.91968
3.80557 -1.12587
-1.84678 -0.977462
-2.81372 -3.31221
-3.30373 -1.41331
0.274043 -1.11669
4.40192 -0.847663
2.23917 2.3698
-1.72941 -3.27226
-0.416678 -3.12535
-0.940517 -4.28187
2.85225 -2.44235
0.616374 -1.90746
-0.625916 2.50583
-3.44875 -0.0768402
3.63263 2.27299
-4.01148 -2.18541
1.1998 -1.91389
1.79289 1.06372
-2.13465 2.91489
-3.23737 -0.970728
0.197962 -4.6905
3.97548 2.11607
-2.89361 2.0189
3.77192 -0.693967
-0.743334 2.06489
3.03949 1.00354
2.49005 0.445607
-1.58149 -3.16178
-3.1996 -3.25362
0.284382 -3.01259
3.98936 0.25016
-2.9641 -0.298824
-0.291356 3.62401
-0.687432 1.06945
3.24574 -2.4355
2.78918 1.00743
1.20248 1.72628
-0.427409 3.27708
-2.26382 -3.78547
-4.27754 -1.57199
-3.40215 -0.980756
-0.132159 2.56446
-4.48303 0.590831
3.79971 -0.347354
2.31818 3.09818
-4.13498 1.17002
2.49332 -1.97307
-1.40404 4.05022
-2.75759 3.56086
-3.24046 3.19498
-4.29923 -0.739677
-0.057036 2.20943
0.827599 -3.47344
2.98453 -1.5548
-1.36354 2.69523
-2.92988 -1.7733
-2.89249 2.89378
4.26289 0.759306
-4.37394 -0.304826
-2.73166 -2.50157
1.94999 -2.99592
-0.554658 -0.89275
1.19347 2.96696
-0.210679 -2.49349
0.440058 -2.55363
-0.645033 -4.18786
-2.65792 0.690189
2.52823 -1.6869
2.09525 1.63408
0.276695 -4.07028
0.836444 -2.12016
-2.36728 1.45483
-1.47466 0.270843
-1.95692 -2.04648
0.449044 1.59918
-1.94282 0.0191024
0.464962 1.43842
-3.82989 1.07776
-0.517836 -4.24425
-3.56903 0.19284
3.33443 2.7838
0.710454 -3.28428
3.35268 2.66933
-2.19194 -2.31688
-3.93182 0.489447
0.469912 2.5553
-0.768133 4.56254
1.78148 -1.20505
2.12438 2.65321
0.208199 -3.7697
0.345739 -0.588991
3.3044 2.964
0.304006 -4.50493
-1.6513 0.123569
-0.689578 -2.38745
2.6241 2.20142
1.27838 2.33338
4.04322 2.01804
-1.56131 2.92984
-3.78395 1.31979
0.930521 -1.99203
1.64587 4.27817
-2.14113 2.61412
-2.52603 1.18141
-1.35904 3.75707
2.18462 4.11111
0.932302 2.59466
3.27764 0.836022
3.07226 0.819876
-3.82001 -2.16337
1.98092 -2.4331
3.76065 1.42624
-2.79414 -3.47581
0.601561 0.219021
4.27795 0.0274316
2.19948 3.11738
1.90535 3.18477
-1.54304 -0.839224
2.85951 -0.735685
-0.923555 0.543259
1.01539 3.19897
-2.4561 -1.89377
-2.78519 0.306232
-2.75342 -1.26746
-3.1429 0.534275
3.25612 1.92595
0.431613 -4.36309
3.4024 0.103011
4.12532 -1.03561
1.7105 1.11087
-1.27521 -4.50656
-1.75659 -1.66936
-0.943049 4.43923
-1.37022 -2.60248
3.12541 -1.90156
1.84707 -0.989383
-2.88374 -1.63832
-2.47523 0.0206557
1.83744 3.80216
-3.56724 -2.19847
1.66263 -1.31448
-4.31104 -0.513408
-3.91629 -1.73645
2.00289 -2.34569
-1.09263 -3.17568
1.62725 -2.25354
2.4721 2.50935
2.71479 -2.50824
0.981089 -1.377
2.26737 4.10002
-2.87385 -0.0742816
-0.441344 -0.437334
1.92679 3.49063
-1.19698 -0.9386
-1.03795 2.71827
-3.25087 1.16184
-2.2623 3.2464
0.0695451 -3.6208
-2.29286 -2.18327
2.90189 -2.21375
1.17913 -3.6616
-3.23045 -2.19877
2.66406 1.15938
3.43474 -0.401482
-0.110849 -3.77967
1.71648 -3.46318
3.35286 2.93095
-1.48395 -0.447913
-0.995132 -1.08613
-0.00658951 0.231564
2.48256 -3.49147
-1.08251 -0.833931
-2.0357 3.37601
1.11989 3.59183
-0.224224 0.758624
-1.64537 0.208496
-2.32814 3.67173
-1.31619 2.15745
3.03918 0.812724
1.79908 -0.467213
-2.33609 3.17344
1.38875 2.63785
-3.32693 0.281698
-3.77654 -1.17737
0.120403 -0.108535
-2.42681 -4.00449
2.5241 -3.11165
-0.0662805 1.53746
4.22072 -0.124452
2.42078 3.33376
0.104659 -3.78789
3.00356 3.58318
-1.59655 -2.44835
-1.62001 -0.699722
1.79383 1.74998
0.350632 -2.44176
0.114498 -4.2959
-1.58606 -0.273414
2.93399 3.14213
-2.66465 0.543469
-1.92678 4.21041
0.118435 -3.26856
1.00705 1.10671
2.57963 -2.08174
0.0690524 -2.25791
3.31018 0.631789
-3.10619 0.50283
0.662341 2.54435
-2.32518 -0.591466
1.12035 -3.55718
-2.46012 1.36689
2.34893 -1.28957
1.99824 -0.184606
-3.98782 -2.16997
-1.37587 -0.141739
2.95496 1.99256
2.39956 -0.59262
-0.58673 0.982671
-3.36175 -1.56427
-2.40931 0.428103
3.5099 2.91072
1.96716 -0.348983
-2.48467 3.72282
4.4644 -0.105097
3.6726 0.968939
3.48768 -0.0297449
1.29181 3.11282
-4.50734 -0.718148
2.65897 3.14346
-0.739616 -2.74517
-0.787809 4.35718
0.691119 4.23978
-1.41443 -0.159916
-2.20298 -2.93594
-2.23965 3.3538
-0.948432 -2.57775
0.394417 0.9599
2.43988 -1.73876
1.10588 -3.29727
1.8025 -2.07266
3.02058 -1.17035
0.0758579 0.374099
-3.51503 -2.56956
1.44295 0.243458
1.79617 1.44772
-1.58178 -1.89341
-2.03049 -1.46935
2.50923 2.18088
1.58338 -0.98663
-1.4652 0.827896
-0.0818724 -4.39702
-1.19071 0.396257
1.16777 1.60283
-2.11059 -0.0776366
2.52216 -3.44064
-1.50222 3.87362
-1.48556 2.31582
-3.011 1.45866
0.701741 -3.89063
-2.99236 -1.75269
1.85364 -4.23834
3.34087 1.74321
-1.25448 0.595935
0.755198 3.43322
-4.117 -2.20266
-2.46365 -1.65987
-1.99122 1.06657
1.72088 1.35719
-0.705979 3.69284
4.24657 0.846396
0.0207084 3.59777
-2.24351 2.94423
-4.52237 0.286682
0.98051 1.50399
-1.99496 2.63329
4.39528 0.408884
2.27307 2.36488
1.11567 -2.37767
0.937577 -2.48075
0.777314 -1.63805
-1.88973 0.933378
-1.81859 3.96459
1.10679 1.69228
-4.29706 1.47546
0.161959 -1.5844
-0.393601 -4.48085
0.898243 -0.79203
1.88984 -0.118814
1.27712 0.406001
-1.54918 2.41367
2.78061 1.83523
-2.3765 0.096795
-1.52713 -1.27488
0.896665 4.60925
1.45217 -4.33806
-1.49824 3.2176
-3.8507 1.73786
-3.44171 0.316554
2.04974 3.33687
-0.570851 2.87173
-2.06543 -2.39416
1.47767 4.19053
1.2479 -0.564728
-0.0203048 3.23686
-4.3214 -0.81103
-0.0228565 -4.24526
1.81424 -2.55253
2.54129 2.2109
1.08419 3.77499
-2.6802 -3.17142
-3.6998 2.73378
-1.24367 4.45419
3.74602 1.84786
1.45038 -3.30242
0.772155 2.16425
2.79342 1.05205
-1.3592 0.226304
1.49867 3.19353
2.71753 1.18484
1.24797 -4.29246
3.33355 1.73073
4.43536 -1.27922
3.11856 -2.30038
3.82558 -0.749468
-2.66598 -0.192764
-4.06169 -2.04167
-2.43518 1.39591
0.848863 2.95786
1.82524 3.77282
-3.73225 1.1149
0.578545 0.0573428
-0.15436 1.9097
-4.43905 0.192412
-2.69246 -2.78333
0.248867 -4.1698
-0.364897 -1.36027
0.500162 1.46984
-1.06667 0.798643
-3.16506 3.35518
-2.46471 -3.41748
4.03077 -2.33384
2.98222 2.10714
-3.40583 2.6647
-3.92461 -2.39573
-4.19564 -0.328535
-3.25583 -0.630054
1.03504 -2.26962
0.134381 -2.69243
-1.32547 -1.73451
2.09891 -3.3681
4.07336 -1.63113
1.34026 2.35833
-1.77184 1.79988
-2.04413 -2.16887
-1.80324 -0.586299
-2.45492 2.4597
3.30162 0.530185
2.96889 -1.83599
-4.66271 -0.155167
-3.79467 0.39185
-0.10765 3.54008
3.89186 1.71516
-1.65461 2.31979
2.78111 0.868341
-3.14852 -0.610842
2.06843 1.31894
-3.44366 2.20856
3.62473 2.35567
-3.20136 -0.940775
0.565229 0.178669
2.72249 -0.807301
1.60291 -1.17202
1.43999 4.35904
-0.988379 3.44499
3.33839 3.03068
-0.276034 -4.20041
-0.867879 -4.24174
-2.44303 1.75178
-4.20102 0.228855
3.28747 -1.68105
-3.57917 -2.59331
-0.661396 -3.63228
-4.46394 1.21762
0.585357 1.63458
2.77999 -2.08365
-2.65697 -0.196709
1.62186 3.28806
0.913826 -0.00243415
2.01313 -2.01633
4.02021 -0.0587466
2.62896 -1.56205
4.05062 -2.23026
-0.145302 -0.525421
-1.44023 -0.536651
-2.29876 -1.29018
-0.0806182 -0.0329567
-3.90835 -1.32788
-3.09264 -1.89612
-0.833571 -3.13613
-2.11044 3.57526
1.29676 1.75913
-4.19581 -1.3801
-3.70676 -0.645865
2.8576 -1.04938
-3.29407 -2.41664
-2.05516 -0.987244
-1.16577 0.945401
0.317353 -0.604296
0.378992 -3.18433
1.3727 1.33304
-1.98507 -3.32517
-2.53108 -2.2371
-2.42008 -3.97052
4.05689 1.06573
1.47749 2.44381
1.87108 3.77263
1.31936 3.07656
3.94009 2.25782
1.60316 -0.935612
2.68923 -1.83575
0.809562 -2.81502
-1.48413 3.98657
3.85208 1.31274
-4.18863 -1.67459
1.3432 -1.90367
3.62886 -2.86669
-3.83432 -1.63671
-0.603644 -1.16962
0.415368 -1.31916
0.476192 2.44866
3.27976 -0.601463
1.88382 -2.6686
-2.70525 0.177977
0.306384 -2.18588
0.069255 -4.17381
-0.663153 -0.707476
1.72163 -2.49073
2.12395 0.784252
1.28364 1.86909
3.81772 0.0273399
2.39013 3.54463
0.277869 -0.66979
0.664907 1.09024
2.25292 -3.32667
-3.71309 -1.87741
-0.688988 -3.24697
3.35955 -1.2271
0.39839 4.58332
1.67856 -3.30786
-2.61387 3.29966
0.573589 -1.91577
-3.41805 2.15815
3.75153 0.503147
-2.76087 -2.79549
2.22008 0.579312
0.389795 -2.7387
-2.24212 1.11001
1.34095 -2.05751
-0.0453021 0.660286
2.44238 -0.177695
-0.488926 -3.6871
-2.02952 -1.49056
2.46171 -0.425169
-2.33589 -0.309484
1.54655 -2.12765
-0.942568 -0.249777
-2.64685 1.54952
0.288265 -1.47906
2.61877 2.78339
-1.54554 1.81989
2.56644 0.741438
-1.02183 3.61921
1.16714 -2.88155
-2.1261 -4.00643
1.28055 4.13223
1.98061 -1.14437
-0.823715 -0.250385
2.82385 -3.56175
-1.39308 1.26482
-3.12575 -2.42362
-0.834568 -4.11986
-3.23473 -3.09468
1.32639 3.64576
-2.01059 1.71337
-1.12703 -1.9471
-1.01636 -4.39652
-3.32796 -1.20638
-0.217574 -4.31414
-3.71392 0.937594
2.50777 0.441217
2.89458 -3.63677
-3.85774 1.03349
-1.81376 3.16298
-4.01092 1.02407
2.1009 -4.05152
1.6587 -1.95414
2.58913 -2.9509
-1.15739 -3.53357
-1.65761 -0.706605
-2.08219 2.20031
1.33444 -1.52216
-3.20307 -2.23514
0.230836 0.797548
2.16902 2.51605
-0.121636 -0.161939
2.13216 0.281434
1.63617 0.479802
4.58156 0.60187
-1.76848 1.32764
3.55973 -1.14999
1.47044 2.4265
-3.70534 2.25174
1.86461 -3.66808
0.102183 2.21251
-0.921193 2.91995
1.11322 3.68688
-0.950577 1.08355
4.17965 0.155859
-1.39461 -4.4032
0.24398 -1.73027
1.54381 -0.378171
-1.58832 1.05062
-0.60702 2.15296
0.454243 -0.600403
0.211339 -2.3922
0.319599 -0.0954994
-1.13511 3.62769
1.40218 -0.775173
0.95864 0.916523
0.898047 -2.52423
-3.05709 -1.10958
1.25612 -2.76731
0.817093 0.207686
1.34148 -3.94866
-0.352786 1.84457
0.166773 2.97827
3.24404 3.02705
-2.17524 2.83017
-1.96778 -1.56052
4.49697 -0.457917
-4.07178 -1.44218
3.86499 1.14137
3.30751 2.30554
-2.29137 2.77035
-0.00404531 1.09926
-2.46885 -1.6486
-2.18191 1.97695
-2.32153 3.43686
2.44943 -2.84103
-4.57398 0.3893
-1.05271 0.989867
3.02445 -2.33701
0.126331 1.32482
-3.24275 1.13247
0.091921 -2.83166
1.32412 0.452059
3.14079 0.710397
2.73307 0.213939
1.06952 -0.267795
-0.738795 -4.30018
2.13828 2.20084
-1.16433 0.475835
-0.492885 -3.964
-1.05113 1.48245
-3.49342 -1.81369
-0.839034 0.387814
-0.62451 0.803398
0.0390748 4.26063
0.75739 3.79575
2.8368 -1.42495
2.2609 -3.19735
-1.82923 -1.85133
-3.19861 1.47045
1.91807 -2.01516
3.28299 2.66615
-3.90616 -0.385534
-0.781946 -1.2176
0.568104 1.97287
0.734691 -4.44129
0.362966 -2.70123
-4.15356 -1.08177
3.15717 0.51927
0.272793 0.0854693
0.942604 1.73587
3.30476 1.63615
-0.916762 -2.21528
-1.08514 -2.1692
-4.65613 0.02911
0.46474 -2.74378
1.8637 0.834178
-0.142244 -1.73689
-1.82857 -3.45789
2.42389 1.62336
-1.91837 -0.349544
-3.64658 -2.83174
-1.17979 -2.50473
0.0312608 -2.59524
-2.19635 0.434414
2.04245 3.77643
-3.40109 -1.58619
0.833784 -2.33763
-0.831893 -3.39954
-0.879176 3.17097
0.594075 2.9559
0.519485 2.27838
3.50482 2.69167
1.66459 -2.39245
-0.228522 1.41091
-0.341113 2.58675
-3.3584 0.726041
3.1882 -0.346407
-4.62982 0.055702
-0.849034 1.82567
1.75757 2.34807
1.72626 -0.228824
-1.61995 0.189898
-0.762238 0.94201
-2.16649 -0.0201824
-2.74655 1.55293
2.42133 -0.0901439
-4.29827 1.06489
2.23585 -2.29416
-1.53457 -4.17657
-2.79222 2.61222
-1.55165 -3.49381
-0.268922 1.90329
0.500481 2.02956
3.50086 0.662998
-1.65592 -2.2851
1.13668 -1.61203
1.9536 0.863197
3.37637 -1.98539
2.90513 2.16501
2.29034 2.81154
0.9461 2.80121
-1.96572 0.225873
-4.08189 0.536968
-2.13587 -2.19398
-0.367189 2.4876
0.220639 -4.15019
-1.96341 3.88225
0.407959 2.58293
-0.59889 -3.60029
-0.277093 0.511733
-0.0222949 3.81797
-0.946526 1.00871
-3.6192 -2.11898
-1.119 1.72978
-1.04292 -2.07275
-0.543737 2.80023
0.554508 -4.51572
3.73293 2.05842
4.42052 -0.518292
0.196385 -0.601061
2.16116 -0.305806
4.0611 -0.162156
0.000364157 2.28767
-1.91072 3.79704
1.04282 -1.6902
4.52332 -0.694822
-0.899633 3.0546
3.51509 -2.59208
-2.82519 3.36103
-3.87802 -0.0577862
-2.68096 3.41487
0.615452 0.574813
-3.12197 -1.76716
-0.770082 3.7969
4.27123 0.341969
-0.724128 -2.6224
-2.06528 -1.10847
1.1028 1.16919
2.9401 0.25383
-2.89936 3.31389
-2.35983 1.21352
2.93176 -0.296494
-2.64665 1.97584
3.22137 2.74939
2.67281 -3.01241
-3.95656 -0.858666
1.84087 2.69697
-1.69278 -2.51445
-1.00855 3.49942
-0.795982 1.42354
-4.19129 -1.31589
0.0720939 1.636
2.58822 -0.844269
-1.54464 -0.639545
-3.20665 -0.909861
2.49939 0.778205
-3.32661 2.18418
-2.6489 1.61165
-3.68905 2.00544
-2.42722 -1.22207
1.8989 3.46459
-1.36794 -1.24885
-0.438892 -2.84211
-2.27881 1.36417
-3.37085 -2.963
-2.99885 3.23799
2.48161 2.07356
3.51701 -2.78869
-0.162512 -0.852611
-1.8744 0.749828
-3.71195 -2.5274
-2.75464 -0.168542
4.32411 -1.10541
-4.21321 -0.714569
2.04996 -1.58958
-1.19638 -3.98718
-3.59267 0.290174
2.76309 -1.5337
-2.94535 -0.975061
-2.24829 -3.39424
-1.70282 2.81883
-2.22206 3.0055
-0.879117 -2.84721
2.07808 3.78122
-4.16064 -1.45434
1.70296 -0.0160606
0.572702 -3.84025
0.0304565 1.18608
0.968073 0.516242
-4.06903 1.08638
-1.62456 -1.32352
1.87948 3.69774
3.04462 -2.99712
1.34814 1.98313
-0.247364 -0.923103
3.68204 -2.44043
-1.36616 2.61165
3.12366 -1.10831
2.45875 -0.364773
4.26973 0.811077
1.13572 1.43236
-2.853 0.0819419
-0.425992 -1.15987
-0.492937 -3.69932
3.77047 -2.64228
2.78456 -0.793617
-1.61978 3.2804
-2.81252 -2.43629
3.02463 -0.612669
-1.14419 0.797395
-3.72733 2.16765
-2.84884 0.0984873
2.38052 0.982314
2.58417 -3.21552
3.23404 1.80549
4.28258 0.0583754
-4.0663 1.06384
3.16319 0.444255
0.326069 4.59952
-4.20956 1.77106
0.491952 4.46315
3.66169 2.3828
1.31834 1.68628
1.94677 -3.8668
2.4725 -3.20293
-0.0926148 -3.28902
1.01478 -0.347282
2.41922 -0.00977556
1.69104 4.37314
0.242051 -2.62793
4.22574 -1.80653
-1.62782 2.08352
1.80857 -4.16045
1.86774 2.02265
-2.03485 3.86618
-1.43021 -4.38283
-3.18944 -0.186045
-0.525003 0.670999
-0.706617 -2.34139
0.619911 4.47871
2.59753 -3.86005
-0.550754 -0.975153
2.52383 0.111031
-3.19032 -2.3951
3.09534 1.59876
-1.0771 3.02389
3.78138 1.61636
-4.47134 -0.715145
-0.365637 -3.34765
0.0984248 2.61124
2.23072 -0.385959
-0.485606 -2.77301
-4.57109 -0.675776
1.3541 1.08879
-0.699717 -0.0358444
-2.75693 1.79039
2.39833 -3.37939
0.670922 2.73274
0.215054 -2.79084
2.1917 -0.499719
-2.49933 3.16813
-2.37495 1.27902
1.30487 0.634835
0.499797 1.48996
1.52741 0.156402
3.59535 -1.11302
3.50697 -1.06329
-3.6346 -1.14858
0.210591 3.92008
1.4079 3.48978
1.21412 0.104024
-2.95521 -2.90944
-1.04521 0.00290282
1.86483 0.892818
-2.30478 1.71816
3.66038 -1.20272
1.38048 -3.50271
-3.86755 0.437944
2.71978 -2.26175
-1.50742 1.41621
4.10685 1.38454
0.213463 -0.966484
-0.68289 -2.75687
-0.334596 -3.16907
1.84074 -1.9496
-1.92411 4.04851
-2.74517 -0.226523
-0.579303 -3.97641
-0.632744 3.68939
3.74609 2.32388
0.306632 4.52519
0.4714 -3.5325
