1000 2
6.77101 0.29793
-6.85514 5.68313
-6.3068 1.59655
-1.08697 -8.63115
4.03184 3.17779
5.38353 0.931514
-4.0468 5.43281
6.00508 7.41909
-7.32808 -3.01134
1.24065 -8.45068
9.45564 1.02474
2.76399 -5.54772
-8.72038 -3.38741
-3.906 -8.18853
-4.56221 2.92588
-4.73956 2.21574
4.80481 -5.5315
2.4231 4.95831
-5.68924 0.877061
-0.852782 7.28705
-6.51762 -1.66816
3.20632 8.59146
-6.96047 -4.57366
0.930105 -7.73284
-5.79074 -4.89515
5.02067 2.43065
-8.07435 -5.52144
1.13114 -8.97512
-3.6464 -4.97373
6.46487 -4.97292
0.204998 5.3987
5.30721 -1.65576
-8.33677 3.88621
-5.03855 -2.85397
-3.44116 4.48913
-4.5299 5.96743
-5.35617 -1.11369
2.16015 5.58681
-5.64747 3.02682
3.99759 7.55882
1.0504 -5.87017
5.70626 5.04071
0.819446 -7.57104
-6.39758 -4.19984
-6.74962 -0.870044
-2.82221 7.07469
5.36167 -6.48099
-6.01856 6.00392
7.85395 1.35534
-0.756292 8.99325
4.71325 -4.45005
7.93979 3.99343
-2.39124 -9.5002
-0.0994007 9.37171
-1.37607 -7.66584
0.433914 -7.20904
-2.32369 5.6998
-1.92861 5.88528
-6.14497 1.56885
7.26364 0.0201162
8.55115 -0.769498
7.04681 -4.23247
4.95968 -2.64794
-3.98238 8.16655
5.7454 2.85895
1.55581 8.53966
6.03125 7.3008
4.57753 -5.42894
-8.24422 -0.602235
-1.76627 -5.75834
-0.482413 -7.9128
-8.76073 -1.50834
-9.32217 2.25578
-7.11846 -0.00987719
-6.00598 -2.49346
5.52285 2.61328
5.24913 2.19627
-7.36258 -2.83933
-0.621709 -9.06785
-3.41209 -7.07453
-1.54388 -8.05265
-0.927682 8.45312
-8.99294 -4.26355
1.8819 9.17027
4.72919 3.53845
-3.82295 7.72379
-6.25371 -6.02267
-9.25349 -3.48499
-5.04796 -1.01801
1.00479 7.4562
-3.72798 3.76373
-6.25338 -0.617935
-5.63294 7.19139
5.63136 6.19739
7.45509 -2.2818
9.76013 -1.48208
-2.78178 6.63629
-3.8156 -8.77203
8.44284 -1.12366
-5.41885 5.31331
7.78211 -6.0548
-3.03772 5.04164
-5.22151 2.07053
-0.553028 5.26041
6.27079 -6.77415
6.79487 1.45586
8.65692 -3.07468
3.85989 -6.82004
-4.37 -6.63784
0.990617 9.30166
-7.05211 -4.84539
3.50474 4.216
4.0393 8.53556
-2.78601 -4.47034
6.97947 3.96106
1.87988 -4.77551
-2.01159 -8.76183
-8.63936 -1.71279
-6.92206 0.918511
-2.57781 -5.30284
-4.7723 -8.05503
-0.942812 -5.84236
7.41329 -4.75119
-5.53964 -4.74967
-7.70272 0.346356
-5.6783 4.79329
0.906422 -5.77102
6.45721 6.26547
3.68389 -4.93154
-4.37169 4.97858
-5.00395 -1.32844
-7.09682 3.67242
4.91886 -8.64298
-2.61963 -8.18922
-7.08965 4.27693
2.37124 -6.5461
-1.78197 -9.4868
-4.57534 2.19096
-8.42528 -3.69965
-0.0863859 8.11279
1.23709 -8.28327
2.50544 8.92227
-3.49114 4.39522
0.680244 -7.13656
-7.69099 -2.38844
-2.54026 5.88461
2.62686 9.56572
-9.01034 3.18959
5.06465 1.63201
-7.78377 -1.87203
-3.25171 8.48718
3.95577 4.59621
-4.68272 -2.48057
9.06862 -3.68895
7.68108 -4.07765
6.94023 4.47283
-5.06785 4.57125
9.01306 2.52799
7.93987 5.34364
2.70997 6.49358
-6.51649 -2.66386
8.525 -0.340971
-1.50586 -8.95478
-3.02454 6.59723
-0.392256 7.35181
-3.33501 8.56979
-7.50044 0.0771779
-2.87094 8.07723
-5.9845 -1.42673
0.896717 -8.87819
4.2451 7.31509
4.70651 2.24838
8.53462 1.30455
5.51392 -7.51949
-8.74848 4.21874
4.31535 8.1461
-8.49438 -5.03471
1.63703 -6.41022
3.48751 -5.45108
-2.20326 9.73882
0.37528 7.33759
-5.57027 0.479658
1.60448 6.55694
2.46292 -5.72386
-5.51711 -6.05295
-6.44255 0.109108
-6.22087 5.81056
7.19487 4.12188
-3.51216 -8.93107
-4.47999 4.84418
-3.88852 5.61478
7.68149 2.73004
7.1629 6.82504
8.4717 3.81696
-8.37481 4.52929
3.77658 -7.02293
5.67528 4.36098
-7.94228 -5.83211
-0.208887 9.23249
6.97303 -4.28843
4.36408 7.14418
-7.74711 -5.60039
-5.83071 3.26067
7.3183 -1.29076
6.14035 0.818295
-1.32998 7.00024
-6.94499 -4.50967
5.98514 -7.735
-1.26691 7.01794
-5.40391 -3.46352
5.70038 6.36695
6.83548 3.86517
1.94116 5.14667
0.00277099 6.57198
-4.66099 2.81052
-3.67257 -4.84261
5.03445 -6.06316
-3.47049 -8.52142
9.21178 2.34216
4.76069 -7.08609
4.04081 -6.14018
1.92735 -6.993
-7.127 -3.42715
3.76485 -4.09325
4.70849 -4.33349
-5.94177 -3.38177
6.89945 -0.993143
2.47466 -8.43627
-8.46896 2.14997
-5.47257 2.43377
-3.92785 4.66522
2.36049 -7.18809
-5.06559 2.67362
-4.52687 -3.18512
7.76113 1.32829
4.54825 2.36225
2.25768 4.84427
-2.31386 -8.98224
-4.52769 3.13658
-3.46196 -5.20542
-7.46032 -5.59392
-9.82933 -1.56272
-4.71334 2.82608
-2.03083 7.90221
-7.51114 0.298432
-4.2486 -6.21838
7.7001 -4.3606
-9.27962 -2.49374
7.66314 -5.62343
6.99348 -0.564466
9.8018 -1.13066
4.20726 -8.60011
-4.76955 -1.76018
-6.98035 1.32224
2.84692 8.26666
7.26614 2.07918
-1.90668 -5.52404
-5.66573 -3.99898
5.17838 -6.92804
-6.92292 6.51611
-6.59327 6.83093
-0.734989 7.03478
-6.52032 -6.98894
-3.18651 4.4038
-5.30816 5.80047
-5.70977 -4.14827
8.27022 -2.40211
5.58262 7.17536
-3.67151 -7.00052
8.0862 4.71866
6.54495 0.971947
-4.4949 -5.7294
5.99437 7.3683
-0.535938 -7.51231
-4.20444 -3.95174
3.03411 -5.73826
5.31991 -8.29344
-7.78717 1.06779
-4.08005 6.53237
7.49061 -5.29543
-9.27947 -0.027967
-1.69855 -7.51515
-7.0805 -2.00504
1.32967 7.81135
5.28372 3.51737
-3.5036 -4.97737
-4.04152 -5.88519
7.63041 4.30334
6.16895 1.60718
-8.04198 -1.56655
1.90667 5.48115
1.6475 9.45988
-7.73699 4.43452
-7.29545 5.33665
-6.90744 6.60186
3.07881 5.57707
3.0444 7.31247
0.662048 7.03805
8.4629 -4.04288
-8.66806 -4.13239
6.98621 -2.71108
-5.13161 -6.99175
-3.90126 -8.53362
-4.52356 -7.4501
6.22713 -0.706019
-6.05627 -7.72256
-7.96456 -0.38586
-5.58561 2.65526
-7.17904 1.86338
-2.15832 5.17802
6.96051 5.27772
2.61146 -9.21491
5.08639 6.97804
-8.60231 1.04706
-2.04393 7.61621
-4.3978 6.14639
2.30783 7.76287
-9.4709 2.55883
6.26778 2.5919
2.02844 -8.07293
-1.75558 -5.95988
-8.27414 -3.42282
-7.41035 -5.7813
-6.3351 6.04053
3.35193 -4.10819
-6.39055 -5.8977
-2.59009 8.28341
-0.812079 -8.60735
-3.73318 -3.54928
7.17879 -6.04548
-5.65485 -1.12319
2.61413 -4.30094
-5.85501 -5.19895
1.28082 6.74209
-5.62381 0.690593
6.79323 -6.16997
1.31082 -8.96518
4.73573 -6.60594
-6.00139 -5.35583
4.61881 8.32845
1.32642 -6.94053
2.73049 -8.67221
6.2483 -4.77746
5.25744 1.79287
-7.2968 2.61107
5.90668 -6.36849
4.75148 -1.85067
3.37091 -5.11775
6.02446 -6.82144
-7.8801 -0.89191
4.27347 4.14431
-6.64384 -3.00367
-2.70082 7.35578
-8.06425 4.12184
-4.18836 6.20404
-8.77983 -2.52722
5.02217 7.54109
3.02664 8.8185
-7.43959 2.74008
-6.93421 -3.21339
-7.46008 -1.56741
-3.5302 7.85378
-1.43695 9.19165
4.1264 -7.60014
4.47578 4.45475
-9.02823 2.5861
4.62176 -2.12265
4.6286 -7.15579
-7.35567 -6.76645
-3.68576 -6.53438
-3.30554 3.82353
2.14855 -9.34958
1.68819 -6.55191
1.98063 8.47357
-4.7788 2.78465
1.55724 -7.53106
5.44926 5.68552
7.9062 -0.534166
-2.6004 -4.86954
-2.29829 -7.43719
3.15311 -5.73996
8.45271 4.75201
-1.13081 -5.55315
8.15758 4.48291
4.29963 3.8601
-3.33934 -4.2541
5.17052 0.899145
5.43814 -1.17672
6.5294 -0.439274
-3.00305 7.73064
8.81208 4.6307
8.24194 2.27557
5.4332 -4.17708
-4.25163 2.81912
0.977319 5.79918
6.77846 5.49339
7.32432 -0.0984698
5.01819 0.728467
3.34456 -8.03233
8.66401 -4.05188
1.29557 -5.30209
7.73392 4.06891
6.13784 -1.27755
8.14799 3.27019
2.12452 6.73401
1.68175 5.19609
-9.24363 2.33856
4.19148 6.18693
3.7797 5.45084
-7.65505 1.58891
4.80011 -4.63042
-3.52733 -3.91199
1.37642 -6.49287
-5.67284 -3.479
-0.206226 -6.03434
0.924009 9.81576
-6.46794 -6.58955
9.38538 0.0570783
-0.684901 8.86645
-1.64538 6.08498
-6.39724 1.56381
5.48094 -1.82099
-5.45707 3.09632
-9.40205 -0.211045
-7.02552 2.12341
-1.15382 7.79259
8.26094 1.64465
1.6464 -8.91534
-0.0482583 8.92275
4.70197 6.04412
5.02989 -2.58579
0.544429 -9.7834
-9.55542 2.10787
7.00909 1.72534
-2.16308 5.13398
6.86303 6.95708
7.5728 -3.90322
-1.46322 7.60207
-9.51278 -1.21193
-2.95752 -7.01809
6.95306 0.0753768
6.85823 6.22025
3.75032 -8.40699
5.0785 -5.63681
-2.25177 -5.52859
1.06086 9.84826
-0.336219 9.17411
-2.22221 -8.68452
1.92972 -7.15239
4.68639 4.09147
5.33796 -4.98156
-5.02314 -3.99791
5.46119 6.27912
-9.06054 -0.511018
-8.67993 -3.59101
5.27726 -5.11013
-5.91093 -5.05574
-2.81829 -7.04403
-9.07495 -2.62335
9.33648 -1.81156
2.12697 8.04675
1.79498 8.15336
-6.45452 -1.05832
-7.21975 -2.27008
6.78272 -2.89581
-7.97734 4.77733
-7.41971 -3.05297
8.65839 1.53049
2.88128 5.64031
6.24856 -0.451668
8.8237 -0.0334501
-2.19589 -6.28147
7.30784 2.81597
8.01299 -5.65906
-5.65847 -1.93376
-0.73823 -7.43018
0.965947 -5.32295
-2.83858 -8.04411
2.68072 -5.2109
-0.600323 -9.62557
6.41437 6.3295
-0.140722 -5.11228
-2.03213 5.95989
7.88451 -5.00709
5.89553 6.24412
-0.951308 -8.62805
8.32961 -4.25828
-0.758478 -7.74294
6.85901 -0.585743
-5.48574 1.10045
-4.76682 4.05899
1.87099 5.80298
9.43771 -0.348238
7.17161 -6.81951
6.24867 1.41367
-0.459872 -9.06096
-7.52344 -6.53811
-5.95969 -4.5702
8.62961 -2.15369
2.91374 -8.69725
5.36463 3.40538
-5.74165 0.112334
8.00585 -5.68598
8.34031 -4.43696
0.61364 -6.5553
5.08136 2.44621
-6.59222 4.59554
-2.8122 -4.6075
-4.20082 -3.23728
-8.89757 -1.44237
-1.98523 -5.84396
0.620502 8.78488
7.44959 5.20942
-5.31101 -2.17517
1.92121 9.7786
0.189957 -7.39052
-6.34424 -7.70521
-1.45491 7.35254
-5.85665 7.27509
-7.6431 2.37551
5.17021 -4.30476
-0.207578 -8.76822
-7.41223 2.58796
1.12012 5.79679
6.66283 2.2527
6.75523 -4.91158
-7.93458 3.44981
0.944381 -7.79545
1.84153 -9.39363
1.22178 -5.56389
7.6945 1.44106
-0.125354 -6.82284
8.55955 0.381419
-2.31604 -5.69104
3.95926 3.34422
6.37213 -3.66182
-4.15945 -7.83431
3.45267 9.02631
5.12903 3.58686
1.13832 -8.31238
-6.24119 4.25278
-3.58347 -7.40162
-6.0222 4.85509
4.09908 -6.76837
3.99885 8.67687
-7.90509 -0.917182
-7.41394 -6.12245
-0.196834 -8.19228
-7.59548 2.84169
0.219694 -7.60077
-6.12394 -5.064
-9.5317 0.739921
-4.15149 5.89658
3.80837 7.33261
-4.84878 6.49794
-4.98275 -5.02766
0.154089 9.77697
1.5631 -8.90832
-2.1595 5.25631
7.05924 4.66992
7.38533 5.28473
0.00770021 9.41739
0.686995 6.33155
-5.56774 3.06685
4.47866 -7.08234
-3.16027 5.33941
-0.523996 -6.80444
3.00737 4.93313
-8.84882 -2.12889
-3.24692 8.97544
-3.47881 -8.43076
4.13968 -4.35671
5.83283 -7.69499
-5.1778 -3.24158
-1.15155 5.91295
5.90734 4.67952
8.75474 0.846357
4.72157 -4.49829
-4.04017 -3.13941
-6.95876 4.20155
-4.49896 5.98083
9.18784 -0.0155487
-1.3274 -9.61491
2.26055 -6.85451
-3.70055 4.82422
0.62649 9.419
5.05238 -4.65199
-5.9737 0.104337
-6.41486 5.44906
-0.758451 -7.28745
-0.130566 5.57865
0.29669 6.46747
4.44078 -3.84873
-5.64028 3.87989
-6.03217 -2.72986
-2.65653 -8.37889
-4.0247 -3.06337
-6.05795 4.05571
4.33228 -7.42376
-3.525 -4.60452
-8.13843 -2.58904
8.07527 1.06852
-6.68455 -7.30493
6.07004 -0.896157
-1.70481 7.28311
7.23279 1.47823
4.60236 -8.08326
4.65947 -8.332
0.78368 -8.69599
6.52432 -5.76908
-0.968349 4.95501
7.45783 3.76636
1.27498 8.66423
-0.354236 6.36233
-8.238 3.98561
6.09633 1.07692
-4.92219 -7.26046
-6.87834 -4.27636
7.25973 -5.68257
-6.89922 4.78267
-4.08078 -5.66737
8.50698 -3.1468
-6.08904 1.55681
-8.56566 -3.06636
3.71789 6.60786
1.64008 4.82495
3.97969 6.72649
8.7247 -3.98217
-8.25743 -2.62271
0.0598563 6.00424
-6.67385 -7.42319
-8.01325 1.26627
2.26135 6.42715
8.24637 -3.26843
-5.39458 -6.7231
4.81727 3.81464
-7.31491 -1.73562
9.496 -0.754312
2.28553 -7.0706
5.20456 -6.92674
7.68256 0.846832
-7.29662 5.63032
8.83428 -2.26311
3.95458 4.57636
-5.17362 7.02138
8.27982 -1.07387
-8.53001 -3.81723
3.81893 4.69348
-0.526584 9.70881
-4.02046 8.10901
8.0644 -1.59267
-8.06002 -4.78811
-6.17151 -4.60291
-1.10474 -7.39199
2.01139 5.51075
-8.72394 -3.25209
2.17443 5.57585
-6.65667 1.29204
-4.61814 2.83759
-8.66801 -3.21201
-4.1699 -3.52519
-0.535908 -7.00892
-1.03014 6.46155
-5.81904 -0.602375
-6.83405 0.158964
-9.21181 -2.94933
-6.11804 -5.94209
-8.78103 -2.72833
3.86702 -6.9415
-5.86919 -3.46039
-4.22301 3.91981
0.320986 -5.18013
-2.38798 5.24745
-6.12392 -4.74124
-6.03401 6.35692
-0.840974 5.74625
3.1756 -7.66638
1.60235 -9.34559
-3.36693 -7.9178
5.49071 2.41552
2.06047 -9.65113
2.63526 -9.21418
-2.7458 -8.59198
-5.38974 -5.34686
-0.838212 -7.83118
1.42768 -4.9483
-6.04789 -6.83163
8.40233 -1.95659
-4.36181 -8.88404
6.00898 -7.10942
6.13665 -1.26469
4.31387 3.28626
-7.75539 -4.89224
-5.16294 6.41835
-6.75583 -5.20588
1.75709 -8.66171
7.37519 -5.17125
6.81252 -2.03619
-7.31809 4.87242
-8.28006 -3.03106
1.45156 2.36229
3.51231 -2.90804
1.35069 1.67333
1.02897 2.95986
0.546576 -1.62236
-4.38157 0.346791
0.35666 2.46029
-1.12049 -1.75259
-1.261 -1.71501
-1.88974 3.35948
-0.305884 0.347971
-1.04592 -2.41536
0.660482 0.781902
-1.17295 -0.140135
-3.56938 -1.71054
3.07063 -2.39747
0.098403 -0.624045
-3.07598 -2.28152
-2.02145 -1.2392
-2.65925 -0.824976
1.17397 1.70632
-0.0329667 -4.2499
-4.35387 -0.0250502
1.36964 -1.13166
2.51925 -2.84227
1.17243 1.93186
-1.64091 -2.3629
-2.96698 -2.31602
-3.8454 1.7859
-2.73928 0.247208
0.0483457 -3.60271
1.16909 1.47321
-1.61263 1.16649
-3.64604 2.63111
-2.65622 1.69005
-0.129083 -2.46026
4.52546 0.948564
-1.42681 -2.92687
3.74373 -1.4084
-4.10618 -0.0399634
-3.41832 -0.715526
-4.1977 1.44032
-2.69064 3.71269
0.0952366 3.64432
2.56859 -3.00158
-2.66128 -2.28873
-1.31197 0.554601
-1.38294 -3.45618
2.46951 2.19904
2.01906 1.07275
-1.61866 1.42521
-3.56067 2.61149
0.309867 -1.41439
0.900633 1.40721
2.59185 -3.27901
-3.51696 0.937463
-1.25133 -3.13356
2.02336 -0.44898
1.8881 -1.30087
0.430327 4.37472
-0.371062 0.0693108
-2.9108 -0.805465
-0.634028 -0.623517
3.76028 0.397413
-1.28208 -1.98281
3.62837 -2.55034
0.994214 2.05157
-1.53186 -2.53237
3.54274 0.831592
-0.552856 -3.16951
-1.63928 3.9243
1.24745 3.54216
2.0615 -0.0110665
-2.14441 -2.61712
4.20047 1.93079
-3.71322 -0.328067
0.560186 2.87824
-3.81284 -1.64441
-1.25513 -2.24768
3.04493 -0.532871
-2.11155 -1.06945
-3.25565 -0.906245
-0.603813 -2.18606
-2.09536 1.87384
0.0403613 -0.809904
-2.45014 0.909623
-0.340971 -0.302011
-4.33981 0.144036
0.0667425 -3.13969
2.63592 2.01824
3.08747 -1.45505
3.36202 -1.01496
-0.196027 -3.93811
1.09014 4.30653
-4.18875 -1.71254
-2.53246 -3.53121
4.12819 1.097
0.254277 -4.26483
-4.48732 -1.29408
-3.2805 -0.665936
0.451836 2.74747
-0.0462335 -3.68423
-1.86414 -4.25097
1.22805 -4.36609
-0.826656 -1.68051
-3.14364 2.09927
-4.11594 -2.10235
-0.810295 -2.12982
1.39366 -4.02961
1.85781 -0.759219
-0.185454 3.53508
2.24405 -0.717444
-0.179309 1.05978
4.00199 2.41931
-4.20979 1.05203
-4.43289 1.41371
-0.874104 -3.31329
-0.756871 3.9815
0.0569931 4.61652
-0.545038 -4.02187
4.39904 -1.61159
-1.86748 -2.97599
1.03869 4.1474
-0.615089 1.03011
-1.44298 -1.5756
0.326784 -0.625529
4.59552 -0.0689963
2.17047 -3.31273
-0.178563 -4.51099
-3.34295 1.7992
0.54804 -3.55543
-1.62529 2.31889
1.18584 -0.052103
-4.43838 -1.31543
0.585537 3.40483
0.756025 2.07625
-2.35936 -3.20318
3.70787 1.97049
-2.17015 -2.57978
-4.28757 0.359228
3.8271 -2.4976
-2.48981 3.87128
-1.61304 -0.893157
1.63066 3.1559
4.37394 0.811229
-3.58008 -0.914483
-4.58143 0.990138
2.07129 2.99123
-1.16428 -4.00042
-1.39015 -2.61572
-4.33438 -1.8054
0.722126 4.10466
3.12819 -1.65511
0.0397432 3.43036
0.174119 -2.62977
3.41733 2.48434
-1.16693 0.217971
-2.0739 -0.598219
-1.36145 -3.67407
3.88922 0.135302
3.17454 0.407675
-2.87433 -3.66029
-2.87042 -1.3104
2.4188 0.962532
2.17363 0.953563
1.99726 -2.86008
3.03733 -2.84842
1.80583 -0.585898
0.64147 -2.48773
-0.870858 4.00332
-1.0082 -3.82767
-1.59439 2.9418
-0.753667 3.566
2.0406 -1.7138
-2.98128 3.16496
-1.05684 -3.84279
-1.1034 1.58584
1.43291 -3.78426
-4.52684 0.460115
-2.98335 -0.922135
-3.00995 2.67419
-1.20478 0.422611
2.10201 0.935265
1.00879 -2.18064
-0.282405 2.29654
3.05016 0.780248
3.0393 -2.4184
0.753265 0.846241
1.34395 3.26494
0.91731 3.83707
1.85414 0.620873
-2.06034 4.03877
-2.62539 -1.46707
-3.73436 -1.8324
-1.0984 -4.44013
-3.84945 -1.28124
2.67663 -0.617672
-1.2059 1.80853
2.16692 -4.07156
-3.43523 -0.0342503
1.4884 2.66289
-2.98153 2.40721
-1.75447 -2.0869
-0.744935 3.49603
-1.32525 2.67236
1.12776 4.08785
-1.12593 -3.89947
-2.34566 3.40087
0.882773 -1.13224
-1.68472 -1.90342
0.130457 0.591252
2.61784 -3.67909
-3.80841 -0.16854
1.36209 -4.1707
-1.64509 -1.75349
-1.62131 -2.68544
-2.06273 3.81851
-1.54035 -0.965927
-0.378532 -1.4939
-0.551866 0.233908
1.78822 2.11432
1.5485 -1.55775
1.88083 3.24785
-1.30166 -2.05818
0.401316 -1.35985
2.32406 -2.25735
2.82183 1.39091
2.71682 0.0608368
2.97997 -2.51529
0.234771 -1.1926
0.594917 1.19624
-0.110222 0.939048
-0.488239 1.83036
2.7689 0.606395
-0.0307174 -0.1116
0.404917 -2.0291
1.87555 1.83314
-0.443002 1.79124
-0.752718 3.24923
-1.61063 -3.4712
1.02024 2.09282
-2.55104 1.35237
-3.6831 -2.51047
1.2356 -1.50845
4.22811 0.560512
-3.26318 -1.11597
2.07006 -0.860897
0.112564 -2.14307
-0.113928 -0.106544
1.48052 -3.02086
1.49604 4.07574
-0.345954 -3.96474
-3.94746 1.7813
-3.47743 -3.04816
-1.92318 -3.36542
-2.91596 -0.455305
0.320389 -0.653606
-1.3057 1.10486
4.372 -0.611073
-1.7428 -0.380495
-1.45614 0.219208
1.78066 -3.83806
0.423539 1.94172
-0.267066 1.32163
1.9171 1.30363
-2.15951 1.62129
1.20968 -1.23866
-3.86353 0.894895
-1.41611 -2.10715
-4.42842 1.38222
0.520979 3.0679
1.07624 -3.38611
-4.06391 1.68323
1.71342 1.53431
-4.18222 -0.0515958
-4.49147 0.0391093
1.09904 4.15189
-3.30413 -1.19356
0.0082049 -2.14499
-3.86762 0.442435
2.21873 -4.14096
1.16205 -0.150376
0.30351 -3.66257
-2.40345 1.53495
1.00308 3.72534
1.34365 3.43448
0.318881 2.25726
-0.289706 0.398672
-1.62801 -3.83267
1.24402 -4.12199
-1.01515 4.06857
1.28607 -2.91215
-2.48298 -3.47247
0.0848358 -0.36481
-3.67083 1.65374
-0.210197 1.67825
3.36324 0.888407
1.3541 -3.69535
0.899502 -4.13512
1.0878 2.83611
