1000 2
-0.303573 0.72294
-0.288011 0.692245
-0.306319 0.708402
-0.30449 0.714163
-0.288526 0.693369
-0.294865 0.703397
-0.309865 0.695185
-0.319757 0.703903
-0.320183 0.712842
-0.300677 0.709206
-0.290033 0.708696
-0.303806 0.688634
-0.290896 0.690484
-0.304622 0.708063
-0.299449 0.696423
-0.292722 0.7104
-0.293923 0.69326
-0.290385 0.70271
-0.299496 0.690104
-0.300396 0.692989
-0.297952 0.692667
-0.302485 0.687109
-0.298512 0.713972
-0.282786 0.715323
-0.308774 0.676755
-0.286396 0.688547
-0.293849 0.69611
-0.299035 0.687182
-0.302777 0.709995
-0.304291 0.699998
-0.30332 0.694839
-0.289463 0.690954
-0.276427 0.708997
-0.292006 0.698943
-0.286314 0.700978
-0.301345 0.704031
-0.303253 0.707465
-0.293208 0.713635
-0.306256 0.68532
-0.278615 0.688666
-0.305058 0.687448
-0.3168 0.694762
-0.289905 0.697302
-0.277335 0.703676
-0.310765 0.708563
-0.323308 0.698937
-0.309364 0.690528
-0.297304 0.703368
-0.307129 0.686391
-0.29482 0.69232
-0.307086 0.688725
-0.307592 0.691745
-0.283758 0.706381
-0.315654 0.710587
-0.319522 0.730134
-0.30737 0.699369
-0.301092 0.697099
-0.30471 0.7013
-0.300737 0.691204
-0.296826 0.694491
-0.311499 0.694623
-0.283872 0.701807
-0.290547 0.702444
-0.311048 0.695832
-0.301703 0.694328
-0.289681 0.684412
-0.297744 0.71666
-0.296482 0.703148
-0.30161 0.69184
-0.290471 0.697024
-0.306872 0.712757
-0.306746 0.702967
-0.281541 0.712407
-0.327675 0.701506
-0.30725 0.709069
-0.309459 0.691275
-0.291862 0.69533
-0.310322 0.694677
-0.289503 0.671557
-0.305605 0.705278
-0.300938 0.698398
-0.307459 0.684429
-0.289959 0.697713
-0.297282 0.699661
-0.31112 0.703197
-0.291157 0.691685
-0.298479 0.691335
-0.293348 0.693741
-0.283203 0.713748
-0.302485 0.694455
-0.315539 0.691744
-0.291941 0.699007
-0.287037 0.683256
-0.295975 0.698592
-0.303164 0.69983
-0.28582 0.704174
-0.288296 0.701021
-0.286246 0.686573
-0.305035 0.682667
-0.294259 0.687549
-0.295796 0.707476
-0.298457 0.701812
-0.304339 0.707868
-0.296362 0.708925
-0.303472 0.68771
-0.300099 0.701863
-0.307088 0.706239
-0.306857 0.698315
-0.306125 0.690026
-0.299551 0.704458
-0.309911 0.702762
-0.302642 0.716823
-0.296562 0.694523
-0.298808 0.697819
-0.284172 0.701984
-0.279263 0.710624
-0.301009 0.680438
-0.309871 0.704423
-0.28986 0.723268
-0.28838 0.714437
-0.288767 0.702447
-0.292953 0.687318
-0.318011 0.714956
-0.299515 0.699965
-0.288876 0.710562
-0.285738 0.716134
-0.318918 0.692102
-0.290244 0.704342
-0.290651 0.705796
-0.311385 0.695465
-0.289472 0.69129
-0.307263 0.670364
-0.307401 0.698341
-0.297373 0.704374
-0.280599 0.689916
-0.286742 0.694207
-0.294588 0.674561
-0.30611 0.695772
-0.296151 0.71046
-0.286996 0.694051
-0.309887 0.709621
-0.300556 0.702843
-0.29557 0.700643
-0.301102 0.699691
-0.3026 0.713231
-0.29958 0.693732
-0.294688 0.703253
-0.296403 0.690443
-0.320125 0.700513
-0.29281 0.671217
-0.302007 0.695527
-0.31261 0.692958
-0.283527 0.704017
-0.293408 0.701956
-0.277212 0.697515
-0.308922 0.680554
-0.286939 0.713583
-0.299401 0.716429
-0.308285 0.683945
-0.315537 0.69027
-0.314595 0.690679
-0.300934 0.686178
-0.302149 0.701982
-0.313426 0.71514
-0.286651 0.687191
-0.280677 0.707335
-0.301078 0.701597
-0.29901 0.691104
-0.300348 0.708316
-0.293987 0.693785
-0.291646 0.688262
-0.276323 0.706217
-0.279931 0.710663
-0.300114 0.702565
-0.291608 0.706249
-0.296205 0.704334
-0.313247 0.697121
-0.294061 0.702221
-0.307389 0.704285
-0.303769 0.677359
-0.311398 0.70085
-0.288285 0.685245
-0.290117 0.695584
-0.300523 0.712861
-0.295307 0.688355
-0.296159 0.718269
-0.307802 0.71245
-0.289422 0.695016
-0.307659 0.69583
-0.302882 0.713117
-0.290146 0.716513
-0.299291 0.690809
-0.298048 0.706112
-0.284413 0.691664
-0.290594 0.711957
-0.272147 0.696348
-0.294008 0.686447
-0.296112 0.704693
-0.306902 0.685253
-0.281826 0.692043
-0.300771 0.695125
-0.294646 0.711648
-0.311519 0.701898
-0.300631 0.707299
-0.304858 0.70532
-0.304252 0.707857
-0.309769 0.691018
-0.307728 0.681694
-0.297314 0.722815
-0.303217 0.726148
-0.299609 0.700033
-0.298662 0.701229
-0.294046 0.688845
-0.297815 0.706674
-0.297691 0.701581
-0.292211 0.709395
-0.289038 0.694791
-0.288815 0.695316
-0.287273 0.692206
-0.302674 0.695082
-0.315997 0.702822
-0.292215 0.701663
-0.293944 0.725686
-0.286007 0.716011
-0.293887 0.695225
-0.295964 0.692506
-0.308358 0.697868
-0.312203 0.697073
-0.293622 0.688038
-0.308184 0.705992
-0.293969 0.719482
-0.296456 0.692041
-0.305248 0.699204
-0.302719 0.710516
-0.301153 0.686116
-0.313378 0.694725
-0.295906 0.702616
-0.304628 0.691699
-0.285236 0.70279
-0.286336 0.700349
-0.290032 0.699209
-0.292084 0.708898
-0.283772 0.691922
-0.28933 0.700239
-0.293021 0.714812
-0.292257 0.696192
-0.282481 0.701617
-0.309276 0.690039
-0.289124 0.710167
-0.297288 0.711719
-0.299976 0.698973
-0.304906 0.686316
-0.310709 0.693576
-0.292302 0.702523
-0.296504 0.703167
-0.295324 0.718386
-0.283635 0.700119
-0.286811 0.689725
-0.289471 0.697663
-0.290983 0.693194
-0.291409 0.696589
-0.294178 0.709129
-0.308855 0.678431
-0.289195 0.707725
-0.317054 0.710076
-0.277237 0.719436
-0.306305 0.710437
-0.301841 0.688825
-0.312073 0.698897
-0.304638 0.695144
-0.298123 0.697147
-0.313378 0.68984
-0.283399 0.700162
-0.308612 0.691506
-0.290758 0.700056
-0.30048 0.693067
-0.319796 0.697953
-0.301869 0.697552
-0.292648 0.714566
-0.30941 0.707058
-0.29675 0.707505
-0.302405 0.698388
-0.305326 0.686451
-0.312187 0.703373
-0.299127 0.685272
-0.300117 0.72518
-0.304074 0.69972
-0.302115 0.697876
-0.312377 0.675436
-0.317269 0.701383
-0.293102 0.689592
-0.295909 0.697488
-0.31398 0.700175
-0.304503 0.70263
-0.296117 0.699294
-0.315961 0.720496
-0.290681 0.686274
-0.297907 0.699564
-0.298619 0.694454
-0.293388 0.687934
-0.28376 0.696501
-0.285781 0.686111
-0.300737 0.67848
-0.29051 0.69215
-0.296625 0.698311
-0.312101 0.698014
-0.292482 0.678257
-0.294602 0.713796
-0.31067 0.718857
-0.285267 0.716025
-0.306245 0.701999
-0.274036 0.72297
-0.2719 0.699254
-0.298257 0.716109
-0.28029 0.678397
-0.297205 0.680099
-0.289181 0.690376
-0.295228 0.705257
-0.307731 0.691262
-0.288151 0.686252
-0.318952 0.689553
-0.304353 0.694792
-0.319271 0.704066
-0.286644 0.704098
-0.308047 0.694245
-0.290444 0.699769
-0.285617 0.702196
-0.297712 0.70858
-0.315007 0.696199
-0.303853 0.719675
-0.291778 0.691745
-0.301173 0.707238
-0.301525 0.695462
-0.304372 0.705034
-0.305876 0.685225
-0.300635 0.692676
-0.293499 0.702258
-0.306296 0.69621
-0.316719 0.703587
-0.293146 0.702785
-0.298109 0.6966
-0.292325 0.70334
-0.292102 0.689037
-0.28585 0.706348
-0.297051 0.70226
-0.291164 0.684163
-0.292333 0.707714
-0.299356 0.70299
-0.296901 0.678398
-0.311322 0.689108
-0.302703 0.690361
-0.292439 0.688543
-0.289594 0.68663
-0.294547 0.706818
-0.315657 0.690282
-0.313201 0.704068
-0.2822 0.695091
-0.281409 0.693572
-0.308285 0.691432
-0.305358 0.693726
-0.300924 0.69843
-0.305675 0.720316
-0.29224 0.688511
-0.296665 0.685013
-0.304061 0.68865
-0.29846 0.688012
-0.315109 0.70063
-0.282302 0.691172
-0.297146 0.686269
-0.292711 0.683057
-0.290879 0.690911
-0.301666 0.69557
-0.299808 0.697609
-0.305138 0.690114
-0.297713 0.703517
-0.284206 0.705692
-0.312752 0.691353
-0.312377 0.696996
-0.294461 0.724662
-0.300577 0.679251
-0.299243 0.705878
-0.311581 0.706601
-0.30205 0.700258
-0.29711 0.688801
-0.32636 0.693921
-0.292249 0.693869
-0.307087 0.71656
-0.295033 0.680964
-0.289035 0.707597
-0.287514 0.711765
-0.293177 0.688407
-0.30197 0.698359
-0.314225 0.691096
-0.312458 0.70394
-0.298343 0.714355
-0.298332 0.68301
-0.287882 0.717743
-0.299753 0.68433
-0.309892 0.688296
-0.310871 0.714565
-0.313852 0.704758
-0.290014 0.706738
-0.29033 0.709354
-0.297463 0.728308
-0.301253 0.692167
-0.297964 0.704231
-0.296174 0.696812
-0.298508 0.707824
-0.291804 0.694277
-0.314289 0.688827
-0.29083 0.720141
-0.298705 0.695061
-0.301609 0.703093
-0.288636 0.706747
-0.312065 0.713439
-0.315642 0.699284
-0.295196 0.701741
-0.302847 0.710403
-0.298935 0.709998
-0.300825 0.698045
-0.30483 0.696186
-0.315596 0.708074
-0.277826 0.690005
-0.303102 0.687624
-0.288079 0.712214
-0.31347 0.711175
-0.287651 0.685209
-0.282499 0.690266
-0.298995 0.676647
-0.309701 0.706647
-0.318622 0.692084
-0.303932 0.709355
-0.296101 0.700114
-0.302895 0.704887
-0.30414 0.677361
-0.307334 0.681263
-0.290498 0.68163
-0.294375 0.70311
-0.317654 0.704725
-0.294846 0.686004
-0.30101 0.712361
-0.285955 0.7108
-0.283883 0.690017
-0.287627 0.696103
-0.295819 0.685352
-0.290939 0.704021
-0.318195 0.716901
-0.303276 0.704903
-0.297212 0.710503
-0.305003 0.69039
-0.292227 0.715184
-0.28831 0.701209
-0.301706 0.7136
-0.30407 0.702385
-0.296277 0.699431
-0.302827 0.698582
-0.289386 0.689375
-0.316542 0.685982
-0.30153 0.68023
-0.275359 0.707986
-0.293698 0.694342
-0.305348 0.710847
-0.303865 0.684207
-0.325645 0.700062
-0.295246 0.694536
-0.316003 0.677184
-0.29621 0.685579
-0.295559 0.712962
-0.305755 0.693882
-0.298308 0.709386
-0.309066 0.691084
-0.311997 0.708173
-0.305289 0.673553
-0.301704 0.696219
-0.313074 0.68487
-0.287755 0.696813
-0.293112 0.69996
-0.291391 0.696951
-0.298697 0.718554
-0.313489 0.676735
-0.312903 0.685773
-0.289471 0.707729
-0.277657 0.733312
-0.293823 0.697695
-0.301875 0.705634
-0.309911 0.709495
-0.291395 0.698285
-0.290347 0.701247
-0.295105 0.692825
-0.30072 0.689974
-0.296861 0.696941
-0.300909 0.704916
-0.300356 0.704613
-0.289949 0.694108
-0.298513 0.695924
-0.289696 0.698971
-0.295852 0.688718
-0.298478 0.687352
-0.305931 0.701536
-0.295819 0.685727
-0.26 0.7
-0.260003 0.700503
-0.260013 0.701005
-0.260028 0.701508
-0.260051 0.70201
-0.260079 0.702512
-0.260114 0.703013
-0.260155 0.703514
-0.260202 0.704014
-0.260256 0.704514
-0.260315 0.705013
-0.260382 0.705512
-0.260454 0.706009
-0.260533 0.706505
-0.260617 0.707001
-0.260709 0.707495
-0.260806 0.707988
-0.260909 0.70848
-0.261019 0.708971
-0.261135 0.70946
-0.261257 0.709948
-0.261385 0.710434
-0.261519 0.710918
-0.261659 0.711401
-0.261805 0.711882
-0.261958 0.712361
-0.262116 0.712838
-0.26228 0.713313
-0.262451 0.713786
-0.262627 0.714256
-0.262809 0.714725
-0.262997 0.715191
-0.263191 0.715655
-0.26339 0.716116
-0.263596 0.716575
-0.263807 0.717031
-0.264024 0.717485
-0.264246 0.717935
-0.264475 0.718383
-0.264708 0.718828
-0.264948 0.71927
-0.265193 0.719709
-0.265443 0.720145
-0.265699 0.720578
-0.26596 0.721007
-0.266227 0.721433
-0.266499 0.721856
-0.266776 0.722275
-0.267059 0.722691
-0.267346 0.723103
-0.267639 0.723511
-0.267937 0.723916
-0.26824 0.724317
-0.268548 0.724714
-0.268862 0.725108
-0.269179 0.725497
-0.269502 0.725882
-0.26983 0.726263
-0.270162 0.72664
-0.270499 0.727013
-0.270841 0.727382
-0.271188 0.727746
-0.271539 0.728106
-0.271894 0.728461
-0.272254 0.728812
-0.272618 0.729159
-0.272987 0.729501
-0.27336 0.729838
-0.273737 0.73017
-0.274118 0.730498
-0.274503 0.730821
-0.274892 0.731138
-0.275286 0.731452
-0.275683 0.73176
-0.276084 0.732063
-0.276489 0.732361
-0.276897 0.732654
-0.277309 0.732941
-0.277725 0.733224
-0.278144 0.733501
-0.278567 0.733773
-0.278993 0.73404
-0.279422 0.734301
-0.279855 0.734557
-0.280291 0.734807
-0.28073 0.735052
-0.281172 0.735292
-0.281617 0.735525
-0.282065 0.735754
-0.282515 0.735976
-0.282969 0.736193
-0.283425 0.736404
-0.283884 0.73661
-0.284345 0.736809
-0.284809 0.737003
-0.285275 0.737191
-0.285744 0.737373
-0.286214 0.737549
-0.286687 0.73772
-0.287162 0.737884
-0.287639 0.738042
-0.288118 0.738195
-0.288599 0.738341
-0.289082 0.738481
-0.289566 0.738615
-0.290052 0.738743
-0.29054 0.738865
-0.291029 0.738981
-0.29152 0.739091
-0.292012 0.739194
-0.292505 0.739291
-0.292999 0.739383
-0.293495 0.739467
-0.293991 0.739546
-0.294488 0.739618
-0.294987 0.739685
-0.295486 0.739744
-0.295986 0.739798
-0.296486 0.739845
-0.296987 0.739886
-0.297488 0.739921
-0.29799 0.739949
-0.298492 0.739972
-0.298995 0.739987
-0.299497 0.739997
-0.3 0.74
-0.300503 0.739997
-0.301005 0.739987
-0.301508 0.739972
-0.30201 0.739949
-0.302512 0.739921
-0.303013 0.739886
-0.303514 0.739845
-0.304014 0.739798
-0.304514 0.739744
-0.305013 0.739685
-0.305512 0.739618
-0.306009 0.739546
-0.306505 0.739467
-0.307001 0.739383
-0.307495 0.739291
-0.307988 0.739194
-0.30848 0.739091
-0.308971 0.738981
-0.30946 0.738865
-0.309948 0.738743
-0.310434 0.738615
-0.310918 0.738481
-0.311401 0.738341
-0.311882 0.738195
-0.312361 0.738042
-0.312838 0.737884
-0.313313 0.73772
-0.313786 0.737549
-0.314256 0.737373
-0.314725 0.737191
-0.315191 0.737003
-0.315655 0.736809
-0.316116 0.73661
-0.316575 0.736404
-0.317031 0.736193
-0.317485 0.735976
-0.317935 0.735754
-0.318383 0.735525
-0.318828 0.735292
-0.31927 0.735052
-0.319709 0.734807
-0.320145 0.734557
-0.320578 0.734301
-0.321007 0.73404
-0.321433 0.733773
-0.321856 0.733501
-0.322275 0.733224
-0.322691 0.732941
-0.323103 0.732654
-0.323511 0.732361
-0.323916 0.732063
-0.324317 0.73176
-0.324714 0.731452
-0.325108 0.731138
-0.325497 0.730821
-0.325882 0.730498
-0.326263 0.73017
-0.32664 0.729838
-0.327013 0.729501
-0.327382 0.729159
-0.327746 0.728812
-0.328106 0.728461
-0.328461 0.728106
-0.328812 0.727746
-0.329159 0.727382
-0.329501 0.727013
-0.329838 0.72664
-0.33017 0.726263
-0.330498 0.725882
-0.330821 0.725497
-0.331138 0.725108
-0.331452 0.724714
-0.33176 0.724317
-0.332063 0.723916
-0.332361 0.723511
-0.332654 0.723103
-0.332941 0.722691
-0.333224 0.722275
-0.333501 0.721856
-0.333773 0.721433
-0.33404 0.721007
-0.334301 0.720578
-0.334557 0.720145
-0.334807 0.719709
-0.335052 0.71927
-0.335292 0.718828
-0.335525 0.718383
-0.335754 0.717935
-0.335976 0.717485
-0.336193 0.717031
-0.336404 0.716575
-0.33661 0.716116
-0.336809 0.715655
-0.337003 0.715191
-0.337191 0.714725
-0.337373 0.714256
-0.337549 0.713786
-0.33772 0.713313
-0.337884 0.712838
-0.338042 0.712361
-0.338195 0.711882
-0.338341 0.711401
-0.338481 0.710918
-0.338615 0.710434
-0.338743 0.709948
-0.338865 0.70946
-0.338981 0.708971
-0.339091 0.70848
-0.339194 0.707988
-0.339291 0.707495
-0.339383 0.707001
-0.339467 0.706505
-0.339546 0.706009
-0.339618 0.705512
-0.339685 0.705013
-0.339744 0.704514
-0.339798 0.704014
-0.339845 0.703514
-0.339886 0.703013
-0.339921 0.702512
-0.339949 0.70201
-0.339972 0.701508
-0.339987 0.701005
-0.339997 0.700503
-0.34 0.7
-0.339997 0.699497
-0.339987 0.698995
-0.339972 0.698492
-0.339949 0.69799
-0.339921 0.697488
-0.339886 0.696987
-0.339845 0.696486
-0.339798 0.695986
-0.339744 0.695486
-0.339685 0.694987
-0.339618 0.694488
-0.339546 0.693991
-0.339467 0.693495
-0.339383 0.692999
-0.339291 0.692505
-0.339194 0.692012
-0.339091 0.69152
-0.338981 0.691029
-0.338865 0.69054
-0.338743 0.690052
-0.338615 0.689566
-0.338481 0.689082
-0.338341 0.688599
-0.338195 0.688118
-0.338042 0.687639
-0.337884 0.687162
-0.33772 0.686687
-0.337549 0.686214
-0.337373 0.685744
-0.337191 0.685275
-0.337003 0.684809
-0.336809 0.684345
-0.33661 0.683884
-0.336404 0.683425
-0.336193 0.682969
-0.335976 0.682515
-0.335754 0.682065
-0.335525 0.681617
-0.335292 0.681172
-0.335052 0.68073
-0.334807 0.680291
-0.334557 0.679855
-0.334301 0.679422
-0.33404 0.678993
-0.333773 0.678567
-0.333501 0.678144
-0.333224 0.677725
-0.332941 0.677309
-0.332654 0.676897
-0.332361 0.676489
-0.332063 0.676084
-0.33176 0.675683
-0.331452 0.675286
-0.331138 0.674892
-0.330821 0.674503
-0.330498 0.674118
-0.33017 0.673737
-0.329838 0.67336
-0.329501 0.672987
-0.329159 0.672618
-0.328812 0.672254
-0.328461 0.671894
-0.328106 0.671539
-0.327746 0.671188
-0.327382 0.670841
-0.327013 0.670499
-0.32664 0.670162
-0.326263 0.66983
-0.325882 0.669502
-0.325497 0.669179
-0.325108 0.668862
-0.324714 0.668548
-0.324317 0.66824
-0.323916 0.667937
-0.323511 0.667639
-0.323103 0.667346
-0.322691 0.667059
-0.322275 0.666776
-0.321856 0.666499
-0.321433 0.666227
-0.321007 0.66596
-0.320578 0.665699
-0.320145 0.665443
-0.319709 0.665193
-0.31927 0.664948
-0.318828 0.664708
-0.318383 0.664475
-0.317935 0.664246
-0.317485 0.664024
-0.317031 0.663807
-0.316575 0.663596
-0.316116 0.66339
-0.315655 0.663191
-0.315191 0.662997
-0.314725 0.662809
-0.314256 0.662627
-0.313786 0.662451
-0.313313 0.66228
-0.312838 0.662116
-0.312361 0.661958
-0.311882 0.661805
-0.311401 0.661659
-0.310918 0.661519
-0.310434 0.661385
-0.309948 0.661257
-0.30946 0.661135
-0.308971 0.661019
-0.30848 0.660909
-0.307988 0.660806
-0.307495 0.660709
-0.307001 0.660617
-0.306505 0.660533
-0.306009 0.660454
-0.305512 0.660382
-0.305013 0.660315
-0.304514 0.660256
-0.304014 0.660202
-0.303514 0.660155
-0.303013 0.660114
-0.302512 0.660079
-0.30201 0.660051
-0.301508 0.660028
-0.301005 0.660013
-0.300503 0.660003
-0.3 0.66
-0.299497 0.660003
-0.298995 0.660013
-0.298492 0.660028
-0.29799 0.660051
-0.297488 0.660079
-0.296987 0.660114
-0.296486 0.660155
-0.295986 0.660202
-0.295486 0.660256
-0.294987 0.660315
-0.294488 0.660382
-0.293991 0.660454
-0.293495 0.660533
-0.292999 0.660617
-0.292505 0.660709
-0.292012 0.660806
-0.29152 0.660909
-0.291029 0.661019
-0.29054 0.661135
-0.290052 0.661257
-0.289566 0.661385
-0.289082 0.661519
-0.288599 0.661659
-0.288118 0.661805
-0.287639 0.661958
-0.287162 0.662116
-0.286687 0.66228
-0.286214 0.662451
-0.285744 0.662627
-0.285275 0.662809
-0.284809 0.662997
-0.284345 0.663191
-0.283884 0.66339
-0.283425 0.663596
-0.282969 0.663807
-0.282515 0.664024
-0.282065 0.664246
-0.281617 0.664475
-0.281172 0.664708
-0.28073 0.664948
-0.280291 0.665193
-0.279855 0.665443
-0.279422 0.665699
-0.278993 0.66596
-0.278567 0.666227
-0.278144 0.666499
-0.277725 0.666776
-0.277309 0.667059
-0.276897 0.667346
-0.276489 0.667639
-0.276084 0.667937
-0.275683 0.66824
-0.275286 0.668548
-0.274892 0.668862
-0.274503 0.669179
-0.274118 0.669502
-0.273737 0.66983
-0.27336 0.670162
-0.272987 0.670499
-0.272618 0.670841
-0.272254 0.671188
-0.271894 0.671539
-0.271539 0.671894
-0.271188 0.672254
-0.270841 0.672618
-0.270499 0.672987
-0.270162 0.67336
-0.26983 0.673737
-0.269502 0.674118
-0.269179 0.674503
-0.268862 0.674892
-0.268548 0.675286
-0.26824 0.675683
-0.267937 0.676084
-0.267639 0.676489
-0.267346 0.676897
-0.267059 0.677309
-0.266776 0.677725
-0.266499 0.678144
-0.266227 0.678567
-0.26596 0.678993
-0.265699 0.679422
-0.265443 0.679855
-0.265193 0.680291
-0.264948 0.68073
-0.264708 0.681172
-0.264475 0.681617
-0.264246 0.682065
-0.264024 0.682515
-0.263807 0.682969
-0.263596 0.683425
-0.26339 0.683884
-0.263191 0.684345
-0.262997 0.684809
-0.262809 0.685275
-0.262627 0.685744
-0.262451 0.686214
-0.26228 0.686687
-0.262116 0.687162
-0.261958 0.687639
-0.261805 0.688118
-0.261659 0.688599
-0.261519 0.689082
-0.261385 0.689566
-0.261257 0.690052
-0.261135 0.69054
-0.261019 0.691029
-0.260909 0.69152
-0.260806 0.692012
-0.260709 0.692505
-0.260617 0.692999
-0.260533 0.693495
-0.260454 0.693991
-0.260382 0.694488
-0.260315 0.694987
-0.260256 0.695486
-0.260202 0.695986
-0.260155 0.696486
-0.260114 0.696987
-0.260079 0.697488
-0.260051 0.69799
-0.260028 0.698492
-0.260013 0.698995
-0.260003 0.699497
