588 2
0.22896 0.30303
0.22896 0.28956
0.22896 0.27273
0.23232 0.25926
0.23569 0.24242
0.24242 0.23232
0.25926 0.22222
0.27609 0.21212
0.2963 0.21212
0.32323 0.21212
0.35017 0.21886
0.37037 0.21886
0.38721 0.23569
0.39731 0.24916
0.40404 0.26936
0.40404 0.2862
0.40404 0.3064
0.39731 0.3266
0.21886 0.3165
0.21886 0.29966
0.21886 0.28956
0.22559 0.26936
0.22222 0.2862
0.22896 0.25253
0.22896 0.23906
0.24242 0.22896
0.24916 0.21212
0.26936 0.20202
0.2862 0.20202
0.30303 0.20202
0.31987 0.20202
0.32997 0.20202
0.34343 0.20202
0.3569 0.20875
0.38384 0.20875
0.39731 0.22559
0.37037 0.22559
0.40741 0.23569
0.41751 0.25589
0.41751 0.26936
0.41751 0.28956
0.42088 0.3064
0.41077 0.31987
0.20875 0.31313
0.20875 0.2862
0.20875 0.2963
0.21549 0.27946
0.20875 0.26936
0.21549 0.25253
0.21549 0.26599
0.21886 0.23569
0.22222 0.22559
0.22896 0.21886
0.23569 0.20539
0.25589 0.19529
0.26599 0.19192
0.27273 0.19192
0.28956 0.18855
0.3064 0.18855
0.31987 0.18855
0.34343 0.18519
0.36364 0.18519
0.38384 0.20202
0.37037 0.20202
0.35354 0.19192
0.33333 0.19192
0.367 0.19865
0.36364 0.21212
0.39394 0.21212
0.40404 0.22222
0.41414 0.23569
0.42088 0.24579
0.42424 0.26599
0.42761 0.2862
0.42761 0.29966
0.42424 0.3165
0.41077 0.32997
0.32997 0.18182
0.30976 0.17845
0.28956 0.17845
0.27946 0.17845
0.26263 0.18182
0.23906 0.19192
0.22896 0.19865
0.37374 0.23569
0.39731 0.23906
0.41077 0.25253
0.22222 0.20875
0.21549 0.21886
0.20875 0.23232
0.20202 0.24579
0.19865 0.25926
0.19865 0.26599
0.19865 0.27609
0.19865 0.2862
0.19529 0.29966
0.19529 0.31313
0.20202 0.30303
0.39057 0.21886
0.38047 0.22222
0.39731 0.26263
0.38721 0.24579
0.34007 0.21549
0.36364 0.22896
0.40067 0.27609
0.40067 0.2963
0.42088 0.33333
0.42761 0.32323
0.29293 0.2963
0.28283 0.2862
0.2862 0.27609
0.2862 0.26599
0.29966 0.25926
0.31313 0.25926
0.3266 0.27273
0.3266 0.2963
0.31313 0.3064
0.30303 0.3064
0.30303 0.29293
0.29293 0.28956
0.30303 0.27609
0.3165 0.28283
0.30976 0.28283
0.3165 0.29293
0.2963 0.27609
0.30976 0.26599
0.31987 0.27273
0.32997 0.28956
0.33333 0.27946
0.29966 0.26599
0.31987 0.26263
0.32997 0.26599
0.2862 0.33333
0.2963 0.32997
0.31313 0.3266
0.32997 0.33333
0.3367 0.36364
0.31987 0.38047
0.29966 0.38047
0.2862 0.367
0.2862 0.34343
0.2963 0.3367
0.30976 0.3367
0.3165 0.3367
0.31987 0.3468
0.29966 0.35354
0.30303 0.367
0.30976 0.36027
0.31987 0.36364
0.30976 0.37374
0.3266 0.37374
0.3367 0.35017
0.3064 0.3468
0.29293 0.36364
0.28283 0.3569
0.32997 0.3569
0.32997 0.34007
0.32323 0.32997
0.3064 0.32997
0.30976 0.40067
0.31987 0.40067
0.33333 0.40741
0.29966 0.40404
0.2862 0.41414
0.27609 0.43771
0.27946 0.46128
0.29966 0.46465
0.31987 0.46465
0.3367 0.45791
0.3367 0.42761
0.32323 0.42088
0.30976 0.42088
0.2963 0.42761
0.2862 0.44444
0.29966 0.45118
0.30976 0.44444
0.30976 0.43098
0.3064 0.42424
0.2963 0.41414
0.2862 0.43434
0.2963 0.44108
0.30303 0.43771
0.31313 0.41077
0.32997 0.41414
0.33333 0.42761
0.31987 0.44108
0.29966 0.41414
0.2963 0.40404
0.2862 0.40404
0.28283 0.41414
0.2862 0.42761
0.29293 0.42088
0.27273 0.43098
0.27273 0.41414
0.29293 0.41414
0.32323 0.40741
0.27946 0.42088
0.2963 0.39731
0.3064 0.39731
0.33333 0.41751
0.33333 0.44444
0.3266 0.43434
0.32323 0.45118
0.30303 0.45791
0.2862 0.45791
0.27946 0.45118
0.27273 0.44781
0.28956 0.46801
0.31313 0.45118
0.30976 0.46465
0.31987 0.46465
0.3266 0.46128
0.34007 0.44444
0.3064 0.41077
0.32323 0.41414
0.3165 0.42424
0.31987 0.43434
0.3367 0.43771
0.32997 0.45118
0.31313 0.45791
0.29293 0.45455
0.2963 0.45791
0.2963 0.42088
0.3165 0.41751
0.31987 0.43434
0.31313 0.43771
0.30303 0.44444
0.29293 0.44108
0.29293 0.43434
0.31987 0.40741
0.30976 0.40741
0.27946 0.43098
0.39394 0.62626
0.40067 0.61953
0.40741 0.61279
0.41751 0.60269
0.42761 0.59259
0.43771 0.57912
0.39394 0.61953
0.40067 0.61279
0.40741 0.60606
0.41414 0.59933
0.41751 0.59259
0.42088 0.58586
0.42761 0.57912
0.43434 0.58923
0.43098 0.59933
0.42424 0.60943
0.41077 0.61953
0.40404 0.62963
0.39394 0.61279
0.40067 0.60269
0.42088 0.61279
0.40741 0.59596
0.41751 0.60943
0.43434 0.57576
0.44108 0.58586
0.43098 0.58249
0.38384 0.633
0.39057 0.63973
0.38721 0.62963
0.39731 0.633
0.38384 0.64646
0.38384 0.6229
0.37374 0.71044
0.38047 0.70707
0.39057 0.69697
0.39731 0.68687
0.40741 0.67677
0.41751 0.66667
0.42424 0.65993
0.43771 0.64983
0.44444 0.6431
0.45455 0.6229
0.46801 0.60269
0.48485 0.58586
0.49832 0.57239
0.47811 0.59596
0.46128 0.60943
0.44444 0.633
0.43098 0.64646
0.41077 0.6633
0.40067 0.6734
0.39057 0.68687
0.38047 0.69697
0.37037 0.7037
0.39057 0.71044
0.40067 0.70707
0.40404 0.69697
0.41077 0.69024
0.41751 0.68687
0.42424 0.67677
0.43434 0.67003
0.43771 0.65993
0.45118 0.6532
0.45791 0.6431
0.46128 0.62963
0.47138 0.61616
0.48148 0.61279
0.47811 0.60606
0.48822 0.60269
0.49158 0.59259
0.50168 0.57912
0.49495 0.58249
0.45791 0.61953
0.47138 0.6229
0.42424 0.6532
0.45455 0.633
0.46465 0.63636
0.39731 0.68013
0.41077 0.6835
0.41414 0.6734
0.42424 0.67003
0.43771 0.70707
0.44781 0.70034
0.46128 0.6936
0.46801 0.6835
0.47811 0.6734
0.48148 0.6633
0.49158 0.6532
0.47811 0.6734
0.44444 0.71717
0.45791 0.71044
0.46465 0.69697
0.47475 0.6936
0.48148 0.68013
0.49158 0.6734
0.50168 0.6633
0.49495 0.66667
0.45455 0.70707
0.44781 0.71044
0.45455 0.7037
0.45455 0.69697
0.46801 0.7037
0.50168 0.65657
0.49158 0.65657
0.50168 0.6532
0.50168 0.64646
0.51178 0.64983
0.51178 0.63973
0.50168 0.63636
0.51178 0.633
0.47138 0.67677
0.47475 0.69024
0.48148 0.6835
0.46465 0.69024
0.53535 0.72727
0.54209 0.74074
0.55219 0.75084
0.56902 0.77104
0.58923 0.78788
0.59933 0.80471
0.61953 0.82492
0.54209 0.73064
0.55219 0.74747
0.55892 0.75084
0.55892 0.76431
0.57239 0.76431
0.57239 0.78451
0.58249 0.77778
0.58249 0.79461
0.59259 0.78788
0.58923 0.80135
0.60606 0.79461
0.61953 0.80808
0.60606 0.81145
0.61279 0.82155
0.57239 0.75421
0.56566 0.76094
0.55219 0.73737
0.56229 0.74411
0.633 0.81818
0.633 0.83165
0.62963 0.81818
0.61953 0.81818
0.61279 0.80135
0.633 0.81145
0.58249 0.78788
0.55556 0.75758
0.58249 0.76431
0.58586 0.77104
0.59259 0.78114
0.59596 0.79798
0.60606 0.80471
0.61616 0.81481
0.60269 0.78788
0.53535 0.79125
0.53872 0.80135
0.55219 0.80808
0.54209 0.79798
0.55892 0.80135
0.56902 0.81818
0.58586 0.83165
0.57576 0.81818
0.57576 0.83502
0.58249 0.84848
0.55892 0.83165
0.54545 0.80808
0.55892 0.81481
0.55892 0.82492
0.56566 0.83165
0.56902 0.83838
0.58586 0.84512
0.58923 0.84512
0.56229 0.82155
0.55219 0.82155
0.54209 0.78788
0.54545 0.79798
0.55556 0.80471
0.56902 0.83165
0.57239 0.82828
0.57912 0.82828
0.56902 0.82155
0.56566 0.82492
0.58249 0.73401
0.59596 0.75084
0.61616 0.76431
0.62963 0.79125
0.61953 0.77778
0.61279 0.77104
0.60269 0.75758
0.59933 0.74074
0.61616 0.75084
0.6229 0.76768
0.62963 0.78788
0.61953 0.77104
0.60943 0.75758
0.60943 0.74747
0.59259 0.74747
0.58249 0.74411
0.60269 0.75758
0.6229 0.77778
0.62963 0.78114
0.62626 0.76431
0.60943 0.75421
0.58923 0.73737
0.62963 0.77441
0.60606 0.75084
0.57912 0.67003
0.58586 0.65993
0.58923 0.6633
0.59259 0.65993
0.59259 0.64646
0.59259 0.633
0.59259 0.61279
0.58923 0.59933
0.58923 0.60943
0.58249 0.6229
0.58249 0.63636
0.58249 0.64983
0.58249 0.65993
0.58923 0.63973
0.58923 0.60943
0.59259 0.59933
0.59259 0.61279
0.59259 0.6229
0.58586 0.6431
0.58249 0.64646
0.58923 0.58923
0.58249 0.57912
0.57912 0.59596
0.57912 0.60606
0.57912 0.6229
0.57912 0.64983
0.58586 0.58586
0.58586 0.61279
0.57239 0.62963
0.58249 0.62626
0.57239 0.60606
0.57576 0.61279
0.61279 0.70707
0.61279 0.68013
0.61279 0.65657
0.61279 0.63973
0.61279 0.61616
0.61279 0.59596
0.61279 0.56902
0.61279 0.53535
0.61279 0.55556
0.61616 0.56902
0.61616 0.58586
0.61616 0.60269
0.61616 0.61953
0.61616 0.63636
0.61616 0.6532
0.61616 0.67003
0.61616 0.6936
0.61953 0.71044
0.61953 0.69024
0.62626 0.67677
0.62626 0.6633
0.62963 0.64983
0.62963 0.63636
0.6229 0.6431
0.62626 0.633
0.6229 0.61953
0.61279 0.62963
0.62626 0.62963
0.633 0.62626
0.633 0.61953
0.62626 0.61279
0.62626 0.59596
0.62963 0.60269
0.63636 0.61279
0.62963 0.58586
0.62626 0.57576
0.62626 0.56229
0.62626 0.55556
0.62626 0.53872
0.61953 0.54545
0.62963 0.54545
0.6229 0.53199
0.6229 0.52189
0.62963 0.52189
0.633 0.55556
0.633 0.56902
0.633 0.59933
0.62963 0.60606
0.61953 0.633
0.61953 0.70034
0.61953 0.68687
0.62626 0.6734
0.62626 0.68687
0.62626 0.70034
0.62626 0.6532
0.6229 0.60943
0.61616 0.59596
0.61616 0.58586
0.61279 0.57912
0.61616 0.54545
0.61616 0.56566
0.61953 0.52862
0.633 0.52862
0.62626 0.71044
0.62626 0.6936
0.633 0.71044
0.633 0.70034
0.633 0.67677
0.63636 0.69024
0.63636 0.69697
0.633 0.66667
0.64983 0.6633
0.64983 0.6532
0.64983 0.633
0.64983 0.61279
0.64983 0.59596
0.64983 0.57239
0.64983 0.58586
0.64983 0.60606
0.64983 0.61953
0.6532 0.64646
0.65657 0.67003
0.65657 0.64983
0.65657 0.62963
0.6633 0.63973
0.65993 0.6532
0.65993 0.65657
0.65657 0.61953
0.65993 0.633
0.65993 0.61279
0.65993 0.59596
0.65993 0.58586
0.65657 0.57576
0.6633 0.60269
0.6633 0.61279
0.6633 0.62626
0.64646 0.62963
0.64983 0.64646
0.66667 0.58923
0.6532 0.55892
0.65993 0.56566
0.66667 0.57576
0.67677 0.58923
0.67003 0.59596
0.67003 0.60943
0.67003 0.6229
0.6633 0.633
0.6633 0.67003
0.66667 0.65657
0.67003 0.64983
0.67677 0.64646
0.67677 0.62963
0.67677 0.6229
0.67677 0.61279
0.67677 0.60606
0.6835 0.6229
0.67677 0.63636
0.67003 0.63973
