905 2
0.05896 0.1562
0.06569 0.1562
0.07579 0.1562
0.08589 0.14609
0.07242 0.15956
0.05559 0.15956
0.07579 0.15956
0.08253 0.15283
0.08589 0.12926
0.08926 0.13936
0.09599 0.12589
0.09263 0.11916
0.08926 0.11579
0.07242 0.10906
0.06232 0.10906
0.07916 0.10906
0.08926 0.12253
0.09263 0.13599
0.09263 0.14946
0.08253 0.15956
0.06232 0.1663
0.05559 0.16293
0.06906 0.16293
0.07579 0.16293
0.08926 0.15283
0.08926 0.13599
0.08926 0.11916
0.07579 0.11579
0.06906 0.10906
0.06232 0.10906
0.07242 0.10569
0.08253 0.11916
0.06232 0.10569
0.08589 0.11579
0.06232 0.11579
0.05559 0.12253
0.04549 0.12589
0.04886 0.11916
0.05222 0.11579
0.06232 0.11242
0.09263 0.13263
0.09599 0.14273
0.08589 0.1562
0.08589 0.1663
0.06569 0.17303
0.05896 0.16966
0.07242 0.16966
0.08253 0.16966
0.08589 0.16293
0.09263 0.15956
0.09263 0.14609
0.09263 0.12589
0.09936 0.13936
0.09599 0.14946
0.05559 0.10906
0.05559 0.11579
0.06569 0.11916
0.09599 0.13263
0.09936 0.15283
0.09263 0.16293
0.09936 0.14609
0.06906 0.11579
0.09936 0.12926
0.10273 0.13936
0.10273 0.14609
0.10273 0.14946
0.09936 0.15956
0.10273 0.13263
0.07916 0.10906
0.07579 0.11242
0.08589 0.11242
0.09599 0.11579
0.09599 0.11916
0.10273 0.12589
0.10273 0.13263
0.09936 0.12253
0.09263 0.11242
0.08589 0.10906
0.07916 0.10569
0.05222 0.14273
0.04886 0.14946
0.04212 0.15956
0.03875 0.16293
0.04549 0.14273
0.04549 0.15283
0.04212 0.1562
0.03875 0.15956
0.03875 0.17303
0.03875 0.1764
0.04212 0.18313
0.04886 0.18987
0.05896 0.19323
0.07579 0.19323
0.09599 0.19323
0.10273 0.1865
0.10946 0.17976
0.11283 0.17303
0.1162 0.1663
0.12293 0.1562
0.12293 0.14273
0.11956 0.12926
0.11283 0.11916
0.10273 0.10569
0.08926 0.09896
0.09599 0.10232
0.10273 0.10906
0.10946 0.11242
0.1162 0.12589
0.12293 0.13599
0.12293 0.14273
0.12293 0.14946
0.12293 0.15956
0.1162 0.17303
0.10946 0.18313
0.10609 0.18987
0.09599 0.19323
0.08253 0.1966
0.07916 0.1966
0.07242 0.1966
0.06569 0.1966
0.05559 0.1966
0.04549 0.18987
0.04212 0.1865
0.03875 0.17976
0.03875 0.1764
0.03539 0.16966
0.04549 0.14946
0.04212 0.14946
0.03539 0.15956
0.03202 0.16966
0.03875 0.15283
0.03202 0.1562
0.02865 0.16293
0.03202 0.16293
0.03539 0.14609
0.03539 0.15283
0.03202 0.1764
0.03202 0.18313
0.03875 0.1966
0.03539 0.1865
0.03875 0.19323
0.03875 0.1865
0.03539 0.18313
0.04212 0.19997
0.04549 0.19997
0.05222 0.19997
0.04886 0.1966
0.04212 0.19323
0.06569 0.19997
0.05559 0.20333
0.05222 0.20333
0.06569 0.2067
0.07579 0.2067
0.08926 0.20333
0.07916 0.20333
0.07579 0.20333
0.06232 0.20333
0.09263 0.20333
0.10273 0.1966
0.09599 0.19323
0.09263 0.19323
0.08253 0.19323
0.08926 0.19997
0.09263 0.19997
0.09599 0.1966
0.10273 0.1966
0.07242 0.19997
0.08589 0.20333
0.10946 0.20333
0.1162 0.1966
0.12293 0.1865
0.1263 0.1764
0.12966 0.16966
0.13303 0.15956
0.13303 0.14273
0.13303 0.12926
0.08253 0.09896
0.07242 0.09559
0.06232 0.09559
0.07242 0.09559
0.08253 0.09559
0.08589 0.09559
0.10609 0.10232
0.1162 0.11242
0.12293 0.11579
0.12293 0.13263
0.1263 0.13936
0.1263 0.15956
0.1263 0.16966
0.12293 0.17303
0.1162 0.17976
0.11283 0.18987
0.11956 0.1764
0.11956 0.1865
0.10609 0.19997
0.09263 0.2067
0.09936 0.2067
0.08926 0.21007
0.08253 0.21007
0.07579 0.21007
0.06906 0.21007
0.06232 0.21007
0.05222 0.2067
0.09599 0.09896
0.10273 0.09896
0.1162 0.10906
0.10946 0.10569
0.11956 0.11242
0.11956 0.12589
0.12293 0.12253
0.1162 0.11916
0.13303 0.12589
0.12966 0.13263
0.12966 0.13599
0.1364 0.13936
0.13303 0.14946
0.12966 0.14946
0.12966 0.13599
0.11956 0.12926
0.11956 0.12253
0.11283 0.11242
0.1263 0.12253
0.12966 0.12926
0.11956 0.12926
0.1263 0.14946
0.1263 0.15956
0.12293 0.1663
0.11956 0.15956
0.12966 0.1562
0.12966 0.14273
0.12293 0.12926
0.10946 0.10569
0.12293 0.12589
0.13303 0.13599
0.13303 0.1562
0.12293 0.1663
0.06232 0.09559
0.07579 0.09559
0.09936 0.10569
0.10946 0.10569
0.12293 0.12589
0.1263 0.14273
0.12966 0.15283
0.12293 0.1663
0.1162 0.1865
0.10946 0.1966
0.11956 0.19323
0.12293 0.18313
0.12293 0.17303
0.12966 0.16293
0.13303 0.1764
0.1263 0.18987
0.12966 0.1865
0.13976 0.16293
0.1364 0.1562
0.14313 0.14946
0.1364 0.17303
0.13303 0.18313
0.14313 0.14273
0.13976 0.15283
0.1465 0.16966
0.13976 0.1865
0.14313 0.17976
0.14313 0.15283
0.13303 0.19323
0.12293 0.1966
0.1162 0.2067
0.11956 0.19997
0.13976 0.1663
0.14313 0.17303
0.1465 0.15956
0.09936 0.21007
0.10273 0.21007
0.10946 0.21007
0.12966 0.20333
0.12293 0.2067
0.1566 0.1764
0.15323 0.1663
0.15323 0.15283
0.1465 0.14946
0.14987 0.1663
0.14987 0.17976
0.1566 0.18987
0.1667 0.2168
0.19027 0.2168
0.21721 0.2168
0.22731 0.19997
0.23067 0.17976
0.23067 0.14946
0.22394 0.13263
0.20374 0.12926
0.18354 0.12926
0.16333 0.13599
0.1566 0.16293
0.15997 0.2067
0.1768 0.21343
0.19027 0.21343
0.20374 0.21343
0.21384 0.20333
0.20374 0.2067
0.19027 0.2067
0.18354 0.2067
0.1667 0.20333
0.17007 0.21007
0.16333 0.19323
0.17007 0.1865
0.18017 0.1966
0.18017 0.19997
0.16333 0.1966
0.1768 0.1966
0.17007 0.1966
0.16333 0.19997
0.1768 0.20333
0.16333 0.18313
0.16333 0.16966
0.16333 0.1562
0.17007 0.14609
0.16333 0.14609
0.18017 0.13263
0.1768 0.13936
0.17007 0.13263
0.17007 0.12589
0.19027 0.12589
0.20037 0.12589
0.18354 0.12589
0.1768 0.12253
0.19364 0.11916
0.21384 0.12589
0.23067 0.15283
0.23067 0.16293
0.23067 0.1865
0.22731 0.1966
0.19364 0.2269
0.18017 0.22354
0.2071 0.22354
0.22394 0.21007
0.23404 0.2067
0.22057 0.21343
0.2071 0.21343
0.2071 0.22354
0.19364 0.22354
0.1869 0.21343
0.1667 0.18987
0.1667 0.1562
0.1869 0.12926
0.2071 0.12926
0.22394 0.14609
0.22057 0.13599
0.20374 0.12589
0.23067 0.13936
0.23741 0.17303
0.23067 0.16966
0.24414 0.1865
0.23404 0.19997
0.19364 0.19323
0.19027 0.17303
0.18354 0.1663
0.1768 0.17976
0.2071 0.1865
0.19364 0.1663
0.20037 0.14946
0.2071 0.17303
0.19364 0.18313
0.1768 0.18313
0.1768 0.15283
0.20037 0.15283
0.21721 0.1663
0.21721 0.15283
0.21047 0.1562
0.2071 0.13936
0.20037 0.13936
0.18354 0.13936
0.1869 0.14609
0.1869 0.1663
0.17007 0.17303
0.19364 0.19323
0.2071 0.1966
0.21384 0.18987
0.21721 0.17976
0.20374 0.16293
0.19027 0.15956
0.1768 0.1663
0.19027 0.1764
0.19027 0.1966
0.197 0.1663
0.17007 0.1865
0.18354 0.16966
0.18354 0.14273
0.20374 0.13599
0.23741 0.19323
0.23404 0.21343
0.16333 0.2067
0.1566 0.19997
0.1566 0.19323
0.14987 0.1865
0.1667 0.14273
0.18017 0.13599
0.21047 0.13263
0.22731 0.13263
0.23741 0.14946
0.23741 0.16293
0.23741 0.18313
0.19027 0.13263
0.19364 0.13599
0.19364 0.14273
0.21047 0.14273
0.22057 0.14609
0.22057 0.16966
0.20374 0.17303
0.1869 0.1865
0.18354 0.17976
0.17007 0.15956
0.1768 0.15283
0.1869 0.13936
0.1869 0.15283
0.21721 0.1764
0.22731 0.2168
0.21721 0.22354
0.15997 0.13936
0.1566 0.14609
0.22731 0.18987
0.22731 0.16293
0.197 0.1865
0.20037 0.20333
0.2071 0.18313
0.18354 0.17976
0.22394 0.1966
0.21721 0.15956
0.2071 0.14273
0.19027 0.1562
0.17007 0.1865
0.1667 0.10906
0.1768 0.11579
0.1869 0.11579
0.20037 0.11579
0.21047 0.11242
0.22394 0.10232
0.22731 0.08886
0.22731 0.06529
0.21384 0.04508
0.18354 0.03498
0.15997 0.05855
0.15997 0.08212
0.15997 0.10569
0.17343 0.04845
0.19364 0.04845
0.2071 0.06529
0.20374 0.08886
0.1768 0.10232
0.1667 0.08549
0.17007 0.07202
0.18017 0.07539
0.18354 0.09222
0.20037 0.09559
0.20037 0.10232
0.1869 0.10232
0.15997 0.09559
0.15997 0.07875
0.1566 0.06865
0.17343 0.06865
0.1768 0.05855
0.20037 0.06529
0.1869 0.06865
0.21047 0.07875
0.21047 0.09896
0.21047 0.10569
0.22057 0.09896
0.22057 0.07539
0.2071 0.05519
0.19027 0.05519
0.18017 0.07875
0.1869 0.07875
0.19364 0.07875
0.197 0.08886
0.17343 0.08886
0.17007 0.09896
0.18354 0.10569
0.19364 0.11579
0.2071 0.10569
0.21721 0.07875
0.20374 0.07202
0.21384 0.09559
0.19364 0.04508
0.21721 0.05855
0.1667 0.05182
0.17343 0.04172
0.1667 0.04845
0.14987 0.08212
0.14987 0.09896
0.14987 0.08886
0.1465 0.06529
0.15323 0.05519
0.1465 0.07539
0.21384 0.05519
0.21384 0.06865
0.22731 0.07539
0.22394 0.09222
0.20374 0.04508
0.1869 0.03835
0.197 0.03835
0.21384 0.04508
0.20374 0.07875
0.1869 0.08212
0.16333 0.08212
0.1869 0.11579
0.20374 0.11579
0.2071 0.10569
0.19364 0.07539
0.17343 0.05855
0.16333 0.06192
0.17007 0.07875
0.2071 0.07875
0.21047 0.06192
0.15323 0.14946
0.15323 0.12926
0.14987 0.10569
0.15323 0.12253
0.15323 0.14273
0.1566 0.15956
0.14987 0.13599
0.14987 0.11916
0.14987 0.09222
0.16333 0.11579
0.16333 0.11916
0.15997 0.11916
0.23741 0.18987
0.24077 0.17303
0.24077 0.1562
0.23741 0.13599
0.23404 0.12926
0.23404 0.11916
0.22731 0.13263
0.21721 0.12589
0.21721 0.11579
0.22394 0.12926
0.22057 0.11242
0.22394 0.09896
0.23067 0.10569
0.23067 0.11916
0.23067 0.12589
0.22394 0.11242
0.22394 0.07539
0.22057 0.06192
0.21384 0.04845
0.20037 0.04172
0.197 0.04172
0.16333 0.04172
0.1465 0.04508
0.15323 0.04508
0.16333 0.05519
0.1566 0.06529
0.19364 0.05855
0.19027 0.06192
0.18354 0.05182
0.22057 0.05182
0.2071 0.03835
0.19027 0.03162
0.18017 0.03835
0.1667 0.03498
0.16333 0.03835
0.15323 0.03835
0.1465 0.06192
0.14987 0.04845
0.23067 0.05182
0.23404 0.05182
0.24077 0.05182
0.25424 0.05182
0.27444 0.05182
0.29128 0.05182
0.31148 0.05182
0.32495 0.05182
0.33505 0.05182
0.23404 0.04172
0.23404 0.04508
0.25088 0.04845
0.26771 0.04845
0.28118 0.04845
0.28791 0.04845
0.31822 0.04508
0.29801 0.04845
0.30475 0.04845
0.29128 0.04172
0.27108 0.04172
0.25424 0.04508
0.24077 0.04508
0.24077 0.03835
0.25424 0.03835
0.26098 0.03835
0.28118 0.03835
0.28455 0.03835
0.32495 0.03835
0.33505 0.04508
0.31485 0.04172
0.30138 0.04172
0.29465 0.03835
0.33168 0.04508
0.30475 0.03835
0.26098 0.05182
0.26434 0.04508
0.28118 0.04508
0.31822 0.04508
0.31822 0.04508
0.26434 0.04508
0.24077 0.04508
0.26771 0.04845
0.29801 0.04845
0.32158 0.04508
0.32495 0.04508
0.29801 0.04845
0.29465 0.04845
0.32158 0.04172
0.24414 0.04172
0.23067 0.04845
0.22394 0.04508
0.22731 0.03835
0.22731 0.03835
0.33168 0.04172
0.33842 0.04172
0.33842 0.04845
0.24751 0.06192
0.25424 0.06192
0.28455 0.06192
0.30138 0.06192
0.31822 0.05855
0.31148 0.06192
0.29801 0.06192
0.27781 0.06192
0.25424 0.06529
0.26098 0.07202
0.27444 0.07202
0.29801 0.07202
0.30811 0.07202
0.28791 0.07202
0.27444 0.07202
0.26771 0.06529
0.28455 0.06529
0.30811 0.07202
0.30138 0.07202
0.27781 0.06865
0.27108 0.06865
0.26434 0.06865
0.25761 0.06865
0.27108 0.06865
0.28791 0.06865
0.29465 0.06865
0.30138 0.06865
0.30811 0.06865
0.29801 0.06865
0.30138 0.06529
0.29128 0.06529
0.28118 0.06529
0.27108 0.06865
0.26098 0.06865
0.25088 0.06865
0.25088 0.06865
0.26434 0.06865
0.27781 0.06865
0.29465 0.06865
0.29465 0.06865
0.27781 0.06865
0.26098 0.06865
0.25761 0.06529
0.26098 0.06529
0.26434 0.06529
0.27781 0.06865
0.27108 0.06192
0.27444 0.06192
0.27444 0.06529
0.26434 0.06192
0.25761 0.06192
0.29128 0.07875
0.28455 0.07875
0.28455 0.07875
0.26434 0.07202
0.27108 0.07202
0.28118 0.08212
0.27108 0.07875
0.26771 0.07875
0.29465 0.07875
0.29465 0.07875
0.28118 0.07202
0.28118 0.07875
0.27444 0.07539
0.26771 0.07539
0.28118 0.07875
0.29801 0.07539
0.30138 0.07539
0.29128 0.07539
0.28455 0.07539
0.28455 0.07539
0.27444 0.07875
0.30475 0.06865
0.31485 0.06865
0.31148 0.06192
0.30138 0.06529
0.29801 0.06529
0.29128 0.06529
0.29128 0.06529
0.27781 0.06529
0.29128 0.06529
0.30138 0.06529
0.31148 0.06529
0.31822 0.06529
0.25088 0.06865
0.25761 0.06865
0.26434 0.07539
0.28455 0.07202
0.25424 0.06865
0.29128 0.06529
0.30475 0.06529
0.31148 0.06529
0.24077 0.06192
0.23741 0.06192
0.24414 0.06865
0.25088 0.06865
0.24414 0.06529
0.25088 0.07202
0.25424 0.07539
0.26098 0.07875
0.23741 0.06529
0.23404 0.05855
0.23067 0.05519
0.24414 0.06529
0.25088 0.07539
0.28118 0.07875
0.30138 0.07875
0.31148 0.07875
0.31822 0.07875
0.32495 0.06529
0.31822 0.07202
0.31148 0.07875
0.32158 0.07539
0.32158 0.07202
0.32158 0.07202
0.31148 0.08212
0.29465 0.08212
0.27108 0.08549
0.28118 0.08549
0.28791 0.08549
0.29465 0.08549
0.29801 0.08549
0.30138 0.08212
0.28455 0.08212
0.26098 0.07875
0.26098 0.07875
0.26771 0.08549
0.29465 0.09222
0.33505 0.06865
0.32832 0.06529
0.33168 0.06529
0.32832 0.06865
0.31822 0.07539
0.31148 0.07539
0.32158 0.07539
0.24751 0.02825
0.25761 0.03162
0.27108 0.03162
0.27781 0.03162
0.29801 0.03162
0.28791 0.03162
0.30811 0.03162
0.31822 0.03162
0.31822 0.02825
0.31485 0.02825
0.30138 0.02825
0.28791 0.02825
0.28118 0.02825
0.27108 0.02825
0.26098 0.02825
0.24751 0.02825
0.25424 0.02825
0.26098 0.02825
0.26098 0.02825
0.26098 0.02825
0.26098 0.02825
0.26434 0.02825
0.26434 0.02825
0.27108 0.02825
0.27781 0.02825
0.28118 0.02825
0.29465 0.02825
0.29465 0.02825
0.30475 0.02825
0.30475 0.02825
0.30811 0.02825
0.31148 0.02825
0.30138 0.02825
0.28455 0.02825
0.27108 0.02825
0.26098 0.02825
0.24751 0.02825
0.24751 0.02825
0.24751 0.02825
0.25424 0.02825
0.26434 0.02825
0.27444 0.02825
0.29128 0.02825
0.29465 0.02825
0.30811 0.02825
0.31822 0.02488
0.30475 0.02825
0.29128 0.02825
0.27108 0.02488
0.25761 0.02488
0.24751 0.02488
0.25761 0.02488
0.26434 0.02488
0.27108 0.02488
0.27781 0.02152
0.29128 0.02152
0.30138 0.02152
0.30475 0.02152
0.30811 0.02488
0.28791 0.02488
0.28791 0.02488
0.29465 0.02488
0.28455 0.02488
0.27444 0.02152
0.27108 0.02152
0.25424 0.02152
0.26098 0.02152
0.26771 0.02152
0.27444 0.02152
0.28455 0.02152
0.29465 0.01815
0.28791 0.01478
0.28118 0.01141
0.28118 0.01815
0.27781 0.01815
0.26771 0.01815
0.26098 0.01815
0.26098 0.01815
0.25424 0.01815
0.27108 0.01141
0.27781 0.01478
0.26771 0.01141
0.26098 0.01141
0.26098 0.01478
0.26771 0.01141
0.26771 0.01478
0.28118 0.01478
0.28455 0.01141
0.29465 0.01141
0.31822 0.02488
0.30811 0.02488
0.30475 0.02152
0.29465 0.01815
0.28791 0.01478
0.27781 0.01478
0.27444 0.01478
0.26098 0.01478
0.25761 0.02488
0.24414 0.02825
0.24077 0.03162
0.25088 0.03162
0.28118 0.02825
0.29128 0.02825
0.28455 0.02152
0.27781 0.01141
0.26434 0.01141
0.26434 0.01141
0.27108 0.00805
0.28455 0.00805
0.27781 0.00805
0.29801 0.02152
0.28118 0.02152
0.25424 0.02152
0.30138 0.01815
0.31148 0.02152
0.29465 0.01478
0.28455 0.01141
0.29801 0.01141
0.30138 0.01478
0.30475 0.01478
0.31148 0.02488
0.26434 0.02825
0.28791 0.01478
0.28791 0.02152
0.30811 0.02152
0.33505 0.03162
0.32832 0.02488
0.31822 0.01815
0.31148 0.01478
0.30138 0.01141
0.31148 0.02152
0.32495 0.02488
0.31485 0.02825
0.32158 0.02825
0.33168 0.03162
0.32495 0.03162
0.33168 0.03162
0.31822 0.02152
0.31148 0.02152
0.30138 0.01815
0.30475 0.01815
0.31148 0.01815
0.32158 0.02488
0.33168 0.03498
0.30475 0.02152
0.28791 0.01478
0.29128 0.01815
0.28118 0.01815
0.28791 0.00805
0.29465 0.00805
0.29128 0.01478
