3673 2
-5.5538 0.561013
-6.48494 6.32478
-5.71956 5.52794
-6.38215 5.17034
-6.01679 3.07758
-6.01846 4.79616
-6.01227 6.4737
-5.46068 5.22418
-5.95261 5.38285
-6.46936 6.76123
-6.10169 5.76893
-4.84795 5.991
-5.13455 5.02859
-8.62973 3.38394
-5.67727 5.40218
-3.68992 3.57811
-4.93594 4.59442
-6.00821 5.42598
-5.58433 5.892
-6.46587 5.09685
-5.51081 3.53541
-5.46751 5.62884
-4.71418 5.04396
-4.25315 3.89072
-3.03618 3.91557
-5.30597 5.02881
-5.00902 6.24916
-5.2256 4.47079
-2.95128 5.12341
-5.89386 5.48168
-3.50281 4.99085
-4.73937 5.60602
-3.01446 6.69575
-5.55209 5.47763
-5.18979 6.96739
-3.69935 6.90111
-5.32046 1.6687
-6.17828 6.57676
-4.80562 5.13304
-2.93172 2.82274
-5.56137 3.75279
-2.58879 7.64645
-7.34446 5.88776
-3.54352 5.90599
-7.54487 7.49871
-5.28389 3.48979
-5.89679 6.39172
-8.20351 4.00773
-5.2678 4.78224
-6.89723 5.48855
-5.24779 5.29832
-4.02118 5.09547
-3.76136 7.9317
-5.57312 0
-5.78186 6.74538
-4.49065 5.20749
-5.56968 4.1766
-4.40403 6.19029
-5.26131 5.19262
0 8.07708
-5.70507 6.32683
-5.28073 5.68546
-5.27156 5.35248
-4.86771 8.04125
-3.66952 3.63414
-6.54304 5.62981
-6.30769 5.04971
-6.59916 5.36963
-3.09429 4.73249
-5.50309 4.78656
-3.7504 6.49037
-3.53147 6.74278
-6.67045 5.39207
-3.91602 5.03638
-6.21466 6.88665
-7.85139 4.44472
-5.83847 0.135315
-6.73759 6.07469
-7.61748 4.70273
-4.27405 6.49548
-5.2453 4.04368
-5.48382 5.75381
-3.44706 4.98879
-6.87776 5.13894
-5.2738 5.36032
-4.45005 6.18035
-5.76795 5.3109
-5.04493 4.81493
-5.6506 5.57812
-5.8265 5.74227
-5.5969 5.81059
-6.61576 6.23329
-5.29137 3.04255
-6.52524 5.31695
-3.48338 3.47071
-1.45547 5.9859
-4.67045 4.87731
-4.57665 5.61729
-5.97334 1.85025
-4.80221 5.10595
-5.2975 5.30875
-6.98804 4.97824
-5.28091 5.99885
-6.24329 6.63446
-5.6672 4.18302
-5.67329 5.36084
-6.37622 3.29395
-4.71013 7.16859
-4.88565 4.28751
-4.77752 5.40051
-4.72295 6.47147
-3.69642 3.81129
-5.28199 5.39181
-5.56672 5.53292
-5.65014 5.07792
-6.75301 5.81844
-3.74022 2.03395
-5.68839 5.81493
-1.8135 5.70912
-5.81721 4.12458
-5.2726 4.24509
-8.82401 4.55835
-5.59904 6.31387
-2.67894 3.24763
-4.94008 4.27141
-4.48096 3.62735
-4.91782 4.68646
-5.25257 5.18581
-6.483 4.92648
-5.19143 5.16725
-4.67479 8.11568
-7.63757 5.50164
-5.88773 6.31302
-5.4719 6.37919
-3.5278 4.09364
-5.7301 6.316
-7.01467 5.40308
-5.21825 4.56363
-6.09948 6.62598
-5.65704 4.13131
-5.36179 4.12478
-7.1669 5.50285
-5.79664 5.246
-5.8061 6.83852
-4.31766 5.92369
-4.7676 5.42981
-6.31029 3.46265
-6.65716 7.03541
-5.26245 5.34371
-5.12885 5.36668
-4.82417 4.84142
-5.48188 4.28607
-3.97209 7.60843
-5.35507 4.88502
-6.27147 6.22418
-1.20786 3.40496
-1.67462 5.08064
-5.50674 5.58007
-5.62181 5.39887
-5.78939 5.18031
-5.30657 5.5194
-5.59321 5.5276
-5.28225 4.03601
-5.98268 5.67024
-4.32628 5.06583
-5.21567 5.60019
-5.29231 5.51401
-4.04873 2.95006
-4.61871 6.7088
-8.03479 2.83391
-4.56367 7.85613
-5.68173 4.70178
-4.87548 4.56197
-4.37665 4.38962
-3.64046 7.02725
-3.98525 2.12563
-6.86249 3.83379
-3.63106 6.06056
-4.81206 7.63988
-4.81147 4.12859
-5.67258 5.43565
-5.38252 5.99903
-0.94738 3.05111
-5.43479 5.30787
-5.42517 5.62072
-5.76952 7.24627
-4.2422 6.08111
-5.9218 4.75027
-4.76371 8.45842
-8.73343 2.86659
-7.35093 6.11729
-4.79238 5.47254
-5.58771 6.76067
-5.03205 6.14842
-5.20155 5.41052
-4.6923 4.21776
-5.28197 5.31005
-5.5937 5.27969
-4.84552 5.467
-5.73933 6.42887
-7.61598 7.67545
-5.85998 4.78645
-4.89523 4.42072
-2.256 4.71641
-6.11863 3.695
-5.67648 5.18961
-5.03903 6.68495
-4.15114 5.23118
-5.12058 4.45853
-6.58172 4.97398
-7.8471 5.31566
-5.52456 6.11448
-5.65681 5.53708
-4.86158 7.84855
-5.6757 5.79322
-5.08568 5.65391
-5.11519 5.97548
-5.50236 5.22942
-3.37358 6.22002
-5.78869 3.30763
-4.79959 9.05035
-5.47589 5.53221
-7.17119 8.00101
-3.46775 7.69609
-4.78386 6.9909
-6.45422 5.53609
-5.60936 3.84326
-6.33764 5.20983
-5.88164 4.90121
-7.38612 2.59845
-5.71576 5.00764
-3.41207 5.37764
-5.45824 6.35544
-5.01696 4.39406
-6.23808 6.85566
-8.07851 8.70973
-6.02914 3.95256
-6.19848 7.00055
-4.42593 4.70248
-4.70994 3.81558
-6.3913 5.04898
-6.90067 6.08782
-5.38507 5.50826
-2.71354 2.30551
-5.49997 7.31324
-4.94968 5.32843
-4.23177 5.06238
-4.09216 3.12536
-5.31603 3.96169
-4.79034 7.84944
-5.31585 5.21197
-5.11001 4.09634
-4.33952 6.43281
-3.7726 5.96393
-4.64255 7.26951
-6.21891 5.53619
-5.29181 5.32728
-6.11419 3.10017
-4.56094 4.70606
-4.14328 6.99436
-4.86069 5.45554
-5.40335 5.264
-6.07532 6.5867
-6.00423 4.11875
-6.14132 5.88148
-5.78043 5.60122
-7.21674 8.00847
-5.03903 5.42108
-5.5378 5.63532
-2.58413 7.11112
-5.28641 5.34819
-6.38335 4.68211
-5.18446 5.21995
-4.66456 5.67293
-4.47387 6.79694
-5.94827 6.56519
-5.34161 5.25864
-6.63 4.29736
-5.05768 6.85017
-6.04643 3.39427
-4.49294 4.83375
-3.27378 2.51687
-5.30807 4.35019
-5.85818 4.5588
-5.35093 5.14102
-5.20708 5.29286
-5.27604 5.4013
-7.24057 8.8012
-2.51788 5.14066
-4.19498 3.92938
-5.34727 5.24413
-4.16614 5.25841
-5.02538 5.29219
-5.53579 8.10424
-5.36093 5.42988
-3.3295 4.53768
-4.72446 5.0059
-5.98474 4.03543
-4.16706 4.32612
-5.80564 7.1275
-3.6536 5.35515
-4.62638 4.46167
-5.46752 6.28456
-6.52619 5.57676
-5.33605 3.30966
-4.16848 4.98272
-1.75811 6.43717
-5.82927 5.23711
-4.25635 5.09255
-6.99348 5.06765
-5.36894 2.54626
-5.80104 6.74889
-5.14512 6.41893
-4.78241 3.65379
-5.82124 5.70765
-6.72731 8.62653
-6.28318 5.87249
-5.53762 8.37959
-4.63137 4.49373
-5.56134 4.38589
-4.86065 3.94023
-4.07309 4.72837
-6.85962 6.13945
-5.39235 5.33753
-4.77739 5.78198
-6.7965 5.94547
-6.43197 6.83996
-7.01702 5.48743
-1.35098 3.9078
-4.57464 6.747
-4.93414 4.90621
-6.73591 4.80888
-3.50468 6.63125
-5.37743 5.31057
-5.5419 5.56046
-4.6703 4.76714
-4.71633 4.4282
-5.045 4.49456
-3.69882 3.44702
-5.50311 1.89032
-7.77628 3.77626
-6.90174 7.44852
-4.45165 4.05408
-6.29679 5.37088
-5.22076 5.6527
-5.09198 6.08629
-5.54663 3.25155
-4.65611 3.5427
-5.12683 5.92545
-5.47359 5.41546
-5.63985 5.11637
-7.68141 6.83821
-4.9435 5.62237
-4.78729 4.46869
-4.92941 5.38124
-5.09215 5.90574
-5.0495 4.72186
-6.60997 5.82587
-4.74503 5.44743
-4.64165 4.39156
-6.44379 9.61872
-5.9776 4.94145
-5.38455 5.67128
-2.12445 7.57134
-4.74973 5.52556
-7.15984 2.34965
-3.98384 6.52215
-5.07466 2.76149
-4.62469 3.16661
-4.80308 4.50295
-5.50898 4.6008
-4.44918 5.37934
-5.1916 5.14805
-5.24048 5.68643
-5.61905 4.90499
-3.74671 5.08619
-5.0075 2.80144
-7.29844 6.98398
-4.85592 4.42719
-3.66653 8.17207
-5.16454 5.48286
-6.39959 6.89674
-5.71906 4.43419
-5.67139 5.20428
-5.11347 5.6901
-4.62497 6.18933
-5.14952 5.81897
-4.7201 5.56155
-6.15781 5.67068
-6.42451 3.24626
-5.3095 5.06802
-4.79471 6.49889
-4.808 4.99638
-5.90117 3.02873
-5.51934 5.44331
-6.82518 5.41501
-5.3832 5.00242
-8.4432 3.7193
-5.72857 5.93908
-7.03941 5.97801
-5.02176 4.98024
-4.45739 6.54771
-5.03508 5.1507
-4.39717 6.84524
-7.36682 3.52445
-5.30181 5.29866
-4.88124 3.62337
-7.65862 8.09537
-5.99143 6.81863
-5.61819 6.06207
-4.08461 2.18545
-5.99434 5.23584
-5.40168 5.25637
-3.10086 5.62357
-4.04224 5.94057
-4.79543 5.5648
-5.41252 5.36243
-5.1474 5.07209
-5.30498 5.71456
-6.39377 5.20054
-5.53259 4.35852
-5.37163 5.48961
-5.9132 3.46233
-4.81144 5.52512
-4.61094 6.22436
-5.15191 5.25048
-5.30466 5.31614
-7.19419 5.7791
-6.00306 5.56561
-4.29599 4.46415
-5.10154 5.33112
-5.12035 6.56891
-3.92457 4.35968
-5.25881 5.08884
-6.20308 5.53181
-4.0958 5.92708
-6.13159 1.33591
-4.8138 4.78976
-2.72314 4.23687
-5.63569 7.40099
-5.65631 4.16428
-5.24445 4.70822
-4.79778 3.91061
-5.31532 5.58004
-6.0459 3.00573
-6.35972 3.00645
-7.83728 5.81843
-4.66664 6.81013
-3.28203 3.21438
-5.24269 6.52288
-4.71305 5.38234
-6.16401 2.72147
-5.29672 5.48039
-7.14013 6.21093
-5.32794 3.66028
-3.44444 5.16649
-5.71879 5.68079
-6.4422 5.24537
-5.54992 4.16129
-4.38033 4.4014
-4.59906 4.89945
-4.89962 5.1459
-5.70873 5.71043
-5.5745 5.67132
-5.28203 5.2475
-5.37895 5.21315
-7.56004 3.41714
-5.20353 5.20892
-5.06228 4.45055
-7.27794 4.09406
-4.76551 6.60435
-5.39894 6.40181
-4.03026 2.6774
-5.33011 5.95552
-3.53251 3.52269
-6.28395 2.80071
-7.1171 7.41743
-4.96436 4.97018
-6.20757 6.39557
-5.19256 4.93503
-3.06222 3.77457
-8.38352 4.00044
-8.60342 7.35705
-4.98964 5.91564
-5.3049 5.45513
-3.16273 6.26175
-5.98676 8.1314
-4.88851 5.57551
-7.14419 4.28085
-5.42467 5.61549
-6.04129 5.68044
-5.12412 5.73745
-7.52483 6.29485
-5.28161 5.34064
-7.98411 6.68471
-7.6611 6.6746
-5.77629 8.63058
-7.34072 9.43131
-3.88938 5.16736
-5.6851 4.43234
-6.79058 2.19871
-3.3831 7.25243
-5.13545 4.13553
-5.4812 6.35804
-10 5.11107
-5.59674 5.37409
-4.50515 10
-7.31812 4.34666
-5.34753 5.09001
-8.24591 3.62265
-4.37963 5.7354
-5.46246 5.47205
-4.69616 5.70766
-6.54775 4.11913
-5.48341 5.16163
-5.22635 5.16778
-7.84026 2.80582
-5.25779 4.64985
-7.51987 3.03863
-7.0339 3.93695
-6.97898 3.65561
-5.02369 3.14266
-6.16531 3.6399
-7.59801 5.41252
-4.44723 8.54128
-4.84029 5.50468
-5.10274 5.53384
-6.0406 4.3729
-6.77924 3.11402
-5.96491 6.10358
-5.63841 5.4426
-5.28079 5.06864
-5.49187 7.0736
-6.43465 3.55416
-4.15561 5.28017
-4.63934 4.66791
-5.23784 5.26226
-6.32277 1.52752
-7.43745 5.517
-5.2138 5.08794
-6.04543 6.97045
-4.39968 3.32968
-4.98407 4.32588
-6.93651 6.98599
-5.95819 5.11946
-5.46978 5.24906
-6.16607 2.48784
-7.09145 3.69191
-4.54548 5.96068
-4.55004 4.66072
-5.66484 3.83805
-4.94725 4.95708
-4.34713 5.97386
-5.93635 4.81682
-5.01915 6.0838
-6.23082 5.95025
-5.28232 5.87011
-7.36659 3.84984
-7.69103 8.49356
-5.04675 6.12694
-5.35653 5.6008
-4.83491 0.652457
-5.60336 5.20416
-7.49678 6.56601
-6.30685 5.47862
-3.45151 3.47763
-4.845 6.7203
-4.4075 6.14089
-4.18045 2.96665
-5.20853 5.70956
-6.18106 4.62878
-7.63333 4.44927
-4.5146 3.3357
-3.68817 7.90082
-5.98789 4.68287
-4.75114 3.0498
-5.38982 5.34797
-5.76165 5.66286
-7.35605 5.75459
-5.50283 6.02305
-1.46587 9.22297
-3.09667 7.6443
-5.33345 6.4167
-4.44063 5.4687
-5.38008 6.01641
-5.75236 4.64445
-6.75137 3.39829
-5.19142 3.77338
-6.13039 4.58581
-4.70221 4.51224
-3.99373 2.6138
-5.19127 5.40697
-4.76083 5.82924
-6.27259 5.82211
-2.75135 6.56024
-3.41516 2.73535
-3.41774 6.95588
-5.76229 6.06636
-5.33276 5.74429
-5.26694 5.81856
-5.60726 9.04849
-5.4701 4.98133
-5.07651 5.68233
-5.23459 4.26057
-4.8141 6.66078
-7.43281 7.22635
-4.97427 3.14044
-8.49444 7.20884
-6.01446 5.01609
-5.40631 5.12991
-5.4985 3.87216
-5.41874 5.97513
-6.09948 6.75512
-5.19011 4.28233
-4.34817 3.45109
-6.36235 4.01447
-5.72328 5.38788
-5.48552 7.94447
-5.04395 3.90183
-4.16434 7.82553
-3.18701 5.37226
-5.34627 5.26187
-5.57236 6.03554
-6.33838 6.06525
-5.16239 4.68056
-6.6376 7.2645
-2.47377 3.4277
-5.30042 5.34474
-5.76891 5.65355
-5.30345 4.74226
-4.82858 4.47648
-4.81293 4.01172
-5.82794 6.69875
-6.8435 9.12767
-6.06367 6.34415
-5.8327 5.62692
-7.4441 3.44049
-5.64469 5.00702
-3.43144 6.86467
-6.52314 6.64715
-5.37083 5.33294
-6.71583 4.63185
-5.56736 7.20992
-5.67724 3.82762
-3.38537 8.10709
-5.58779 2.10109
-5.84559 6.59415
-5.7311 5.43666
-5.24964 6.58247
-6.9652 4.53767
-4.32126 4.89721
-5.32381 3.73549
-5.41725 5.26379
-4.29162 5.2338
-3.97699 7.69629
-4.99928 3.91635
-5.74017 8.03156
-5.30954 5.26899
-7.11553 5.51293
-3.49148 8.02836
-5.13502 5.67735
-5.73948 5.31661
-5.20391 5.24937
-4.48043 4.90944
-7.58578 8.71324
-7.36533 4.75354
-3.93793 1.5897
-5.25703 5.32186
-5.94392 5.86954
-5.30937 5.64181
-5.7728 5.46995
-4.52752 4.33013
-4.60665 6.18861
-4.30862 5.58028
-3.43994 6.72691
-5.96186 4.0639
-6.27799 7.436
-5.27708 5.23314
-5.46562 4.7904
-3.12772 6.18293
-5.73631 5.29634
-5.86288 4.28011
-5.27207 5.26141
-5.74172 6.69597
-5.69647 1.40804
-5.24222 4.72476
-4.98026 4.93286
-5.98696 4.00906
-6.52966 5.23829
-5.64539 3.59992
-6.49417 6.45395
-7.81826 4.91319
-4.395 5.86299
-5.76284 5.13142
-7.39463 5.32244
-7.21175 4.85317
-5.2372 5.60321
-4.72257 4.47077
-4.80088 1.7841
-6.95708 4.63318
-5.56449 5.98211
-5.03136 5.353
-4.68788 5.87035
-5.66388 4.84833
-3.33544 4.55291
-4.35305 4.27226
-3.56746 6.44593
-4.98112 5.21488
-6.82318 5.88348
-5.31993 6.46754
-6.06225 4.14431
-4.57592 5.37372
-5.30069 5.38006
-5.49988 5.53966
-4.99171 5.85711
-3.96162 6.09425
-5.54926 5.26777
-5.88381 5.64283
-4.16321 4.00289
-6.48498 4.43288
-3.87277 6.86742
-5.0334 4.81191
-5.74058 6.40613
-3.73535 4.10578
-3.82964 0.773349
-8.39568 4.79083
-3.18716 1.29589
-6.16258 5.02375
-5.86141 5.09646
-6.46575 3.5899
-3.64409 5.55697
-7.09727 4.0814
-4.12365 6.11301
-5.25082 5.34608
-5.43778 5.51708
-3.42755 3.53564
-5.67255 5.34783
-5.73245 5.1071
-4.05762 5.22415
-5.12068 4.6904
-5.62939 4.80572
-2.54343 4.01686
-6.69532 8.62534
-6.33628 6.51626
-5.31124 5.49586
-5.42919 4.86838
-3.74894 5.65808
-5.6793 4.12642
-5.25379 5.31348
-5.03638 4.95576
-5.74707 5.07501
-6.54836 1.88009
-3.73852 4.36448
-6.0329 4.87427
-5.20067 5.38588
-5.69481 5.20168
-4.47734 5.76496
-7.28822 7.09215
-8.55103 5.71862
-3.71437 6.14714
-6.48353 4.84455
-4.21615 7.30129
-4.89911 5.32217
-5.54771 5.17619
-3.87661 2.86132
-5.15291 4.96947
-5.04145 6.57116
-5.34743 5.04043
-6.94644 6.78581
-5.52659 5.16688
-5.07646 5.96951
-4.86869 5.42868
-6.63802 3.84727
-2.72104 6.27839
-4.59457 4.83466
-6.83789 8.19537
-5.54797 6.1329
-5.51152 5.14678
-5.5907 2.1276
-5.63656 4.83244
-3.07021 3.05361
-5.3545 5.61727
-5.67032 6.6407
-4.60105 5.13948
-4.61358 6.00345
-5.6504 7.72801
-5.51326 4.37526
-6.59443 6.67981
-4.01825 6.40771
-4.56423 7.76762
-2.91952 2.93808
-4.65971 4.67253
-7.59534 4.95875
-7.23176 5.65165
-5.18951 5.3949
-5.97366 5.19369
-5.41048 6.17274
-5.68645 6.07989
-7.86849 5.76827
-2.14437 5.07295
-4.27161 4.78819
-4.50763 5.93217
-5.58994 5.01934
-5.30573 5.22931
-7.15829 1.56482
-5.80909 8.05521
-3.26455 5.72919
-2.80845 6.82
-6.16565 5.61983
-5.04793 5.99934
-3.60257 7.0147
-4.23436 4.75345
-5.62904 6.75198
-5.27308 4.78842
-5.3668 3.22622
-6.13424 4.47896
-4.415 5.53934
-4.41229 6.75057
-3.93855 6.6434
-3.83874 5.27702
-5.88425 6.07071
-2.32175 5.59085
-8.56181 1.73181
-5.35401 5.83765
-6.8868 4.42161
-5.33596 5.24212
-6.03142 4.40864
-3.75433 9.25319
-5.10393 6.50848
-5.20904 5.25317
-7.38484 6.72649
-3.81809 3.82224
-5.30228 5.24317
-5.45468 6.52072
-6.74971 9.02421
-7.46316 9.55258
-5.22148 5.85478
-5.65208 5.1046
-5.56104 1.79118
-4.86755 4.9799
-6.99033 6.0897
-6.72382 6.69122
-4.80026 5.86867
-4.79491 5.20278
-2.12529 6.91506
-3.47019 3.63724
-6.21362 5.77954
-5.52171 5.1619
-4.0994 4.51879
-5.10023 6.93652
-5.72433 5.23596
-5.73138 4.69953
-4.40997 6.5892
-1.50083 6.98656
-5.87329 7.84446
-5.27163 7.43055
-7.06063 4.6742
-3.79175 5.39627
-5.31099 5.45368
-4.73896 5.8601
-0.37203 4.24605
-6.5135 4.65133
-6.87512 7.56481
-6.03193 5.87094
-5.26428 5.45893
-5.36068 6.16214
-5.24924 5.45559
-5.09448 7.94862
-5.53089 5.67174
-5.66903 5.55599
-5.03139 5.19388
-6.22679 4.40726
-5.18313 5.74615
-4.7009 5.96006
-4.97958 3.7103
-6.18197 6.88913
-5.20978 6.32704
-5.66428 8.30689
-3.49243 4.41407
-4.98207 3.39557
-5.2303 5.00479
-7.03924 3.18712
-4.39488 4.8091
-5.55223 8.05793
-6.34437 8.39744
-5.07791 4.9409
-5.26464 5.42531
-7.53396 7.07511
-5.37255 5.1343
-5.34012 5.31554
-7.16269 3.5513
-5.63828 5.79663
-5.22983 5.25387
-5.40827 5.50712
-3.10685 5.10351
-5.50028 4.86076
-4.77611 5.24566
-6.45592 5.50872
-4.41465 8.09963
-4.93688 6.64842
4.43048 -8.84116
6.58201 -8.24039
8.33421 -7.00621
8.78798 -4.42901
2.77836 -8.13919
4.67325 -8.61307
8.05932 -2.98449
1.38049 -6.12514
2.32986 -2.10949
8.69134 -4.67668
7.01269 -1.76789
4.55283 -8.64359
4.74702 -8.85551
6.05031 -8.52011
1.36631 -4.42769
7.73251 -7.71201
6.32353 -8.3615
4.75083 -8.82686
8.37705 -6.89666
3.42372 -1.53315
5.88032 -1.47892
3.98069 -8.5937
7.78613 -2.58416
6.61524 -1.64612
3.54939 -1.44646
1.2772 -6.1658
3.35144 -8.39083
7.2998 -8.25457
1.43394 -3.75118
1.89999 -2.87765
6.125 -1.17361
8.31253 -3.34668
8.71753 -4.43727
8.0191 -7.06984
6.93464 -1.54489
7.92892 -2.61056
3.32288 -8.32596
5.05163 -1.23813
6.77001 -8.46226
6.74383 -8.3719
6.6472 -8.53561
7.56861 -2.42212
6.94519 -8.25371
1.42479 -5.6238
2.5713 -8.09546
5.80421 -8.57431
1.90762 -2.67433
2.52645 -1.88902
3.20523 -1.64494
1.47726 -3.67663
8.23829 -2.9971
6.94089 -8.47501
8.61795 -6.10709
6.09932 -8.68937
6.29545 -8.36739
1.59722 -3.47068
8.85271 -4.42093
1.45441 -3.67531
2.70304 -1.99287
1.23875 -4.34672
2.01756 -2.8718
7.50292 -2.36456
8.29588 -3.17075
3.06205 -8.06659
8.74562 -4.39651
7.31981 -7.91335
8.3899 -6.87741
4.24338 -1.4742
7.36597 -8.09319
1.79075 -6.89353
6.00555 -8.7484
5.39386 -1.4211
2.57228 -7.73052
1.11783 -4.59599
3.23007 -8.28088
1.25354 -3.72752
1.8605 -2.654
2.24529 -7.37139
8.55368 -6.26401
6.80381 -8.28276
3.7465 -8.65743
1.18444 -5.03424
6.52908 -1.71922
4.5652 -8.69457
5.85847 -8.71602
1.43678 -4.05134
6.99946 -8.05181
1.7598 -7.06578
8.33089 -6.74023
2.19865 -7.34794
7.16927 -1.99721
1.79646 -6.97124
2.96629 -1.64233
6.93282 -8.07631
1.33917 -4.55344
7.10084 -8.14365
1.75791 -6.88604
6.57485 -8.51259
2.88735 -8.31542
1.43822 -3.8621
1.46962 -4.13503
1.15211 -4.41374
2.76646 -8.06836
3.44472 -8.52545
8.77315 -5.73644
1.90545 -7.02869
6.5529 -1.4209
4.6694 -1.40602
6.96508 -1.89732
1.50104 -3.94432
3.76602 -8.57735
8.52085 -6.10162
7.65589 -7.50338
1.47821 -3.65418
6.57533 -8.45043
4.88933 -8.9611
6.92988 -1.58248
2.99779 -8.19239
1.34432 -5.95473
3.03823 -8.39152
7.99412 -2.83541
1.33244 -5.63421
4.65277 -8.95316
8.39344 -3.46161
8.5543 -3.84799
6.86181 -1.57965
8.69708 -4.24041
4.78984 -1.15474
7.482 -2.00146
1.21487 -5.74129
1.23158 -4.86668
2.65317 -8.13065
8.26946 -7.21502
3.329 -1.41797
8.20761 -6.77694
8.95599 -4.75493
4.53423 -1.26571
5.35772 -8.87771
2.0154 -7.17927
2.03443 -7.31117
1.39434 -5.32628
8.07337 -6.92767
6.02217 -1.31433
1.16785 -3.89241
7.49913 -2.14315
4.10108 -1.19123
8.64372 -5.00433
4.10397 -8.50502
6.74137 -1.72199
3.89453 -8.55559
1.05117 -5.04424
1.43588 -3.18679
1.20488 -5.53577
6.95032 -1.92673
7.28543 -1.82641
3.46799 -1.5345
5.5838 -1.0494
6.10646 -8.77261
6.88281 -8.52863
5.80084 -1.23234
8.00745 -2.78568
5.15017 -1.02644
8.61764 -3.37368
1.84739 -6.86186
8.74931 -6.39376
4.71844 -1.21107
4.06013 -1.45886
6.15121 -8.54833
7.53054 -2.15543
5.39198 -8.9109
2.4717 -2.16524
8.87366 -4.4686
8.33182 -7.03847
8.04097 -7.42358
3.76264 -1.39021
2.67067 -2.03228
1.43204 -3.6879
3.62506 -1.57061
1.26211 -3.66729
3.89548 -8.63319
1.44759 -6.39561
3.96069 -8.68836
5.44576 -1.17462
5.30248 -1.13663
8.63037 -5.34226
6.21356 -8.76447
1.36106 -4.63589
2.03348 -7.30176
5.19922 -8.68667
5.66376 -1.17433
1.39679 -4.18281
4.10964 -1.21171
1.93875 -7.46226
8.63803 -4.5906
3.35708 -1.51614
1.4987 -3.34026
1.17118 -3.98634
8.46054 -3.71048
8.43182 -6.47938
1.0854 -5.65158
4.31673 -8.67817
6.37774 -1.3544
8.77611 -3.93255
2.58357 -1.90895
7.22935 -8.2969
7.83391 -7.48448
8.6138 -3.83334
7.07693 -2.04418
6.9528 -8.26152
6.62904 -1.75906
8.85697 -4.94207
2.59655 -7.81928
8.48749 -6.7921
7.86915 -7.18329
7.54291 -2.36126
7.64857 -2.42734
2.38457 -2.46759
3.39183 -1.53137
6.20025 -8.47285
4.88458 -8.79164
1.24973 -3.7109
4.48807 -8.95226
5.0031 -8.94153
5.14444 -1.40041
7.92702 -2.53276
1.91572 -2.50608
8.23188 -6.75951
8.94883 -4.99983
8.75794 -5.3429
2.10658 -2.63899
8.14713 -7.22464
4.09874 -8.53151
4.39242 -8.62631
2.9502 -8.0432
8.60559 -5.82995
6.89082 -1.92453
6.37107 -1.39376
5.84986 -1.40818
1.53438 -3.6352
8.83507 -4.96306
4.32482 -8.768
2.05729 -7.16455
1.51991 -6.87187
4.89075 -1.10138
4.57234 -8.73111
1.6972 -3.09729
7.81612 -2.49498
8.87359 -5.60355
8.24304 -3.18604
8.21045 -6.99188
4.22435 -1.2805
7.02221 -1.78244
7.48057 -2.0137
4.10349 -8.59548
5.60524 -8.72498
8.51049 -4.18731
8.61945 -4.89341
7.72585 -7.67148
1.29915 -5.15562
1.55994 -6.11748
8.39347 -2.99942
7.45594 -8.0702
4.09965 -1.24611
5.21159 -8.76602
2.69316 -8.00738
1.71695 -7.14779
2.91496 -8.21929
5.11733 -1.04242
7.96604 -2.70155
1.14585 -5.75679
1.15543 -4.63345
6.66713 -1.62135
6.08885 -8.7664
7.45486 -2.10955
8.86409 -5.19987
8.86365 -4.71106
8.39537 -2.98688
3.31382 -8.54778
3.55128 -1.56872
1.76122 -7.21821
8.76798 -4.58309
1.70366 -6.54305
6.27681 -1.62496
3.82595 -1.20535
6.79327 -1.46568
3.34709 -1.50728
1.13347 -5.7686
7.99413 -2.65446
2.4861 -8.03916
8.32708 -6.78003
3.67552 -1.5902
2.98912 -1.82441
1.16594 -4.12916
1.15116 -4.43538
8.55526 -3.72235
5.87988 -8.85411
2.72209 -1.90758
4.23959 -1.25529
6.72907 -8.44
1.39671 -5.57234
5.25632 -8.98578
8.70229 -4.54995
2.36554 -2.3169
3.80691 -1.3391
8.96406 -5.06053
5.67854 -8.81715
1.98757 -2.88316
8.48419 -6.14889
1.51281 -6.14943
7.99747 -2.60457
8.27924 -2.76522
5.22206 -8.82974
1.55848 -6.67788
2.69828 -2.03647
4.43475 -1.15056
5.7661 -1.18086
4.87218 -1.33864
3.41562 -1.74434
1.7015 -2.90661
2.11087 -2.66012
8.06241 -7.02867
3.18904 -1.81388
1.19923 -4.54551
8.36345 -3.525
8.29444 -3.35097
2.78779 -1.69071
2.28035 -2.19956
8.88407 -5.36724
8.80982 -5.31106
8.25803 -7.2648
3.31527 -8.22035
5.35721 -1.3593
2.21718 -7.82426
3.4257 -8.30745
8.27469 -7.28076
8.33586 -3.28202
7.70584 -7.89831
2.78967 -1.94452
6.53625 -1.32868
8.77654 -4.76698
1.37776 -4.03701
5.49909 -8.81993
1.60369 -6.81444
8.4891 -3.74267
7.04409 -1.99699
1.97114 -7.07855
1.27443 -4.62845
1.59532 -3.395
8.34872 -3.13648
4.71514 -8.6805
4.08727 -1.18079
8.65185 -4.32744
1.21201 -5.72802
1.17256 -4.76369
2.28558 -2.33623
4.18914 -1.13077
4.88789 -1.19292
6.58098 -1.39473
2.16294 -7.42241
8.0584 -2.52829
4.82315 -1.37193
8.57748 -6.22735
3.63174 -1.2825
6.58867 -8.25344
1.44951 -6.09218
1.00263 -4.85627
4.63564 -8.83038
6.60239 -1.58723
5.2968 -8.61765
6.22543 -1.24696
5.79992 -8.72411
5.72801 -1.30079
7.59528 -2.09876
7.28257 -1.9182
8.78791 -5.67622
1.65817 -3.21814
2.18371 -2.38656
8.18544 -3.2547
4.14629 -1.31734
1.41335 -5.85658
3.91214 -8.59981
4.86459 -8.8965
4.46235 -1.33117
4.3029 -1.20461
2.20085 -2.30705
2.05822 -7.48326
6.41058 -1.30122
8.51243 -3.55435
1.7072 -3.10478
1.49538 -3.11773
8.8208 -4.85568
1.54915 -3.41345
6.5429 -1.40572
6.11456 -8.59817
5.90889 -1.2621
8.91739 -5.38814
8.37348 -2.94119
8.02003 -7.35994
8.63139 -4.24847
8.06193 -7.0661
4.50522 -8.76193
6.09741 -8.79213
8.04049 -7.5399
3.39095 -8.34262
4.79415 -8.74186
1.76078 -6.60104
8.33611 -7.0303
8.02145 -7.41883
2.60941 -7.71037
8.87552 -5.09175
2.22432 -7.82567
1.98492 -7.52671
3.78073 -1.31329
2.7673 -2.05797
1.23059 -5.48012
1.28401 -3.58031
1.79383 -3.13763
8.79317 -5.16449
1.62244 -3.58801
1.30432 -6.3322
6.02123 -1.21144
7.10692 -2.05424
2.41361 -2.37388
6.16692 -8.6466
4.54759 -8.71428
1.25821 -5.30899
3.20953 -1.45914
7.10418 -8.04411
8.71988 -4.96965
5.11116 -8.75321
4.75413 -1.38198
4.14867 -1.22604
1.96779 -7.40424
8.63619 -3.55259
8.29254 -3.28688
5.39152 -8.73527
5.08259 -8.98386
8.20329 -7.27022
2.42044 -7.68464
7.71633 -7.57153
1.37145 -6.09702
8.51415 -6.61676
3.60506 -1.67911
1.01643 -4.86278
7.92701 -2.82221
1.16258 -4.5164
8.66463 -5.64418
3.01483 -1.78616
8.68412 -6.03631
1.20397 -4.93982
8.46797 -6.77627
8.56841 -6.79797
4.3115 -8.6165
8.0805 -7.02782
8.30302 -3.07424
3.42188 -8.44267
8.02148 -7.00509
1.3801 -4.66849
8.68998 -3.50313
8.37992 -6.76655
5.83419 -8.83406
6.82 -8.21512
8.47818 -3.1515
8.67084 -5.26759
7.69238 -2.08639
6.00457 -1.1807
3.92494 -1.51829
7.11417 -8.13381
8.6089 -6.19279
3.62888 -1.40553
1.26778 -4.3855
8.73939 -5.13155
6.84182 -1.5933
5.08543 -1.13876
4.47427 -8.86111
5.19206 -1.00545
1.7398 -7.24578
5.80369 -1.38461
8.79516 -3.77401
1.15927 -4.17948
2.77408 -7.98814
3.17105 -8.11591
3.80499 -1.54111
6.43968 -8.30047
3.87407 -8.44989
3.587 -1.28551
5.32105 -1.06473
1.11451 -4.39324
6.15926 -1.40021
8.32756 -6.73402
3.49846 -1.34328
8.79741 -5.9687
5.83943 -8.69656
1.00261 -5.12519
4.89552 -1.04577
8.37344 -3.61526
4.30103 -8.57658
7.10122 -1.77762
3.51137 -8.39701
1.94141 -2.74145
1.18439 -6.01767
4.74652 -1.16505
1.64294 -3.048
2.99342 -1.59641
7.48866 -2.15475
1.72482 -2.94407
3.36136 -1.54028
8.60749 -5.87714
1.77906 -3.29302
5.33774 -8.6791
1.85049 -2.80868
6.61334 -1.67588
1.4581 -5.71476
8.01002 -7.62319
8.7342 -4.29865
5.35152 -1.05864
3.9421 -1.17756
1.30487 -5.09001
4.23392 -8.55881
2.1996 -7.34577
4.71609 -8.70156
8.51468 -5.83839
2.42408 -2.4314
1.41052 -5.36271
4.0002 -8.66532
2.01539 -7.4175
8.75318 -5.28432
1.82239 -3.02237
8.9736 -4.68846
8.66746 -5.91923
8.88747 -4.21389
1.08354 -4.88443
3.43037 -1.69646
1.459 -6.58482
3.72457 -1.22433
6.74472 -1.48026
6.88998 -8.10322
6.74947 -1.70276
1.41301 -3.46352
7.04933 -1.92029
1.2035 -4.81903
8.96499 -5.46589
6.54195 -1.48646
7.63192 -2.3787
4.97407 -8.81003
1.66101 -3.37223
8.63711 -4.0535
7.35313 -7.87063
7.71809 -2.13705
7.95889 -2.85397
2.38411 -2.19322
3.55986 -1.39097
5.91982 -1.50133
1.28917 -4.98009
7.3341 -7.8302
5.30966 -8.59633
1.55707 -6.31439
5.84177 -1.45101
2.74361 -8.20266
1.97331 -2.57993
1.19683 -4.88012
8.83264 -5.83975
4.86079 -8.64184
7.7768 -7.366
1.08212 -4.76681
2.67556 -7.83155
3.98825 -1.49177
7.85486 -7.28546
2.43268 -1.93822
5.91984 -1.21745
5.75133 -1.45965
7.06418 -8.32679
6.00551 -1.31665
1.11444 -5.58442
1.71794 -6.50993
7.56544 -7.62039
7.26827 -2.15099
8.48844 -6.81636
5.51049 -1.14907
3.12535 -8.32546
1.37525 -6.22802
5.61521 -1.23837
5.12448 -8.85688
1.87784 -7.21992
1.15061 -5.76454
2.4455 -2.43044
1.31574 -6.37878
1.18731 -4.88341
4.4933 -1.11535
8.50846 -6.28342
1.22913 -5.96419
8.03648 -2.82163
7.51484 -2.13248
2.79264 -8.07126
4.73989 -8.61042
8.36967 -3.01749
3.00779 -8.13051
4.03823 -1.4272
4.45473 -1.27904
7.19461 -8.262
2.08706 -2.7979
3.91828 -1.48771
7.72377 -2.60726
2.80645 -8.0767
1.28964 -5.07395
2.8745 -8.35376
6.34347 -1.29009
7.80251 -7.28662
3.55843 -1.54033
7.65922 -7.50771
5.83515 -8.56655
8.77273 -4.71868
2.73075 -8.2097
5.51433 -8.70243
8.92216 -5.27411
1.21017 -4.68795
7.8485 -2.2333
2.39124 -2.42592
6.03126 -8.58192
3.67129 -8.68319
1.97827 -7.19015
6.63198 -8.3393
8.70995 -3.89997
8.88462 -4.15122
3.67273 -8.4334
2.51992 -7.70156
1.45473 -6.29359
7.66586 -7.9323
3.30573 -8.6057
6.6895 -1.60012
7.04373 -8.0295
6.89807 -8.14316
6.32919 -1.23781
1.32347 -4.37872
4.84271 -8.61621
2.58547 -1.96359
6.77898 -1.7572
2.81074 -7.92897
8.72409 -6.15891
1.30352 -3.70471
1.46951 -5.92476
6.9508 -1.83696
1.86952 -2.96957
2.98055 -1.94418
4.08584 -1.31612
3.86782 -1.57544
1.15059 -6.02938
1.53914 -3.63693
8.52528 -3.57217
6.48578 -1.55785
2.69936 -7.82432
8.71282 -3.68534
7.63017 -7.75957
3.30433 -8.18599
6.50297 -8.53936
4.51233 -1.34662
2.83311 -7.92446
5.04642 -8.82785
4.46382 -8.59202
4.79223 -1.0101
7.21593 -1.78223
8.63857 -3.57243
8.43293 -3.69966
3.79596 -1.29478
6.54098 -1.68611
2.31651 -2.40272
8.78989 -4.37583
1.03215 -4.65031
8.39799 -7.02046
1.68623 -3.51898
8.43487 -3.11435
1.24395 -4.89725
6.30158 -1.32016
8.65613 -4.45332
1.05642 -4.70657
4.64405 -7.40073
5.98875 -7.02524
7.08388 -6.25388
7.36749 -4.64313
3.61147 -6.96199
4.79578 -7.25817
6.91208 -3.74031
2.73781 -5.70322
3.33116 -3.19343
7.30709 -4.79793
6.25793 -2.97993
4.72052 -7.27724
4.84189 -7.4097
5.65644 -7.20007
2.72894 -4.64231
6.70782 -6.695
5.82721 -7.10094
4.84427 -7.39179
7.11066 -6.18541
4.01483 -2.83322
5.5502 -2.79932
4.36293 -7.24606
6.74133 -3.4901
6.00953 -2.90383
4.09337 -2.77904
2.67325 -5.72863
3.96965 -7.11927
6.43738 -7.03411
2.77121 -4.21949
3.06249 -3.67353
5.70312 -2.60851
7.07033 -3.96667
7.32346 -4.6483
6.88693 -6.29365
6.20915 -2.84056
6.83058 -3.5066
3.9518 -7.07872
5.03227 -2.64883
6.10626 -7.16391
6.0899 -7.10744
6.0295 -7.20976
6.60538 -3.38883
6.21574 -7.03357
2.76549 -5.38987
3.48206 -6.93466
5.50263 -7.23395
3.06726 -3.54646
3.45403 -3.05564
3.87827 -2.90309
2.79829 -4.1729
7.02393 -3.74819
6.21306 -7.17188
7.26122 -5.69193
5.68708 -7.30586
5.80966 -7.10462
2.87326 -4.04417
7.40795 -4.63808
2.78401 -4.17207
3.5644 -3.12054
2.64922 -4.5917
3.13597 -3.66988
6.56433 -3.35285
7.05992 -3.85672
3.78878 -6.91662
7.34101 -4.62282
6.44988 -6.82084
7.11869 -6.17338
4.52711 -2.79638
6.47873 -6.93324
2.99422 -6.18346
5.62847 -7.34275
5.24616 -2.76319
3.48267 -6.70658
2.57365 -4.74749
3.89379 -7.05055
2.65846 -4.2047
3.03781 -3.53375
3.27831 -6.48212
7.22105 -5.79001
6.12738 -7.05172
4.21656 -7.2859
2.61528 -5.0214
5.95568 -2.94951
4.72825 -7.30911
5.53654 -7.32251
2.77299 -4.40709
6.24966 -6.90738
2.97487 -6.29111
7.08181 -6.08764
3.24915 -6.46746
6.3558 -3.12325
2.99778 -6.23202
3.72893 -2.90146
6.20801 -6.92269
2.71198 -4.7209
6.31303 -6.96478
2.97369 -6.17878
5.98428 -7.19537
3.67959 -7.07213
2.77389 -4.28881
2.79351 -4.45939
2.59507 -4.63359
3.60404 -6.91773
4.02795 -7.20341
7.35822 -5.46027
3.06591 -6.26793
5.97056 -2.76306
4.79337 -2.75376
6.22818 -3.06082
2.81315 -4.3402
4.22876 -7.23584
7.20053 -5.68851
6.65993 -6.56461
2.79888 -4.15886
5.98458 -7.15652
4.93083 -7.47569
6.20617 -2.86405
3.74862 -6.99525
2.7152 -5.59671
3.7739 -7.1197
6.87132 -3.64713
2.70778 -5.39638
4.78298 -7.47073
7.1209 -4.03851
7.22144 -4.27999
6.16363 -2.86228
7.31067 -4.52526
4.86865 -2.59671
6.55125 -3.12591
2.63429 -5.46331
2.64474 -4.91667
3.53323 -6.95666
7.04341 -6.38439
3.95563 -2.76123
7.00475 -6.11059
7.47249 -4.84683
4.70889 -2.66607
5.22357 -7.42357
3.13462 -6.36204
3.14652 -6.44448
2.74646 -5.20393
6.92085 -6.20479
5.63886 -2.69646
2.60491 -4.30776
6.56196 -3.21447
4.43817 -2.61952
7.27732 -5.00271
4.43998 -7.19064
6.08836 -2.95124
4.30908 -7.22225
2.53198 -5.02765
2.77242 -3.86674
2.62805 -5.33486
6.21895 -3.07921
6.42839 -3.01651
4.04249 -2.83407
5.36488 -2.53087
5.69154 -7.35788
6.17676 -7.20539
5.50053 -2.64521
6.87966 -3.61605
5.09386 -2.51652
7.26102 -3.98355
3.02962 -6.16366
7.34332 -5.8711
4.82402 -2.63192
4.41258 -2.78679
5.71951 -7.21771
6.58159 -3.22214
5.24499 -7.44431
3.41981 -3.22827
7.42103 -4.66788
7.08239 -6.27404
6.90061 -6.51474
4.22665 -2.74388
3.54417 -3.14518
2.77003 -4.17994
4.14066 -2.85663
2.66382 -4.16705
4.30968 -7.27074
2.77974 -5.87226
4.35043 -7.30522
5.2786 -2.60914
5.18905 -2.58539
7.26898 -5.21391
5.75847 -7.35279
2.72566 -4.77243
3.14592 -6.4386
5.12451 -7.30417
5.41485 -2.60896
2.74799 -4.48926
4.44353 -2.63232
3.08672 -6.53891
7.27377 -4.74412
3.97318 -2.82259
2.81169 -3.96266
2.60699 -4.36646
7.16284 -4.19405
7.14488 -5.92461
2.55338 -5.40724
4.57296 -7.29885
5.86109 -2.7215
7.36007 -4.33285
3.48973 -3.06809
6.39334 -7.06056
6.77119 -6.5528
7.25863 -4.27084
6.29808 -3.15261
6.2205 -7.03845
6.01815 -2.97442
7.4106 -4.96379
3.49784 -6.76205
7.17968 -6.12007
6.79322 -6.36455
6.58932 -3.35078
6.65536 -3.39209
3.36536 -3.41725
3.99489 -2.83211
5.75015 -7.17053
4.92787 -7.36977
2.65608 -4.19431
4.68005 -7.47016
5.00194 -7.46345
5.09027 -2.75026
6.82939 -3.45797
3.07232 -3.4413
7.01993 -6.09969
7.46802 -4.9999
7.34871 -5.21431
3.19162 -3.52437
6.96695 -6.3904
4.43671 -7.2072
4.62026 -7.26645
3.71887 -6.902
7.25349 -5.51872
6.18176 -3.07783
5.85692 -2.7461
5.53116 -2.75511
2.83399 -4.147
7.39692 -4.97691
4.57801 -7.355
3.1608 -6.35284
2.82494 -6.16992
4.93172 -2.56337
4.73271 -7.33194
2.93575 -3.81081
6.76007 -3.43436
7.42099 -5.37722
7.0269 -3.86628
7.00653 -6.24493
4.51522 -2.67531
6.26388 -2.98903
6.55036 -3.13356
4.43968 -7.24718
5.37828 -7.32812
7.19406 -4.49207
7.26216 -4.93338
6.70366 -6.66967
2.68697 -5.09726
2.84996 -5.69843
7.12092 -3.74964
6.53496 -6.91888
4.43728 -2.65382
5.13225 -7.35376
3.55823 -6.87961
2.9481 -6.34237
3.69685 -7.01206
5.07333 -2.52652
6.85378 -3.56347
2.59115 -5.473
2.59715 -4.77091
6.04195 -2.88834
5.68053 -7.354
6.53429 -3.19347
7.41506 -5.12492
7.41478 -4.81941
7.12211 -3.7418
3.94614 -7.21736
4.09455 -2.85545
2.97576 -6.38638
7.35499 -4.73943
2.93979 -5.9644
5.79801 -2.8906
4.26622 -2.62834
6.1208 -2.79105
3.96693 -2.81705
2.58342 -5.48038
6.87133 -3.53404
3.42882 -6.89948
7.07942 -6.11252
4.1722 -2.86888
3.7432 -3.01526
2.60371 -4.45573
2.59448 -4.64711
7.22204 -4.20147
5.54993 -7.40882
3.5763 -3.06724
4.52474 -2.65956
6.08067 -7.15
2.74794 -5.35771
5.1602 -7.49111
7.31393 -4.71872
3.35346 -3.32306
4.25432 -2.71194
7.47754 -5.03783
5.42409 -7.38572
3.11723 -3.67697
7.17762 -5.71806
2.82051 -5.71839
6.87342 -3.50286
7.04953 -3.60326
5.13879 -7.39359
2.84905 -6.04868
3.56142 -3.14779
4.64672 -2.5941
5.47881 -2.61304
4.92011 -2.71165
4.00976 -2.96521
2.93844 -3.69163
3.19429 -3.53757
6.91401 -6.26792
3.86815 -3.00868
2.62452 -4.71595
7.10216 -4.07812
7.05902 -3.96936
3.61737 -2.93169
3.30022 -3.24972
7.42755 -5.22952
7.38114 -5.19441
7.03627 -6.4155
3.94705 -7.01272
5.22326 -2.72456
3.26074 -6.76516
4.01606 -7.06716
7.04668 -6.42547
7.08491 -3.92626
6.69115 -6.81144
3.61855 -3.09032
5.96015 -2.70543
7.36033 -4.85436
2.7361 -4.39813
5.31193 -7.38745
2.87731 -6.13402
7.18069 -4.21417
6.27756 -3.12312
3.10696 -6.29909
2.67152 -4.76778
2.87208 -3.99688
7.09295 -3.8353
4.82196 -7.30031
4.42955 -2.61299
7.28241 -4.57965
2.63251 -5.45501
2.60785 -4.8523
3.30348 -3.33514
4.49321 -2.58173
4.92993 -2.62058
5.98812 -2.74671
3.22684 -6.514
6.9115 -3.45518
4.88947 -2.73246
7.23593 -5.76709
4.14484 -2.67656
5.99292 -7.0334
2.78094 -5.68261
2.50164 -4.91017
4.77227 -7.39399
6.0015 -2.86702
5.1855 -7.26103
5.76589 -2.65435
5.49995 -7.32757
5.45501 -2.68799
6.62205 -3.18673
6.4266 -3.07388
7.36744 -5.42264
2.91135 -3.88634
3.23982 -3.3666
6.9909 -3.90919
4.46643 -2.69833
2.75834 -5.53536
4.32009 -7.24988
4.91537 -7.43531
4.66397 -2.70698
4.56431 -2.62788
3.25053 -3.31691
3.16139 -6.55204
5.88162 -2.68827
7.19527 -4.09647
2.942 -3.81549
2.80961 -3.82358
7.388 -4.9098
2.84322 -4.0084
5.96432 -2.75357
5.6966 -7.24886
5.56806 -2.66381
7.44837 -5.24259
7.10842 -3.71324
6.88752 -6.47496
7.26962 -4.53029
6.91371 -6.29131
4.69076 -7.3512
5.68588 -7.37008
6.9003 -6.58744
3.99434 -7.08914
4.87134 -7.33866
4.85762 -5.96029
5.3955 -5.8101
5.83355 -5.50155
5.94699 -4.85725
4.44459 -5.7848
4.91831 -5.90327
5.76483 -4.49612
4.09512 -5.28129
4.33246 -4.27737
5.92283 -4.91917
5.50317 -4.19197
4.88821 -5.9109
4.93675 -5.96388
5.26258 -5.88003
4.09158 -4.85692
5.68313 -5.678
5.33088 -5.84038
4.93771 -5.95671
5.84426 -5.47416
4.60593 -4.13329
5.22008 -4.11973
4.74517 -5.89842
5.69653 -4.39604
5.40381 -4.16153
4.63735 -4.11162
4.0693 -5.29145
4.58786 -5.84771
5.57495 -5.81364
4.10849 -4.6878
4.225 -4.46941
5.28125 -4.0434
5.82813 -4.58667
5.92938 -4.85932
5.75477 -5.51746
5.48366 -4.13622
5.73223 -4.40264
4.58072 -5.83149
5.01291 -4.05953
5.4425 -5.86557
5.43596 -5.84297
5.4118 -5.8839
5.64215 -4.35553
5.4863 -5.81343
4.1062 -5.15595
4.39283 -5.77387
5.20105 -5.89358
4.2269 -4.41858
4.38161 -4.22226
4.55131 -4.16124
4.11932 -4.66916
5.80957 -4.49928
5.48522 -5.86875
5.90449 -5.27677
5.27483 -5.92234
5.32386 -5.84185
4.14931 -4.61767
5.96318 -4.85523
4.1136 -4.66883
4.42576 -4.24822
4.05969 -4.83668
4.25439 -4.46795
5.62573 -4.34114
5.82397 -4.54269
4.51551 -5.76665
5.9364 -4.84913
5.57995 -5.72834
5.84748 -5.46935
4.81085 -4.11855
5.59149 -5.7733
4.19769 -5.47338
5.25139 -5.9371
5.09846 -4.10527
4.39307 -5.68263
4.02946 -4.899
4.55752 -5.82022
4.06339 -4.68188
4.21512 -4.4135
4.31132 -5.59285
5.88842 -5.316
5.45095 -5.82069
4.68662 -5.91436
4.04611 -5.00856
5.38227 -4.1798
4.8913 -5.92364
5.21462 -5.929
4.10919 -4.76283
5.49987 -5.76295
4.18995 -5.51644
5.83272 -5.43506
4.29966 -5.58699
5.54232 -4.2493
4.19911 -5.49281
4.49157 -4.16058
5.48321 -5.76908
4.08479 -4.88836
5.52521 -5.78591
4.18948 -5.47151
5.39371 -5.87815
4.47184 -5.82885
4.10955 -4.71552
4.1174 -4.78376
4.03803 -4.85343
4.44162 -5.76709
4.61118 -5.88136
5.94329 -5.18411
4.22636 -5.50717
5.38822 -4.10523
4.91735 -4.10151
5.49127 -4.22433
4.12526 -4.73608
4.6915 -5.89434
5.88021 -5.2754
5.66397 -5.62584
4.11955 -4.66354
5.39383 -5.86261
4.97233 -5.99028
5.48247 -4.14562
4.49945 -5.7981
4.08608 -5.23868
4.50956 -5.84788
5.74853 -4.45885
4.08311 -5.15855
4.91319 -5.98829
5.84836 -4.6154
5.88858 -4.712
5.46545 -4.14491
5.92427 -4.8101
4.94746 -4.03869
5.6205 -4.25036
4.05372 -5.18532
4.05789 -4.96667
4.41329 -5.78266
5.81736 -5.55376
4.58225 -4.10449
5.8019 -5.44423
5.989 -4.93873
4.88356 -4.06643
5.08943 -5.96943
4.25385 -5.54482
4.25861 -5.57779
4.09859 -5.08157
5.76834 -5.48192
5.25554 -4.07858
4.04196 -4.7231
5.62478 -4.28579
4.77527 -4.04781
5.91093 -5.00108
4.77599 -5.87625
5.43534 -4.1805
4.72363 -5.8889
4.01279 -5.01106
4.10897 -4.5467
4.05122 -5.13394
5.48758 -4.23168
5.57136 -4.2066
4.617 -4.13363
5.14595 -4.01235
5.27661 -5.94315
5.4707 -5.88216
5.20021 -4.05809
5.75186 -4.44642
5.03754 -4.00661
5.90441 -4.59342
4.21185 -5.46546
5.93733 -5.34844
4.92961 -4.05277
4.76503 -4.11472
5.2878 -5.88708
5.63264 -4.28886
5.098 -5.97773
4.36792 -4.29131
5.96841 -4.86715
5.83296 -5.50962
5.76024 -5.6059
4.69066 -4.09755
4.41767 -4.25807
4.10801 -4.67198
4.65627 -4.14265
4.06553 -4.66682
4.72387 -5.9083
4.1119 -5.3489
4.74017 -5.92209
5.11144 -4.04366
5.07562 -4.03416
5.90759 -5.08557
5.30339 -5.94112
4.09027 -4.90897
4.25837 -5.57544
5.04981 -5.92167
5.16594 -4.04358
4.0992 -4.7957
4.77741 -4.05293
4.23469 -5.61556
5.90951 -4.89765
4.58927 -4.12903
4.12468 -4.58507
4.04279 -4.74658
5.86513 -4.67762
5.85795 -5.36984
4.02135 -5.16289
4.82918 -5.91954
5.34443 -4.0886
5.94403 -4.73314
4.39589 -4.22724
5.55734 -5.82422
5.70848 -5.62112
5.90345 -4.70834
5.51923 -4.26105
5.4882 -5.81538
5.40726 -4.18977
5.96424 -4.98552
4.39914 -5.70482
5.87187 -5.44803
5.71729 -5.54582
5.63573 -4.34031
5.66214 -4.35683
4.34614 -4.3669
4.59796 -4.13284
5.30006 -5.86821
4.97115 -5.94791
4.06243 -4.67773
4.87202 -5.98807
5.00077 -5.98538
5.03611 -4.1001
5.73176 -4.38319
4.22893 -4.37652
5.80797 -5.43988
5.98721 -4.99996
5.93948 -5.08573
4.27665 -4.40975
5.78678 -5.55616
4.77468 -5.88288
4.8481 -5.90658
4.48755 -5.7608
5.9014 -5.20749
5.47271 -4.23113
5.34277 -4.09844
5.21246 -4.10204
4.1336 -4.6588
5.95877 -4.99077
4.8312 -5.942
4.26432 -5.54114
4.12998 -5.46797
4.97269 -4.02535
4.89308 -5.93278
4.1743 -4.52432
5.70403 -4.37375
5.9684 -5.15089
5.81076 -4.54651
5.80261 -5.49797
4.80609 -4.07012
5.50555 -4.19561
5.62014 -4.25342
4.77587 -5.89887
5.15131 -5.93125
5.87762 -4.79683
5.90486 -4.97335
5.68146 -5.66787
4.07479 -5.03891
4.13998 -5.27937
5.84837 -4.49985
5.61398 -5.76755
4.77491 -4.06153
5.0529 -5.94151
4.42329 -5.75184
4.17924 -5.53695
4.47874 -5.80482
5.02933 -4.01061
5.74151 -4.42539
4.03646 -5.1892
4.73524 4.73524
4.74538 4.73554
4.7555 4.73646
4.76557 4.73797
4.77555 4.7401
4.78542 4.74282
4.79516 4.74614
4.80473 4.75005
4.81411 4.75454
4.82328 4.7596
4.83221 4.76523
4.84087 4.77142
4.84924 4.77815
4.85729 4.78541
4.86499 4.79318
4.87234 4.80146
4.87929 4.81023
4.88584 4.81948
4.89195 4.82918
4.89761 4.83931
4.90279 4.84987
4.90748 4.86082
4.91165 4.87215
4.91529 4.88385
4.91839 4.89587
4.92091 4.90821
4.92286 4.92084
4.9242 4.93374
4.92494 4.94688
4.92505 4.96023
4.92453 4.97377
4.92336 4.98748
4.92153 5.00133
4.91903 5.01528
4.91586 5.02932
4.91201 5.04341
4.90747 5.05752
4.90224 5.07164
4.89631 5.08572
4.88969 5.09974
4.88236 5.11367
4.87434 5.12748
4.86561 5.14114
4.85619 5.15462
4.84608 5.16789
4.83527 5.18092
4.82379 5.19369
4.81162 5.20616
4.79878 5.2183
4.78529 5.23009
4.77114 5.24149
4.75635 5.25248
4.74094 5.26303
4.72491 5.27312
4.70828 5.2827
4.69107 5.29177
4.67329 5.30028
4.65496 5.30822
4.6361 5.31556
4.61673 5.32228
4.59686 5.32834
4.57653 5.33374
4.55576 5.33844
4.53456 5.34242
4.51297 5.34566
4.491 5.34815
4.46868 5.34986
4.44605 5.35078
4.42313 5.35088
4.39994 5.35015
4.37653 5.34858
4.3529 5.34615
4.32911 5.34284
4.30518 5.33866
4.28113 5.33357
4.25702 5.32758
4.23285 5.32067
4.20868 5.31284
4.18453 5.30408
4.16044 5.29438
4.13644 5.28374
4.11257 5.27216
4.08886 5.25964
4.06535 5.24617
4.04208 5.23176
4.01907 5.2164
3.99637 5.20011
3.97401 5.18289
3.95202 5.16473
3.93045 5.14566
3.90932 5.12567
3.88868 5.10478
3.86856 5.083
3.84899 5.06034
3.83 5.03682
3.81164 5.01245
3.79394 4.98725
3.77692 4.96123
3.76063 4.93442
3.74509 4.90683
3.73034 4.87848
3.71641 4.84941
3.70333 4.81962
3.69112 4.78915
3.67983 4.75803
3.66947 4.72628
3.66007 4.69392
3.65167 4.661
3.64428 4.62753
3.63794 4.59356
3.63266 4.55911
3.62847 4.52421
3.62539 4.48891
3.62343 4.45323
3.62263 4.41722
3.623 4.38091
3.62456 4.34434
3.62731 4.30754
3.63128 4.27056
3.63649 4.23344
3.64293 4.19622
3.65062 4.15893
3.65958 4.12163
3.66981 4.08435
3.68131 4.04714
3.6941 4.01003
3.70817 3.97308
3.72353 3.93632
3.74017 3.89981
3.7581 3.86358
3.77732 3.82768
3.79782 3.79216
3.81959 3.75705
3.84263 3.72241
3.86693 3.68828
3.89249 3.6547
3.91928 3.62172
3.94729 3.58939
3.97652 3.55773
4.00694 3.52681
4.03854 3.49666
4.0713 3.46733
4.10519 3.43886
4.1402 3.41128
4.1763 3.38465
4.21346 3.359
4.25167 3.33438
4.29088 3.31081
4.33108 3.28835
4.37222 3.26702
4.41428 3.24687
4.45723 3.22793
4.50103 3.21024
4.54564 3.19382
4.59102 3.17872
4.63714 3.16497
4.68396 3.15259
4.73143 3.14161
4.77951 3.13207
4.82817 3.12398
4.87734 3.11738
4.927 3.11229
4.97709 3.10873
5.02756 3.10673
5.07837 3.1063
5.12946 3.10746
5.1808 3.11023
5.23232 3.11462
5.28397 3.12065
5.33571 3.12832
5.38747 3.13766
5.43922 3.14867
5.49088 3.16135
5.54242 3.1757
5.59377 3.19175
5.64488 3.20948
5.69569 3.22889
5.74615 3.24998
5.79621 3.27276
5.84581 3.29721
5.89488 3.32332
5.94339 3.3511
5.99126 3.38051
6.03845 3.41157
6.08491 3.44424
6.13057 3.47851
6.17538 3.51436
6.21929 3.55178
6.26224 3.59074
6.30418 3.63122
6.34507 3.67319
6.38483 3.71662
6.42344 3.76148
6.46083 3.80776
6.49695 3.8554
6.53176 3.90438
6.56522 3.95466
6.59726 4.0062
6.62785 4.05896
6.65694 4.11291
6.68449 4.16799
6.71045 4.22418
6.73479 4.28141
6.75746 4.33964
6.77844 4.39883
6.79767 4.45892
6.81513 4.51986
6.83077 4.5816
6.84458 4.64409
6.85651 4.70727
6.86655 4.77108
6.87465 4.83547
6.8808 4.90037
6.88498 4.96574
6.88715 5.0315
6.88731 5.0976
6.88542 5.16398
6.88149 5.23056
6.87548 5.2973
6.8674 5.36411
6.85722 5.43095
6.84494 5.49773
6.83056 5.56441
6.81407 5.6309
6.79546 5.69715
6.77475 5.76308
6.75192 5.82863
6.72699 5.89373
6.69996 5.95832
6.67085 6.02232
6.63965 6.08568
6.60638 6.14831
6.57107 6.21016
6.53372 6.27115
6.49436 6.33123
6.453 6.39032
6.40968 6.44836
6.36442 6.50528
6.31724 6.56102
6.26817 6.61552
6.21726 6.66871
6.16453 6.72054
6.11002 6.77093
6.05376 6.81983
5.99581 6.86718
5.93619 6.91292
5.87496 6.95699
5.81217 6.99934
5.74785 7.03992
5.68207 7.07867
5.61487 7.11554
5.54631 7.15047
5.47644 7.18343
5.40532 7.21436
5.33301 7.24322
5.25957 7.26996
5.18506 7.29454
5.10954 7.31693
5.03309 7.33708
4.95576 7.35496
4.87763 7.37053
4.79877 7.38376
4.71923 7.39463
4.6391 7.4031
4.55845 7.40914
4.47736 7.41274
4.39588 7.41387
4.31411 7.41251
4.23212 7.40865
4.14998 7.40227
4.06777 7.39336
3.98557 7.38191
3.90346 7.36791
3.82152 7.35136
3.73983 7.33225
3.65846 7.31059
3.5775 7.28638
3.49703 7.25962
3.41713 7.23031
3.33787 7.19848
3.25934 7.16413
3.18162 7.12728
3.10479 7.08795
3.02892 7.04615
2.9541 7.00191
2.8804 6.95525
2.80791 6.90621
2.73669 6.85481
2.66683 6.80108
2.5984 6.74506
2.53148 6.68679
2.46614 6.62631
2.40245 6.56366
2.34048 6.49888
2.2803 6.43202
2.22199 6.36314
2.16561 6.29228
2.11123 6.2195
2.05891 6.14486
2.00871 6.0684
1.9607 5.9902
1.91494 5.91032
1.87148 5.82882
1.83037 5.74576
1.79169 5.66122
1.75547 5.57526
1.72176 5.48796
1.69062 5.3994
1.66209 5.30964
1.63622 5.21877
1.61304 5.12685
1.59259 5.03399
1.57491 4.94024
1.56004 4.84571
1.54801 4.75047
1.53884 4.6546
1.53256 4.5582
1.5292 4.46135
1.52877 4.36414
1.5313 4.26666
1.5368 4.16899
1.54529 4.07124
1.55677 3.97349
1.57126 3.87583
1.58875 3.77836
1.60925 3.68117
1.63275 3.58435
1.65926 3.48799
1.68877 3.39219
1.72127 3.29704
1.75674 3.20264
1.79516 3.10908
1.83653 3.01644
1.88082 2.92483
1.92801 2.83433
1.97806 2.74504
2.03095 2.65705
2.08664 2.57045
2.1451 2.48532
2.2063 2.40175
2.27018 2.31984
2.3367 2.23967
2.40583 2.16132
2.4775 2.08488
2.55167 2.01043
2.62827 1.93805
2.70726 1.86783
2.78858 1.79983
2.87215 1.73413
2.95791 1.67082
3.0458 1.60995
3.13575 1.55162
3.22768 1.49587
3.32152 1.44278
3.4172 1.39241
3.51462 1.34483
3.61372 1.30009
3.7144 1.25826
3.81659 1.21938
3.92019 1.18352
4.02512 1.15071
4.13129 1.12101
4.2386 1.09446
4.34696 1.07111
4.45627 1.05099
4.56645 1.03414
4.67738 1.02059
4.78898 1.01038
4.90113 1.00353
5.01375 1.00006
5.12672 1
5.23994 1.00336
5.35332 1.01017
5.46673 1.02043
5.58009 1.03414
5.69328 1.05133
5.8062 1.07198
5.91874 1.0961
6.03079 1.12368
6.14225 1.15472
6.25301 1.1892
6.36297 1.22712
6.47201 1.26844
6.58003 1.31316
6.68693 1.36125
6.7926 1.41268
6.89694 1.46742
6.99984 1.52544
7.10119 1.5867
7.20091 1.65116
7.29888 1.71877
7.39501 1.78949
7.4892 1.86327
7.58135 1.94006
7.67136 2.01979
7.75915 2.10242
7.84461 2.18787
7.92766 2.27609
8.00821 2.36701
8.08618 2.46055
8.16146 2.55664
8.234 2.6552
8.30369 2.75616
8.37047 2.85944
8.43425 2.96494
8.49497 3.07258
8.55256 3.18228
8.60693 3.29394
8.65804 3.40747
8.70581 3.52277
8.75018 3.63974
8.7911 3.75829
8.82852 3.8783
8.86237 3.99969
8.89262 4.12234
8.91922 4.24614
8.94212 4.37098
8.96129 4.49676
8.97668 4.62336
8.98828 4.75067
8.99605 4.87858
8.99996 5.00697
9 5.13572
8.99614 5.26471
8.98837 5.39383
8.97668 5.52297
8.96107 5.65199
8.94152 5.78078
8.91804 5.90922
8.89063 6.03719
8.8593 6.16457
8.82405 6.29124
8.78491 6.41708
8.7419 6.54197
8.69502 6.66579
8.64432 6.78842
8.58982 6.90973
8.53154 7.02963
8.46954 7.14797
8.40385 7.26466
8.3345 7.37958
8.26156 7.4926
8.18507 7.60362
8.10509 7.71253
8.02167 7.81922
7.93487 7.92358
7.84477 8.02549
7.75143 8.12487
7.65491 8.2216
7.5553 8.31558
4.77213 4.23748
4.78321 4.22892
4.79472 4.22066
4.80665 4.21269
4.81899 4.20505
4.83174 4.19774
4.84487 4.19079
4.8584 4.1842
4.8723 4.17798
4.88656 4.17217
4.90117 4.16676
4.91612 4.16178
4.9314 4.15723
4.947 4.15314
4.9629 4.14951
4.97909 4.14635
4.99555 4.14368
5.01228 4.14151
5.02925 4.13985
5.04645 4.13872
5.06386 4.13811
5.08148 4.13805
5.09927 4.13854
5.11724 4.13959
5.13535 4.14121
5.1536 4.1434
5.17195 4.14618
5.19041 4.14955
5.20894 4.15352
5.22753 4.1581
5.24617 4.16328
5.26482 4.16908
5.28348 4.1755
5.30212 4.18254
5.32072 4.1902
5.33927 4.19849
5.35774 4.20741
5.37612 4.21697
5.39438 4.22715
5.4125 4.23797
5.43047 4.24941
5.44826 4.26149
5.46585 4.27419
5.48323 4.28752
5.50037 4.30148
5.51725 4.31605
5.53385 4.33123
5.55016 4.34703
5.56614 4.36343
5.58179 4.38043
5.59708 4.39802
5.61199 4.41619
5.6265 4.43494
5.64059 4.45426
5.65425 4.47413
5.66745 4.49455
5.68018 4.51551
5.69241 4.537
5.70413 4.55899
5.71532 4.5815
5.72596 4.60449
5.73604 4.62795
5.74553 4.65188
5.75443 4.67626
5.7627 4.70106
5.77035 4.72629
5.77735 4.75191
5.78369 4.77792
5.78935 4.80429
5.79432 4.83101
5.79858 4.85807
5.80212 4.88543
5.80493 4.91309
5.807 4.94101
5.80831 4.96919
5.80886 4.99761
5.80862 5.02623
5.8076 5.05505
5.80578 5.08403
5.80315 5.11316
5.79971 5.14241
5.79545 5.17176
5.79035 5.2012
5.78442 5.23068
5.77764 5.2602
5.77002 5.28973
5.76155 5.31924
5.75222 5.34871
5.74202 5.37811
5.73097 5.40743
5.71906 5.43663
5.70627 5.46569
5.69263 5.49458
5.67812 5.52329
5.66274 5.55178
5.6465 5.58003
5.62941 5.60801
5.61146 5.6357
5.59265 5.66308
5.573 5.69011
5.5525 5.71678
5.53117 5.74305
5.50901 5.7689
5.48603 5.79432
5.46224 5.81926
5.43764 5.84371
5.41225 5.86765
5.38608 5.89104
5.35913 5.91386
5.33142 5.9361
5.30297 5.95772
5.27378 5.9787
5.24388 5.99902
5.21327 6.01866
5.18197 6.0376
5.15 6.0558
5.11737 6.07325
5.08411 6.08994
5.05022 6.10583
5.01574 6.1209
4.98068 6.13514
4.94505 6.14853
4.90888 6.16105
4.8722 6.17268
4.83502 6.1834
4.79737 6.19319
4.75926 6.20204
4.72073 6.20993
4.6818 6.21684
4.64249 6.22276
4.60283 6.22768
4.56284 6.23158
4.52255 6.23444
4.48199 6.23626
4.44119 6.23702
4.40016 6.23672
4.35894 6.23534
4.31757 6.23287
4.27606 6.2293
4.23444 6.22463
4.19275 6.21884
4.15102 6.21194
4.10927 6.20391
4.06753 6.19475
4.02584 6.18445
3.98423 6.17302
3.94273 6.16045
3.90136 6.14674
3.86017 6.13189
3.81917 6.11589
3.77841 6.09875
3.73792 6.08047
3.69772 6.06105
3.65784 6.0405
3.61833 6.01882
3.57921 5.99602
3.54051 5.97209
3.50226 5.94706
3.4645 5.92092
3.42726 5.89369
3.39057 5.86537
3.35445 5.83598
3.31895 5.80552
3.28408 5.77402
3.24989 5.74147
3.2164 5.7079
3.18364 5.67332
3.15164 5.63775
3.12043 5.60121
3.09004 5.5637
3.0605 5.52525
3.03183 5.48588
3.00407 5.44561
2.97724 5.40445
2.95137 5.36244
2.92648 5.31958
2.9026 5.27592
2.87975 5.23146
2.85797 5.18624
2.83726 5.14027
2.81767 5.09359
2.7992 5.04622
2.78189 4.99819
2.76575 4.94953
2.7508 4.90026
2.73707 4.85042
2.72458 4.80004
2.71333 4.74914
2.70336 4.69776
2.69467 4.64593
2.68729 4.59368
2.68122 4.54104
2.6765 4.48806
2.67311 4.43475
2.67109 4.38116
2.67044 4.32733
2.67118 4.27328
2.67331 4.21905
2.67684 4.16468
2.68179 4.1102
2.68815 4.05566
2.69594 4.00109
2.70516 3.94652
2.71582 3.89199
2.72791 3.83755
2.74145 3.78322
2.75643 3.72905
2.77286 3.67508
2.79073 3.62134
2.81004 3.56788
2.83079 3.51472
2.85297 3.46192
2.87659 3.40951
2.90163 3.35752
2.92809 3.306
2.95596 3.25498
2.98524 3.20451
3.01591 3.15461
3.04796 3.10534
3.08137 3.05673
3.11615 3.00881
3.15227 2.96162
3.18972 2.9152
3.22848 2.86959
3.26853 2.82483
3.30986 2.78094
3.35245 2.73797
3.39627 2.69595
3.44131 2.65492
3.48755 2.61491
3.53496 2.57596
3.58351 2.53809
3.63319 2.50135
3.68397 2.46576
3.73581 2.43136
3.7887 2.39817
3.8426 2.36624
3.89748 2.33558
3.95332 2.30623
4.01008 2.27822
4.06773 2.25157
4.12624 2.22632
4.18557 2.20248
4.24569 2.18008
4.30657 2.15915
4.36816 2.13972
4.43044 2.12179
4.49336 2.10541
4.55688 2.09058
4.62098 2.07733
4.6856 2.06567
4.75071 2.05563
4.81627 2.04722
4.88223 2.04046
4.94856 2.03536
5.01522 2.03194
5.08215 2.0302
5.14933 2.03017
5.21669 2.03186
5.28421 2.03526
5.35184 2.0404
5.41952 2.04727
5.48723 2.05589
5.55491 2.06626
5.62251 2.07838
5.68999 2.09225
5.75732 2.10789
5.82443 2.12528
5.89128 2.14444
5.95783 2.16534
6.02404 2.188
6.08985 2.21241
6.15522 2.23856
6.2201 2.26645
6.28445 2.29606
6.34823 2.3274
6.41137 2.36044
6.47385 2.39517
6.53561 2.43159
6.59662 2.46968
6.65681 2.50942
6.71616 2.5508
6.77461 2.5938
6.83212 2.6384
6.88866 2.68458
6.94416 2.73232
6.9986 2.78159
7.05193 2.83238
7.1041 2.88465
7.15509 2.93839
7.20484 2.99356
7.25331 3.05014
7.30047 3.1081
7.34629 3.1674
7.39071 3.22802
7.4337 3.28993
7.47523 3.35308
7.51527 3.41744
7.55377 3.48299
7.5907 3.54968
7.62603 3.61747
7.65973 3.68634
7.69176 3.75622
7.7221 3.8271
7.75072 3.89892
7.77758 3.97165
7.80267 4.04523
7.82595 4.11964
7.84739 4.19481
7.86698 4.27072
7.8847 4.34731
7.90051 4.42453
7.9144 4.50234
7.92635 4.58069
7.93635 4.65953
7.94436 4.73881
7.95039 4.81849
7.95441 4.89851
7.95641 4.97882
7.95638 5.05937
7.9543 5.14011
7.95017 5.22099
7.94399 5.30196
7.93573 5.38295
7.92541 5.46393
7.913 5.54484
7.89852 5.62561
7.88196 5.70621
7.86332 5.78657
7.84259 5.86665
7.8198 5.94638
7.79492 6.02572
7.76799 6.10461
7.73899 6.18299
7.70794 6.26082
7.67485 6.33804
7.63973 6.4146
7.60259 6.49043
7.56344 6.5655
7.52231 6.63974
7.47921 6.71311
7.43415 6.78554
7.38716 6.857
7.33826 6.92742
7.28746 6.99677
7.2348 7.06497
7.1803 7.132
7.12398 7.19779
7.06587 7.2623
7.00601 7.32548
6.94441 7.38728
6.88112 7.44765
6.81617 7.50655
6.74958 7.56394
6.6814 7.61976
6.61166 7.67398
6.5404 7.72655
6.46767 7.77743
6.39349 7.82657
6.31791 7.87395
6.24097 7.91951
6.16272 7.96322
6.08319 8.00504
6.00245 8.04494
5.92053 8.08288
5.83748 8.11882
5.75334 8.15274
5.66818 8.18461
5.58203 8.21438
5.49496 8.24204
5.40701 8.26756
5.31823 8.2909
5.22868 8.31204
5.13842 8.33097
5.04749 8.34765
4.95596 8.36207
4.86388 8.3742
4.7713 8.38403
4.6783 8.39154
4.58491 8.39671
4.49121 8.39954
4.39726 8.4
4.3031 8.39809
4.20881 8.3938
4.11444 8.38711
4.02005 8.37803
3.9257 8.36654
3.83146 8.35265
3.73739 8.33636
3.64355 8.31765
3.55 8.29654
3.45679 8.27302
3.36401 8.2471
3.27169 8.21879
3.17992 8.18809
3.08874 8.15502
2.99823 8.11958
2.90844 8.08179
2.81943 8.04166
2.73126 7.9992
2.644 7.95444
2.55771 7.90739
2.47244 7.85807
2.38826 7.80651
2.30522 7.75273
2.22338 7.69675
2.1428 7.63859
2.06354 7.5783
1.98566 7.51589
1.9092 7.45141
1.83424 7.38487
1.76081 7.31632
1.68898 7.24579
1.6188 7.17331
1.55032 7.09894
1.48359 7.0227
1.41866 6.94463
1.35559 6.86479
1.29441 6.78321
1.23519 6.69994
1.17795 6.61503
1.12276 6.52852
1.06965 6.44046
1.01867 6.3509
0.969858 6.2599
0.923253 6.16751
0.878896 6.07377
0.836825 5.97875
0.797076 5.88251
0.759685 5.78508
0.724686 5.68655
0.69211 5.58696
0.661989 5.48637
0.634353 5.38485
0.609229 5.28246
0.586643 5.17925
0.566621 5.07529
0.549186 4.97065
0.534359 4.86539
0.522161 4.75958
0.51261 4.65328
0.505723 4.54655
0.501515 4.43947
0.5 4.3321
0.501189 4.2245
0.505093 4.11676
0.51172 4.00893
0.521076 3.90109
0.533166 3.7933
0.547994 3.68563
-6.68541 -3.5035
-9.24533 -1.79655
-8.75534 -4.65758
-4.10195 -5.91158
-4.27438 -3.70746
-3.46691 -9.21633
-8.40458 -0.373255
-6.1373 -2.46035
-3.10302 -6.70542
-6.06453 -1.9597
-2.5582 -7.90974
-6.21247 -3.47618
-2.5926 -6.49003
-5.89605 -4.06149
-7.52552 -2.07352
-6.53975 -3.09922
-4.23712 -6.06282
-4.17528 -6.06626
-1.8684 -8.74162
-5.91211 -5.61813
-0.723134 -6.97908
-7.73503 -6.08465
-6.67019 -2.05184
-2.28108 -7.0671
-9.65405 -0.569611
-4.96626 -6.60875
-6.1142 -3.16802
-5.62198 -6.98933
-1.55896 -8.35306
-7.61547 -2.22019
-9.69355 -2.50363
-1.58475 -8.02527
-6.31884 -1.90719
-2.59457 -7.44124
-2.89789 -9.67213
-6.67005 -3.69523
-7.36484 -6.05781
-8.13508 -3.85925
-5.18124 -7.0033
-5.0642 -4.58297
-5.49042 -5.01121
-3.87628 -5.86632
-4.60698 -7.50106
-3.47546 -4.27965
-5.33709 -2.99514
-4.13952 -5.57233
-4.83919 -5.1471
-5.95357 -2.7483
-2.40395 -9.48481
-5.30918 -2.107
-1.99694 -8.2989
-6.48582 -2.36794
-3.94089 -5.58541
-1.16658 -9.17295
-4.76193 -5.75617
-7.54302 -5.66986
-8.20907 -5.4928
-8.06492 0
-4.91431 -4.34477
-6.13408 -0.818615
-2.76869 -6.48755
-4.68724 -5.04371
-0.956077 -7.00595
-5.03548 -1.31669
-6.14823 -2.91783
-4.32139 -5.43208
-5.95761 -8.0442
-0.444834 -7.63426
-3.94391 -4.07185
-4.2723 -6.43405
-6.96455 -3.8915
-0.99064 -9.27892
-8.76472 -5.2446
-3.84673 -3.91117
-4.58788 -3.70433
-2.79815 -8.33299
-3.88557 -6.09849
-7.46814 -1.17128
-2.26038 -7.26442
-7.73774 -0.498985
-4.42836 -8.99681
-4.96149 -3.87103
-2.43102 -6.11559
-1.30294 -7.3855
-7.84681 -1.10489
-3.03321 -7.09972
-2.26156 -7.29835
-5.2141 -5.85238
-2.97133 -6.58008
-5.92274 -4.05057
-6.80629 -3.98213
-3.3575 -6.07693
-9.02845 -2.53218
-5.059 -2.36943
-3.78573 -5.19046
-1.48739 -7.53343
-9.52187 -0.771159
-4.28165 -5.8523
-4.88415 -5.16341
-5.01269 -5.21394
-5.32254 -3.8787
-4.82999 -4.67557
-3.91936 -6.32795
-6.56049 -7.2852
-3.05637 -7.17793
-0.817477 -7.30439
-1.72051 -8.90685
-0.0731842 -8.29831
-5.98777 -2.87974
-4.01318 -5.54353
-8.26686 -1.11385
-1.74026 -9.23241
-0.195463 -7.26462
-4.91017 -5.98977
-2.10249 -5.86538
-4.4592 -6.57821
-2.50347 -8.82097
-3.09732 -7.91672
-4.51076 -5.45313
-2.29288 -7.75081
-6.1843 -7.26766
-10 -1.07496
-5.24288 -1.24793
-6.6947 -1.89195
-0.66327 -10
-3.85817 -6.88798
-1.92859 -9.49301
-3.79284 -3.57001
-7.85473 -1.64478
-0.668334 -7.78737
-8.96384 -4.25615
-4.61949 -7.12373
-8.30053 -0.853882
-6.71544 -2.52541
-4.32509 -3.25532
-3.93534 -7.19959
-1.62158 -9.18604
-4.87595 -2.58887
-7.09732 -3.50676
-3.32558 -6.74206
-6.34974 -2.05935
-5.94022 -6.30976
-6.73698 -3.24938
-7.41207 -0.886873
-8.26538 -4.53919
-0.690875 -8.6633
-7.57391 -2.15823
-1.98032 -8.62032
-2.61683 -7.5105
-8.39519 -3.00488
-6.65615 -6.39448
-1.19893 -8.87203
-8.46849 -2.17219
-1.87587 -9.6177
-8.93928 -2.02674
-6.59551 -2.7285
-7.04426 -6.20278
-4.16877 -3.08645
-4.94262 -4.56275
-2.87518 -5.21607
-2.66451 -6.47486
-3.31782 -7.36498
-7.279 -2.51582
-8.59033 -0.990115
-5.90512 -5.30404
-5.33124 -2.88176
-1.83964 -7.40706
-9.23787 -1.75332
-6.0375 -4.08158
-3.47177 -5.69694
-2.87679 -5.24943
-6.08508 -7.95689
-8.47974 -1.8788
-7.08425 -3.27022
-3.72455 -6.29617
-4.83992 -5.72501
-0.574728 -5.83938
-4.14167 -1.87464
-1.76568 -8.12294
-5.55978 -5.70408
-3.98085 -7.99376
-4.36588 -4.82341
-4.42466 -5.6859
-1.08383 -8.35597
-1.44745 -5.99645
-3.80926 -6.8498
-5.71477 -8.24489
-5.7391 -5.37644
-7.12921 -1.73871
-6.03068 -6.4138
-3.90071 -4.10593
-4.82464 -5.89383
-6.10833 -4.87516
-4.65285 -5.67077
-3.20507 -7.3693
-4.70814 -4.2204
-2.63906 -8.82364
-4.50284 -5.78315
-8.78093 -1.54956
-5.6384 -4.369
-6.58863 -1.24445
-5.34806 -6.73118
-2.08582 -9.36175
-3.16024 -7.07674
-4.09007 -5.53323
-2.92795 -7.80936
-9.78091 -1.77709
-3.50611 -3.99727
-7.94119 -1.3173
-7.20907 -2.24772
-3.31259 -6.62646
-5.16071 -4.25449
-3.64428 -5.29565
-5.37408 -5.48071
-4.41312 -5.64359
-1.54116 -5.45978
-5.17148 -7.86815
-3.62454 -7.38375
-1.83244 -7.81663
-2.11582 -9.88969
-2.00685 -3.8647
-6.42612 -5.17397
-1.76431 -6.69991
-2.17864 -7.87151
-7.81052 -1.76019
-1.74698 -6.93024
-2.90085 -3.21374
-5.60218 -4.30499
-5.11129 -6.14439
-3.48356 -5.94886
-2.18506 -7.17353
-5.62377 -4.52904
-7.6236 -2.12688
-7.09294 -2.65339
-0.014977 -8.50954
-8.80726 -1.21766
-5.05123 -7.52045
-2.05553 -7.00949
-4.39442 -7.99819
-0.0445179 -8.33127
-5.09045 -6.94316
-8.61052 -0.695197
-5.11493 -4.91555
-7.07942 -3.69496
-5.16031 -5.79671
-4.22761 -5.74655
-7.57039 -5.28511
-6.56639 -4.29922
-1.17903 -7.76522
-2.46962 -5.3749
-9.33286 -2.6805
-5.21723 -6.67352
-7.20491 -1.95572
-7.37383 -0.925503
-7.20641 -1.75139
-2.17461 -6.08294
-7.10675 -2.38902
-6.15621 -4.29794
-2.74954 -7.21281
-4.92942 -8.9038
-0.502068 -7.30294
-7.14518 -1.81992
-1.92084 -7.24209
-3.45544 -5.11697
-1.07759 -6.91506
-7.72726 -3.66681
-4.27932 -6.94914
-0.652619 -9.04764
-4.41159 -3.4358
-8.43685 -0.874722
-1.75436 -8.70137
-4.84867 -6.26638
-7.77048 -1.2361
-3.9932 -6.64537
-6.07055 -2.88983
-7.19706 -0.990933
-5.40921 -7.33222
-7.449 -3.01511
-6.13958 -4.92635
-5.27781 -4.32299
-7.2695 -0.904409
-6.59094 -2.89348
-5.37164 -4.18417
-4.39076 -8.50538
-2.62225 -4.83193
-5.82112 -6.71357
-1.69271 -4.63112
-1.89481 -4.73746
-7.76705 -2.04834
-6.33191 -7.38683
-7.47151 -0.16538
-5.33207 -4.19049
-3.93503 -7.53216
-5.25258 -4.85582
-6.8878 -1.16289
-8.0812 -4.91113
-3.48566 -6.70672
-1.28952 -7.46207
-6.26424 -4.07705
-6.68966 -1.80755
-7.75914 -2.21816
-7.34115 -3.26154
-7.999 -3.45482
-5.66211 -8.3734
-7.42949 -0.988569
-1.11405 -6.21013
-7.29095 -1.99931
-3.51367 -6.96946
-3.57062 -5.38297
-1.67924 -4.51109
-1.64395 -7.31837
-2.72798 -8.00042
-0.407847 -8.49521
0 -8.45278
-3.64226 -4.89846
-6.28633 -3.51618
-3.96033 -9.48546
-4.69298 -6.20072
-7.36163 -6.48229
-8.57638 -4.44325
-8.72297 -1.54442
-7.79283 -1.3339
-3.03979 -6.9096
-7.0243 -2.9321
-7.10545 -3.94312
-6.20991 -5.00789
-8.30175 -5.69039
-4.5438 -5.80084
-0.724139 -8.5271
-1.6933 -8.54074
-1.48067 -7.55382
-1.2516 -9.23516
-4.51929 -6.99471
-0.267137 -7.70131
-6.95314 -2.64972
-1.40398 -8.02694
-7.16089 -2.66381
-8.63005 -0.51029
-3.8085 -2.9528
-5.02972 -4.04064
-6.89676 -4.03104
-5.10163 -4.37735
-7.50358 -6.59852
-8.13148 -2.18701
-1.15063 -8.13726
-3.66899 -6.49952
-6.78225 -3.02463
-8.20318 -2.73566
-2.82366 -8.17663
-4.80261 -4.75205
-6.91135 -1.04763
-3.28066 -6.08711
-1.02047 -7.55425
-2.12364 -6.51289
-6.11667 -3.80804
-8.25782 -2.26655
-6.73491 -6.44301
-6.81918 -2.56437
-7.07095 -7.22547
-1.38029 -9.14826
-8.98632 -0.899075
-4.86247 -7.3566
-3.13113 -7.09313
-9.98009 -2.24602
-3.71546 -2.12668
-4.9524 -4.5105
-8.21957 -2.50546
-8.00482 -2.432
-2.59347 -6.76712
-7.87071 -1.91329
-0.889157 -9.84421
-1.35012 -5.31527
-6.77826 -3.55746
-4.95214 -8.52981
-2.72116 -7.31643
-6.26201 -2.8513
-3.73435 -6.30091
-4.02923 -5.39775
-2.84744 -7.98692
-6.89706 -3.1676
-7.44879 -4.51794
-4.41027 -4.14156
-2.59788 -4.84454
-3.72537 -5.69806
-6.8131 -2.26029
-8.49882 -1.16409
-3.10902 -8.48706
-6.29707 -2.78837
-8.67091 -0.884463
-3.75678 -8.52816
-4.56759 -5.79974
-3.47668 -4.33007
-5.93606 -4.01778
-6.01571 -3.59536
-4.30717 -7.23424
-2.52509 -9.40892
-0.628488 -7.63853
-9.60162 -2.21801
-9.1774 -2.02287
-5.23702 -3.87943
-5.2918 -5.73588
-1.61079 -8.306
-4.46806 -8.34874
-3.68836 -7.22786
-4.74106 -4.92629
-9.58538 -3.02136
-2.48625 -5.21147
-2.80647 -8.09029
-6.16645 -2.30178
-5.2057 -5.464
-8.30974 -1.02284
-6.994 -3.65001
-5.81788 -5.16893
-7.24253 -6.27667
-6.1809 -1.52641
-4.53403 -6.58761
-7.28642 -2.48581
-2.15875 -7.44531
-1.71113 -5.94118
-3.86908 -6.10978
-0.994349 -9.20942
-6.88937 -3.40039
-4.07691 -6.97467
-6.34376 -5.26635
-2.46529 -5.76099
-7.17942 -4.37544
-3.35092 -6.52182
-8.11685 -0.226791
-6.70048 -5.63149
-3.37835 -6.51311
-4.00852 -3.41875
-2.19668 -7.26825
-1.8304 -9.17112
-7.45299 -3.90098
-8.31974 -2.47902
-4.65141 -6.38268
-7.49641 -6.13354
-6.29458 -3.19924
-1.55202 -8.06068
-1.29302 -5.85802
-8.93247 -0.942884
-6.40132 -2.44764
-4.21037 -5.13222
-1.27712 -6.71525
-5.67776 -1.8989
-3.74291 -7.08672
-1.3998 -7.3741
-3.03483 -5.96933
-4.99778 -4.95663
-7.34753 -5.15008
-0.318312109393355 0.585683297180044
-1.20398477515154 -0.0650759219088943
-0.918283915229548 -1.23644251626898
0.395940040411634 -1.54013015184382
0.73878107231803 0.281995661605206
3.167238381655 0.498915401301518
6.42422818476575 0.15184381778742
8.02415300032893 -0.802603036876356
4.52832775097961 -4.6831955922865
5.83353809148163 8.48484848484848
2.64127665627788 9.55922865013774
0.313913639479095 9.64187327823691
0.172384807376465 8.78787878787879
-9.67173173665085 8.56749311294766
-9.45157577560231 9.44903581267218
-9.02698927929442 7.98898071625344
-9.53020290454822 -8.7603305785124
-8.97981300192688 -6.96969696969697
-7.02986020406844 -9.75206611570248
-9.64582702898989 0.289687137891077
-9.09386915209102 0.498261877172654
-9.58449837600113 2.58400926998841
-9.44957533942585 3.62688296639629
-9.81754725735843 4.27578215527231
-9.6703584901854 6.94090382387022
-9.24105791926406 6.1297798377752
-9.89114164094495 8.74855156431054
-8.32112812443261 9.79142526071842
-2.64209485767314 9.81460023174971
1.25840747241219 2.88528389339513
1.9820855776796 3.53418308227115
2.09247715305937 5.06373117033604
1.18481308882568 5.8053302433372
4.17765135467732 3.97450753186559
3.26998729044362 -4.29895712630359
1.88395973289758 -4.02085747392816
1.78583388811556 -8.58632676709154
0.792309709697593 -7.8215527230591
0.841372632088603 -8.86442641946698
2.73029514414251 -9.00347624565469
6.27509128689302 -9.46697566628042
7.89416772579636 -9.21205098493627
8.42159414149973 -8.19235225955968
8.2744053743267 -7.21900347624565
7.39127277128851 -5.01738122827346
7.48939861607053 -3.55735805330243
8.42159414149973 -2.12050984936269
8.63011156166152 0.915411355735806
8.23760818253344 1.77288528389339
8.89995763481208 3.41830822711472
8.58104863927051 7.75202780996524
7.8083076116121 9.81460023174971
5.68633621820089 9.69872537659328
4.32484012185035 9.79142526071842
8.92448909600759 9.62920046349942
-0.495592003066433 5.94438006952491
0.976295668663882 4.60023174971031
-5.57360447053602 9.76825028968714
-8.44378543041014 9.90730011587486
-9.41277814763259 9.74507531865585
-2.14306905530026 0.952380952380953
-1.60066804286263 -2.60770975056689
-0.1879026151181 -4.12698412698413
-1.29793259406023 2.53968253968254
1.56544019252912 8.36734693877551
-1.14656486965903 9.34240362811791
4.58018070351967 -0.0226757369614514
-8.12209416914762 -8.16326530612245
-9.78713913756081 -5.01133786848072
-3.20264312610865 -0.430839002267573
-1.08349498449186 -2.94784580498866
2.54933040113692 -6.80634201585504
6.49750521260153 9.52434881087203
