1000 2
-0.303573 0.72294
-0.288011 0.692245
-0.306319 0.708402
-0.30449 0.714163
-0.288526 0.693369
-0.294865 0.703397
-0.309865 0.695185
-0.319757 0.703903
-0.320183 0.712842
-0.300677 0.709206
-0.290033 0.708696
-0.303806 0.688634
-0.290896 0.690484
-0.304622 0.708063
-0.299449 0.696423
-0.292722 0.7104
-0.293923 0.69326
-0.290385 0.70271
-0.299496 0.690104
-0.300396 0.692989
-0.297952 0.692667
-0.302485 0.687109
-0.298512 0.713972
-0.282786 0.715323
-0.308774 0.676755
-0.286396 0.688547
-0.293849 0.69611
-0.299035 0.687182
-0.302777 0.709995
-0.304291 0.699998
-0.30332 0.694839
-0.289463 0.690954
-0.276427 0.708997
-0.292006 0.698943
-0.286314 0.700978
-0.301345 0.704031
-0.303253 0.707465
-0.293208 0.713635
-0.306256 0.68532
-0.278615 0.688666
-0.305058 0.687448
-0.3168 0.694762
-0.289905 0.697302
-0.277335 0.703676
-0.310765 0.708563
-0.323308 0.698937
-0.309364 0.690528
-0.297304 0.703368
-0.307129 0.686391
-0.29482 0.69232
-0.307086 0.688725
-0.307592 0.691745
-0.283758 0.706381
-0.315654 0.710587
-0.319522 0.730134
-0.30737 0.699369
-0.301092 0.697099
-0.30471 0.7013
-0.300737 0.691204
-0.296826 0.694491
-0.311499 0.694623
-0.283872 0.701807
-0.290547 0.702444
-0.311048 0.695832
-0.301703 0.694328
-0.289681 0.684412
-0.297744 0.71666
-0.296482 0.703148
-0.30161 0.69184
-0.290471 0.697024
-0.306872 0.712757
-0.306746 0.702967
-0.281541 0.712407
-0.327675 0.701506
-0.30725 0.709069
-0.309459 0.691275
-0.291862 0.69533
-0.310322 0.694677
-0.289503 0.671557
-0.305605 0.705278
-0.300938 0.698398
-0.307459 0.684429
-0.289959 0.697713
-0.297282 0.699661
-0.31112 0.703197
-0.291157 0.691685
-0.298479 0.691335
-0.293348 0.693741
-0.283203 0.713748
-0.302485 0.694455
-0.315539 0.691744
-0.291941 0.699007
-0.287037 0.683256
-0.295975 0.698592
-0.303164 0.69983
-0.28582 0.704174
-0.288296 0.701021
-0.286246 0.686573
-0.305035 0.682667
-0.294259 0.687549
-0.695796 0.707476
-0.698457 0.701812
-0.704339 0.707868
-0.696362 0.708925
-0.703472 0.68771
-0.700099 0.701863
-0.707088 0.706239
-0.706857 0.698315
-0.706125 0.690026
-0.699551 0.704458
-0.709911 0.702762
-0.702642 0.716823
-0.696562 0.694523
-0.698808 0.697819
-0.684172 0.701984
-0.679263 0.710624
-0.701009 0.680438
-0.709871 0.704423
-0.68986 0.723268
-0.68838 0.714437
-0.688767 0.702447
-0.692953 0.687318
-0.718011 0.714956
-0.699515 0.699965
-0.688876 0.710562
-0.685738 0.716134
-0.718918 0.692102
-0.690244 0.704342
-0.690651 0.705796
-0.711385 0.695465
-0.689472 0.69129
-0.707263 0.670364
-0.707401 0.698341
-0.697373 0.704374
-0.680599 0.689916
-0.686742 0.694207
-0.694588 0.674561
-0.70611 0.695772
-0.696151 0.71046
-0.686996 0.694051
-0.709887 0.709621
-0.700556 0.702843
-0.69557 0.700643
-0.701102 0.699691
-0.7026 0.713231
-0.69958 0.693732
-0.694688 0.703253
-0.696403 0.690443
-0.720125 0.700513
-0.69281 0.671217
-0.702007 0.695527
-0.71261 0.692958
-0.683527 0.704017
-0.693408 0.701956
-0.677212 0.697515
-0.708922 0.680554
-0.686939 0.713583
-0.699401 0.716429
-0.708285 0.683945
-0.715537 0.69027
-0.714595 0.690679
-0.700934 0.686178
-0.702149 0.701982
-0.713426 0.71514
-0.686651 0.687191
-0.680677 0.707335
-0.701078 0.701597
-0.69901 0.691104
-0.700348 0.708316
-0.693987 0.693785
-0.691646 0.688262
-0.676323 0.706217
-0.679931 0.710663
-0.700114 0.702565
-0.691608 0.706249
-0.696205 0.704334
-0.713247 0.697121
-0.694061 0.702221
-0.707389 0.704285
-0.703769 0.677359
-0.711398 0.70085
-0.688285 0.685245
-0.690117 0.695584
-0.700523 0.712861
-0.695307 0.688355
-0.696159 0.718269
-0.707802 0.71245
-0.689422 0.695016
-0.707659 0.69583
-0.702882 0.713117
-0.690146 0.716513
-0.699291 0.690809
-0.698048 0.706112
-0.684413 0.691664
-0.690594 0.711957
-0.672147 0.696348
-0.694008 0.686447
-0.696112 0.704693
-0.706902 0.685253
-0.681826 0.692043
-0.700771 0.695125
-0.694646 0.711648
-0.711519 0.701898
-0.700631 0.707299
-0.704858 0.70532
-0.704252 0.707857
-0.709769 0.691018
-0.707728 0.681694
-0.697314 0.722815
-0.703217 0.726148
-0.699609 0.700033
-0.698662 0.701229
-0.694046 0.688845
-0.697815 0.706674
-0.697691 0.701581
-0.692211 0.709395
-0.689038 0.694791
-0.688815 0.695316
-0.687273 0.692206
-0.702674 0.695082
-0.715997 0.702822
-0.692215 0.701663
-0.693944 0.725686
-0.686007 0.716011
-0.693887 0.695225
-0.695964 0.692506
-0.708358 0.697868
-0.712203 0.697073
-0.693622 0.688038
-0.708184 0.705992
-0.693969 0.719482
-0.696456 0.692041
-0.705248 0.699204
-0.702719 0.710516
-0.701153 0.686116
-0.713378 0.694725
-0.695906 0.702616
-0.704628 0.691699
-0.685236 0.70279
-0.686336 0.700349
-0.690032 0.699209
-0.692084 0.708898
-0.683772 0.691922
-0.68933 0.700239
-0.693021 0.714812
-0.692257 0.696192
-0.682481 0.701617
-0.709276 0.690039
-0.689124 0.710167
-0.697288 0.711719
-0.699976 0.698973
-0.704906 0.686316
-0.710709 0.693576
-0.692302 0.702523
-0.696504 0.703167
-0.695324 0.718386
-0.683635 0.700119
-0.686811 0.689725
-0.689471 0.697663
-0.690983 0.693194
-0.691409 0.696589
-0.694178 0.709129
-0.708855 0.678431
-0.689195 0.707725
-0.717054 0.710076
-0.677237 0.719436
-0.706305 0.710437
-0.701841 0.688825
-0.712073 0.698897
-0.704638 0.695144
-0.698123 0.697147
-0.713378 0.68984
-0.683399 0.700162
-0.708612 0.691506
-0.690758 0.700056
-0.70048 0.693067
-0.719796 0.697953
-0.701869 0.697552
-0.692648 0.714566
-0.70941 0.707058
-0.69675 0.707505
-0.702405 0.698388
-0.705326 0.686451
-0.712187 0.703373
-0.699127 0.685272
-0.700117 0.72518
-0.704074 0.69972
-0.702115 0.697876
-0.712377 0.675436
-0.717269 0.701383
-0.693102 0.689592
-0.695909 0.697488
-0.71398 0.700175
-0.704503 0.70263
-0.696117 0.699294
-0.715961 0.720496
-0.690681 0.686274
-0.697907 0.699564
-0.698619 0.694454
-0.693388 0.687934
0 0.5
-0.000109658 0.510471
-0.000438585 0.520938
-0.000986636 0.531395
-0.00175357 0.541839
-0.00273905 0.552264
-0.00394265 0.562667
-0.00536383 0.573042
-0.00700198 0.583384
-0.00885637 0.593691
-0.0109262 0.603956
-0.0132105 0.614175
-0.0157084 0.624345
-0.0184187 0.63446
-0.0213403 0.644516
-0.0244717 0.654508
-0.0278118 0.664433
-0.031359 0.674286
-0.0351118 0.684062
-0.0390684 0.693758
-0.0432273 0.703368
-0.0475865 0.71289
-0.0521441 0.722318
-0.0568982 0.731648
-0.0618467 0.740877
-0.0669873 0.75
-0.0723179 0.759014
-0.077836 0.767913
-0.0835394 0.776696
-0.0894254 0.785357
-0.0954915 0.793893
-0.101735 0.8023
-0.108153 0.810574
-0.114743 0.818712
-0.121502 0.82671
-0.128428 0.834565
-0.135516 0.842274
-0.142764 0.849832
-0.150168 0.857236
-0.157726 0.864484
-0.165435 0.871572
-0.17329 0.878498
-0.181288 0.885257
-0.189426 0.891847
-0.1977 0.898265
-0.206107 0.904508
-0.214643 0.910575
-0.223304 0.916461
-0.232087 0.922164
-0.240986 0.927682
-0.25 0.933013
-0.259123 0.938153
-0.268352 0.943102
-0.277682 0.947856
-0.28711 0.952414
-0.296632 0.956773
-0.306242 0.960932
-0.315938 0.964888
-0.325714 0.968641
-0.335567 0.972188
-0.345492 0.975528
-0.355484 0.97866
-0.36554 0.981581
-0.375655 0.984292
-0.385825 0.986789
-0.396044 0.989074
-0.406309 0.991144
-0.416616 0.992998
-0.426958 0.994636
-0.437333 0.996057
-0.447736 0.997261
-0.458161 0.998246
-0.468605 0.999013
-0.479062 0.999561
-0.489529 0.99989
-0.5 1
-0.510471 0.99989
-0.520938 0.999561
-0.531395 0.999013
-0.541839 0.998246
-0.552264 0.997261
-0.562667 0.996057
-0.573042 0.994636
-0.583384 0.992998
-0.593691 0.991144
-0.603956 0.989074
-0.614175 0.986789
-0.624345 0.984292
-0.63446 0.981581
-0.644516 0.97866
-0.654508 0.975528
-0.664433 0.972188
-0.674286 0.968641
-0.684062 0.964888
-0.693758 0.960932
-0.703368 0.956773
-0.71289 0.952414
-0.722318 0.947856
-0.731648 0.943102
-0.740877 0.938153
-0.75 0.933013
-0.759014 0.927682
-0.767913 0.922164
-0.776696 0.916461
-0.785357 0.910575
-0.793893 0.904508
-0.8023 0.898265
-0.810574 0.891847
-0.818712 0.885257
-0.82671 0.878498
-0.834565 0.871572
-0.842274 0.864484
-0.849832 0.857236
-0.857236 0.849832
-0.864484 0.842274
-0.871572 0.834565
-0.878498 0.82671
-0.885257 0.818712
-0.891847 0.810574
-0.898265 0.8023
-0.904508 0.793893
-0.910575 0.785357
-0.916461 0.776696
-0.922164 0.767913
-0.927682 0.759014
-0.933013 0.75
-0.938153 0.740877
-0.943102 0.731648
-0.947856 0.722318
-0.952414 0.71289
-0.956773 0.703368
-0.960932 0.693758
-0.964888 0.684062
-0.968641 0.674286
-0.972188 0.664433
-0.975528 0.654508
-0.97866 0.644516
-0.981581 0.63446
-0.984292 0.624345
-0.986789 0.614175
-0.989074 0.603956
-0.991144 0.593691
-0.992998 0.583384
-0.994636 0.573042
-0.996057 0.562667
-0.997261 0.552264
-0.998246 0.541839
-0.999013 0.531395
-0.999561 0.520938
-0.99989 0.510471
-1 0.5
-0.99989 0.489529
-0.999561 0.479062
-0.999013 0.468605
-0.998246 0.458161
-0.997261 0.447736
-0.996057 0.437333
-0.994636 0.426958
-0.992998 0.416616
-0.991144 0.406309
-0.989074 0.396044
-0.986789 0.385825
-0.984292 0.375655
-0.981581 0.36554
-0.97866 0.355484
-0.975528 0.345492
-0.972188 0.335567
-0.968641 0.325714
-0.964888 0.315938
-0.960932 0.306242
-0.956773 0.296632
-0.952414 0.28711
-0.947856 0.277682
-0.943102 0.268352
-0.938153 0.259123
-0.933013 0.25
-0.927682 0.240986
-0.922164 0.232087
-0.916461 0.223304
-0.910575 0.214643
-0.904508 0.206107
-0.898265 0.1977
-0.891847 0.189426
-0.885257 0.181288
-0.878498 0.17329
-0.871572 0.165435
-0.864484 0.157726
-0.857236 0.150168
-0.849832 0.142764
-0.842274 0.135516
-0.834565 0.128428
-0.82671 0.121502
-0.818712 0.114743
-0.810574 0.108153
-0.8023 0.101735
-0.793893 0.0954915
-0.785357 0.0894254
-0.776696 0.0835394
-0.767913 0.077836
-0.759014 0.0723179
-0.75 0.0669873
-0.740877 0.0618467
-0.731648 0.0568982
-0.722318 0.0521441
-0.71289 0.0475865
-0.703368 0.0432273
-0.693758 0.0390684
-0.684062 0.0351118
-0.674286 0.031359
-0.664433 0.0278118
-0.654508 0.0244717
-0.644516 0.0213403
-0.63446 0.0184187
-0.624345 0.0157084
-0.614175 0.0132105
-0.603956 0.0109262
-0.593691 0.00885637
-0.583384 0.00700198
-0.573042 0.00536383
-0.562667 0.00394265
-0.552264 0.00273905
-0.541839 0.00175357
-0.531395 0.000986636
-0.520938 0.000438585
-0.510471 0.000109658
-0.5 0
-0.489529 0.000109658
-0.479062 0.000438585
-0.468605 0.000986636
-0.458161 0.00175357
-0.447736 0.00273905
-0.437333 0.00394265
-0.426958 0.00536383
-0.416616 0.00700198
-0.406309 0.00885637
-0.396044 0.0109262
-0.385825 0.0132105
-0.375655 0.0157084
-0.36554 0.0184187
-0.355484 0.0213403
-0.345492 0.0244717
-0.335567 0.0278118
-0.325714 0.031359
-0.315938 0.0351118
-0.306242 0.0390684
-0.296632 0.0432273
-0.28711 0.0475865
-0.277682 0.0521441
-0.268352 0.0568982
-0.259123 0.0618467
-0.25 0.0669873
-0.240986 0.0723179
-0.232087 0.077836
-0.223304 0.0835394
-0.214643 0.0894254
-0.206107 0.0954915
-0.1977 0.101735
-0.189426 0.108153
-0.181288 0.114743
-0.17329 0.121502
-0.165435 0.128428
-0.157726 0.135516
-0.150168 0.142764
-0.142764 0.150168
-0.135516 0.157726
-0.128428 0.165435
-0.121502 0.17329
-0.114743 0.181288
-0.108153 0.189426
-0.101735 0.1977
-0.0954915 0.206107
-0.0894254 0.214643
-0.0835394 0.223304
-0.077836 0.232087
-0.0723179 0.240986
-0.0669873 0.25
-0.0618467 0.259123
-0.0568982 0.268352
-0.0521441 0.277682
-0.0475865 0.28711
-0.0432273 0.296632
-0.0390684 0.306242
-0.0351118 0.315938
-0.031359 0.325714
-0.0278118 0.335567
-0.0244717 0.345492
-0.0213403 0.355484
-0.0184187 0.36554
-0.0157084 0.375655
-0.0132105 0.385825
-0.0109262 0.396044
-0.00885637 0.406309
-0.00700198 0.416616
-0.00536383 0.426958
-0.00394265 0.437333
-0.00273905 0.447736
-0.00175357 0.458161
-0.000986636 0.468605
-0.000438585 0.479062
-0.000109658 0.489529
-0.667414 0.362385
-0.701544 0.305614
-0.673471 0.349529
-0.675296 0.334847
-0.680585 0.360931
-0.679522 0.376892
-0.662635 0.29905
-0.668805 0.336469
-0.628464 0.341836
-0.641046 0.322889
-0.642382 0.340053
-0.603975 0.294144
-0.683554 0.279752
-0.609556 0.298836
-0.665901 0.375851
-0.635588 0.28298
-0.646751 0.326823
-0.647692 0.331122
-0.620833 0.326206
-0.650084 0.326619
-0.662874 0.324412
-0.663612 0.343233
-0.6104 0.349983
-0.679984 0.365745
-0.667872 0.295272
-0.656941 0.332424
-0.646892 0.303772
-0.672681 0.288032
-0.633659 0.29732
-0.627648 0.34448
-0.6585 0.282562
-0.619115 0.362657
-0.634834 0.352731
-0.594292 0.265277
-0.627558 0.340632
-0.591398 0.321382
-0.636869 0.283472
-0.672312 0.336724
-0.610274 0.305169
-0.652519 0.333118
-0.583187 0.300301
-0.670137 0.291565
-0.590642 0.276583
-0.648157 0.295414
-0.666019 0.300782
-0.640394 0.256748
-0.664351 0.255609
-0.605024 0.344497
-0.641154 0.264447
-0.579407 0.334815
-0.611621 0.277022
-0.599272 0.340304
-0.656783 0.322654
-0.596976 0.337093
-0.572105 0.32725
-0.637444 0.315852
-0.599531 0.321705
-0.580369 0.334412
-0.627941 0.306152
-0.581369 0.32105
-0.559001 0.304494
-0.620791 0.295753
-0.623437 0.273544
-0.645599 0.322739
-0.640186 0.281268
-0.627751 0.308374
-0.619933 0.305571
-0.550306 0.275373
-0.566364 0.315221
-0.608895 0.270652
-0.587449 0.258597
-0.601226 0.308231
-0.545929 0.253571
-0.642937 0.277022
-0.598668 0.303942
-0.616618 0.261057
-0.618674 0.329558
-0.621408 0.256931
-0.631032 0.258633
-0.571413 0.278813
-0.611822 0.300005
-0.612218 0.288189
-0.535993 0.309409
-0.615776 0.269401
-0.616402 0.285013
-0.579746 0.251872
-0.588256 0.296392
-0.538472 0.244681
-0.607673 0.284774
-0.596289 0.286494
-0.598914 0.300955
-0.618777 0.260421
-0.622582 0.280519
-0.546001 0.32151
-0.603832 0.258711
-0.531344 0.242469
-0.529029 0.300753
-0.559683 0.297459
-0.582479 0.250886
-0.573754 0.240898
-0.554928 0.275054
-0.580738 0.271914
-0.517203 0.277793
-0.545653 0.243646
-0.554264 0.221984
-0.593993 0.279578
-0.560047 0.262389
-0.581441 0.300506
-0.535617 0.260625
-0.579778 0.312445
-0.57222 0.273339
-0.534479 0.294478
-0.535193 0.285172
-0.50259 0.287607
-0.499752 0.226551
-0.575699 0.282691
-0.50989 0.312828
-0.533782 0.314593
-0.501691 0.304661
-0.514215 0.220709
-0.574188 0.226894
-0.554705 0.24336
-0.530622 0.232853
-0.509867 0.267013
-0.562226 0.265619
-0.524066 0.27181
-0.491949 0.218024
-0.561882 0.26267
-0.554928 0.243968
-0.51502 0.24849
-0.521932 0.233603
-0.51084 0.289782
-0.481828 0.29841
-0.505914 0.283181
-0.564659 0.221876
-0.519137 0.260313
-0.566792 0.252675
-0.476635 0.228893
-0.479684 0.279367
-0.551265 0.294667
-0.478122 0.266284
-0.541186 0.289949
-0.531271 0.240443
-0.556994 0.222508
-0.467825 0.279401
-0.500917 0.26306
-0.561297 0.214062
-0.557303 0.268353
-0.467808 0.233847
-0.55803 0.272062
-0.492032 0.283545
-0.490909 0.240757
-0.507454 0.228255
-0.489096 0.299133
-0.467842 0.245013
-0.459521 0.225258
-0.462964 0.258582
-0.545971 0.235052
-0.546 0.223045
-0.451831 0.293148
-0.525117 0.217997
-0.542016 0.227882
-0.453104 0.298631
-0.482805 0.232624
-0.461067 0.293993
-0.495786 0.263216
-0.522221 0.244579
-0.471495 0.269375
-0.5335 0.213401
-0.471587 0.234328
-0.500433 0.264746
-0.493009 0.267978
-0.495665 0.25236
-0.461747 0.222494
-0.487605 0.23503
-0.442709 0.298279
-0.43131 0.277638
-0.441426 0.236247
-0.474485 0.299232
-0.435028 0.227511
-0.486622 0.248532
-0.489285 0.244212
-0.486431 0.258634
-0.448192 0.29013
-0.43251 0.201934
-0.462052 0.229563
-0.49339 0.260362
-0.431382 0.247619
-0.450226 0.268418
-0.41653 0.215359
-0.472499 0.267539
-0.470464 0.2815
-0.48634 0.25783
-0.442381 0.285861
-0.449786 0.242244
-0.417777 0.224594
-0.418739 0.259585
-0.486605 0.232803
-0.430853 0.261017
-0.447535 0.285216
-0.418983 0.24611
-0.424912 0.209197
-0.45493 0.297714
-0.468328 0.206431
-0.465415 0.270144
-0.405843 0.295262
-0.489374 0.297212
-0.451733 0.238337
-0.45923 0.248704
-0.401578 0.213173
-0.435342 0.259119
-0.464966 0.281376
-0.404757 0.234993
-0.459771 0.244253
-0.388924 0.295405
-0.432316 0.240862
-0.464249 0.279377
-0.43586 0.246549
-0.45655 0.25804
-0.398053 0.26097
-0.378073 0.224565
-0.455819 0.222302
-0.384916 0.258186
-0.446343 0.227426
-0.373575 0.214425
-0.403972 0.227044
-0.427378 0.249971
-0.458511 0.202274
-0.465258 0.214533
-0.459576 0.232266
-0.428662 0.240048
-0.42201 0.284647
-0.412659 0.296772
-0.379968 0.295985
-0.423615 0.290929
-0.387893 0.254304
-0.414822 0.248881
-0.42129 0.239805
-0.386083 0.279645
-0.40349 0.25401
-0.418751 0.295714
-0.358467 0.239426
-0.430848 0.298804
-0.377985 0.231722
-0.406481 0.294918
-0.44234 0.21335
-0.391048 0.294012
-0.429148 0.278429
-0.432526 0.252533
-0.425887 0.289668
-0.345284 0.247223
-0.343064 0.252348
-0.407172 0.286956
-0.432824 0.272818
-0.390658 0.294774
-0.418407 0.268993
-0.417644 0.261206
-0.371993 0.213418
-0.409861 0.265833
-0.398878 0.26965
-0.357525 0.23783
-0.331547 0.296714
-0.424787 0.287444
-0.369327 0.299378
-0.406024 0.248776
-0.355492 0.276097
-0.324172 0.22013
-0.400992 0.267239
-0.351399 0.266628
-0.408745 0.27694
-0.347859 0.222471
-0.359227 0.214204
-0.400809 0.214045
-0.363192 0.241395
-0.350327 0.279424
-0.333664 0.269607
-0.33673 0.21881
-0.372011 0.222646
-0.350871 0.232455
-0.321041 0.224908
-0.375279 0.307006
-0.331404 0.298696
-0.360444 0.23164
-0.394592 0.224751
-0.372155 0.287083
-0.338859 0.272
-0.392068 0.289031
-0.368103 0.306552
-0.398219 0.30011
-0.340837 0.310482
-0.35974 0.310764
-0.330751 0.274309
-0.323676 0.24474
-0.349289 0.257715
-0.313709 0.260494
-0.304528 0.315507
-0.38192 0.273679
-0.347538 0.237931
-0.386363 0.244393
-0.366004 0.267668
-0.361 0.270521
-0.33875 0.246909
-0.305911 0.229716
-0.343075 0.298174
-0.330845 0.256438
-0.310684 0.24429
-0.289911 0.258238
-0.327154 0.320842
-0.281099 0.297851
-0.310107 0.22859
-0.360957 0.306883
-0.348166 0.305815
-0.320671 0.288095
-0.333521 0.323349
-0.282567 0.2452
-0.363203 0.256464
-0.356081 0.260465
-0.280527 0.233512
-0.326879 0.2711
-0.308714 0.264841
-0.2811 0.311617
-0.266036 0.277376
-0.286688 0.293092
-0.341871 0.280737
-0.346862 0.276525
-0.272076 0.3203
-0.33195 0.276848
-0.302316 0.331798
-0.29206 0.330638
-0.30229 0.260621
-0.350378 0.266252
-0.337238 0.242231
-0.27991 0.33535
-0.297265 0.279934
-0.314011 0.292027
-0.280655 0.291333
-0.318891 0.309504
-0.260658 0.305409
-0.305537 0.335973
-0.297796 0.290623
-0.326312 0.322041
-0.301993 0.292632
-0.249518 0.325532
-0.257256 0.298282
-0.258225 0.263764
-0.271288 0.319143
-0.253857 0.33372
-0.260739 0.255279
-0.295523 0.258687
-0.255648 0.31934
-0.266014 0.306839
-0.330262 0.25728
-0.305735 0.283544
-0.290329 0.351927
-0.234873 0.299984
-0.261351 0.310683
-0.228989 0.297221
-0.243633 0.297402
-0.313699 0.266421
-0.298322 0.325878
-0.238749 0.323066
-0.306466 0.314083
-0.246477 0.30348
-0.291348 0.348241
-0.292366 0.278817
-0.255307 0.325486
-0.301958 0.303964
-0.305453 0.348747
-0.271656 0.307122
-0.270601 0.311359
-0.229511 0.343546
-0.286005 0.326595
-0.277176 0.326441
-0.309144 0.320417
-0.261855 0.333281
-0.224081 0.367515
-0.290595 0.285569
-0.244475 0.284154
-0.282819 0.367902
-0.226635 0.317732
-0.206905 0.343238
-0.263231 0.334584
-0.297466 0.368955
-0.262283 0.356869
-0.212353 0.363059
-0.238849 0.311079
-0.28196 0.280188
-0.247541 0.330463
-0.209333 0.326958
-0.220585 0.286633
-0.222917 0.329998
-0.290895 0.306932
-0.22356 0.350008
-0.275988 0.290358
-0.290609 0.308857
-0.228948 0.338647
-0.229365 0.286116
-0.271997 0.380263
-0.246878 0.315587
-0.220314 0.289675
