1500 2
15.464 19.4409
17.7983 14.8367
15.0522 17.2602
15.3265 18.1245
17.7211 15.0053
16.7703 16.5096
14.5202 15.2777
13.0365 16.5854
12.9726 17.9263
15.8985 17.3809
17.4951 17.3044
15.429 14.2952
17.3656 14.5727
15.3067 17.2094
16.0827 15.4634
17.0917 17.56
16.9116 14.989
17.4422 16.4065
16.0756 14.5156
15.9407 14.9483
16.3072 14.9
15.6273 14.0664
16.2231 18.0958
18.582 18.2984
14.6839 12.5133
18.0406 14.282
16.9226 15.4166
16.1448 14.0772
15.5834 17.4993
15.3563 15.9997
15.502 15.2259
17.5806 14.6431
19.5359 17.3495
17.1991 15.8414
18.0528 16.1468
15.7983 16.6047
15.512 17.1197
17.0188 18.0452
15.0616 13.7979
19.2077 14.2998
15.2413 14.1172
13.48 15.2144
17.5143 15.5952
19.3998 16.5515
14.3853 17.2844
12.5038 15.8406
14.5953 14.5792
16.4044 16.5052
14.9307 13.9586
16.777 14.848
14.9371 14.3088
14.8611 14.7618
18.4363 16.9572
13.6519 17.5881
13.0717 20.5201
14.8945 15.9053
15.8362 15.5648
15.2934 16.1949
15.8895 14.6806
16.476 15.1737
14.2752 15.1935
18.4192 16.271
17.4179 16.3666
14.3428 15.3748
15.7446 15.1492
17.5479 13.6618
16.3384 18.499
16.5278 16.4721
15.7585 14.776
17.4294 15.5536
14.9692 17.9135
14.9882 16.445
18.7688 17.8611
11.8488 16.2259
14.9125 17.3603
14.5812 14.6913
17.2207 15.2994
14.4517 15.2015
17.5746 11.7335
15.1593 16.7917
15.8593 15.7597
14.8812 13.6643
17.5061 15.6569
16.4077 15.9492
14.3321 16.4796
17.3265 14.7527
16.2282 14.7003
16.9978 15.0612
18.5195 18.0621
15.6272 15.1682
13.6691 14.7616
17.2089 15.851
17.9445 13.4884
16.6038 15.7889
15.5254 15.9746
18.127 16.6261
17.7556 16.1532
18.0631 13.9859
15.2447 13.4001
16.8611 14.1324
16.6306 17.1213
16.2315 16.2718
15.3492 17.1801
16.5457 17.3388
15.4792 14.1565
15.9852 16.2795
14.9367 16.9359
14.9714 15.7472
15.0812 14.504
16.0673 16.6687
14.5134 16.4144
15.6038 18.5234
16.5157 15.1785
16.1788 15.6728
18.3742 16.2976
19.1106 17.5936
15.8487 13.0658
14.5193 16.6634
17.521 19.4902
17.7429 18.1655
17.6849 16.367
17.0571 14.0977
13.2984 18.2434
16.0727 15.9948
17.6686 17.5843
18.1393 10.4202
13.1623 6.81529
17.4634 8.65127
17.4023 8.86944
14.2923 7.31976
17.5792 6.69351
14.9105 3.5546
14.8898 7.75121
16.394 8.6561
18.9102 6.48742
17.9887 7.13106
16.8118 4.1841
15.0836 7.36586
16.5774 9.56896
17.9506 7.10765
14.517 9.44311
15.9166 8.42649
16.6646 8.09649
15.8347 7.95364
15.61 9.98464
16.063 7.05982
16.7968 8.48788
16.5396 6.56641
12.9813 8.07702
17.0785 3.68252
15.699 7.32908
14.1085 6.94373
18.4709 8.60249
16.9888 8.29333
19.4182 7.62731
14.6617 5.08308
17.9592 10.0375
16.0899 10.4643
14.7572 5.59175
13.6694 6.54048
13.8108 6.6018
15.8599 5.92665
15.6776 8.29735
13.9861 10.271
18.0023 6.07867
18.8984 9.10032
15.8383 8.23948
16.1484 6.66557
15.9478 9.24739
16.9019 7.06773
17.2531 6.23929
19.5515 8.93252
19.0103 9.5994
15.9829 8.38472
17.2588 8.93734
16.5692 8.65011
14.0129 7.56813
16.8909 8.33322
14.8916 8.64276
15.4347 4.60389
14.2902 8.12746
17.7572 5.78679
17.4824 7.33767
15.9216 9.92918
16.7039 6.25332
16.5762 10.7403
14.8297 9.86756
17.5867 7.25238
14.8511 7.37453
15.5677 9.96748
17.4781 10.4769
16.1063 6.62133
16.2928 8.9168
18.338 6.74959
17.4109 9.79361
20.1779 7.4522
16.8988 5.96699
16.5832 8.704
14.9648 5.78802
18.7261 6.80646
15.8844 7.2688
16.803 9.7472
14.2722 8.28467
15.9054 9.09486
15.2714 8.79806
15.3622 9.17853
14.5347 6.65277
14.8409 5.25403
16.4029 11.4222
15.5175 11.9222
16.0587 8.00488
16.2007 8.18439
16.8932 6.3268
16.3277 9.00106
16.3464 8.23709
17.1683 9.40932
17.6443 7.21862
17.6777 7.29736
17.9091 6.83092
15.5988 7.26227
13.6005 8.42324
17.1677 8.24945
16.9085 11.8529
18.099 10.4017
16.9169 7.28374
16.6055 6.87593
14.7462 7.68021
14.1696 7.5609
16.9567 6.20564
14.7724 8.89887
16.9047 10.9222
16.5317 6.80622
15.2128 7.88061
15.5922 9.57735
15.827 5.91739
13.9933 7.2087
16.6141 8.39237
15.3058 6.75483
18.2146 8.41844
18.0496 8.05228
17.4953 7.88137
17.1874 9.33475
18.4342 6.78832
17.6005 8.0358
17.0468 10.2217
17.1615 7.42877
18.6278 8.24253
14.6087 6.50582
17.6314 9.52499
16.4068 9.75788
8.00367 15.846
7.26411 13.9474
6.39372 15.0364
9.15463 16.3785
8.52443 16.475
8.70138 18.7579
10.4548 16.0178
9.97829 14.4587
9.57929 15.6494
9.35257 14.979
9.28862 15.4884
8.87335 17.3693
6.67182 12.7646
9.62077 17.1587
5.44188 17.5114
11.4145 18.9154
7.05422 17.5655
7.72392 14.3238
6.18903 15.8346
7.30435 15.2716
8.28156 15.572
5.99337 14.4761
10.4902 16.0243
6.70819 14.7259
9.38628 16.0085
7.92806 14.9601
5.03059 15.6929
7.71972 15.6328
9.10273 18.1849
6.58843 17.0588
8.48744 17.1258
7.63923 15.7581
7.20107 13.9677
6.1719 16.5059
8.13097 13.7908
7.98238 19.777
7.38884 15.958
7.68277 15.6814
6.14338 12.3154
5.40961 16.2074
9.03464 14.4388
8.61359 15.6232
5.90306 16.0263
7.32454 16.3945
8.58243 15.8941
5.60588 19.0745
9.39778 13.941
8.31401 15.9346
8.2072 15.1681
8.99187 14.1901
10.436 15.4752
10.1329 13.9166
7.88948 12.7719
9.42353 14.8225
8.50624 15.7466
6.18488 15.7022
9.12766 12.7386
8.80975 18.0694
6.39952 18.8285
10.2099 18.4038
7.0633 16.2998
11.8946 19.4455
12.2149 15.8881
8.26145 18.4163
10.9564 12.7596
8.41923 13.0148
9.62282 14.5564
8.71585 16.7885
6.84031 14.6893
9.7773 13.9378
5.15724 14.4329
7.34703 15.2188
5.10942 16.6099
10.0034 16.6147
6.79294 15.1368
9.43342 15.9654
10.1574 16.3295
8.34319 17.2869
5.74888 15.4298
7.422 18.9513
9.23327 14.7617
7.82402 17.0857
7.77125 15.3193
7.34425 16.7552
7.1186 13.7837
7.90474 14.9014
8.97519 16.3387
7.05559 15.4316
5.4922 16.5381
9.02803 16.4178
8.28359 15.49
9.15129 16.501
9.18469 14.3556
10.1226 16.9522
8.44229 16.339
9.32542 13.6244
9.1501 17.1571
8.09663 16.4485
8.46486 12.7597
6.30164 14.3662
7.59452 14.5541
9.13418 14.2814
9.56085 13.9946
8.81791 17.0228
5.65147 14.5423
6.0198 16.6101
10.6699 15.2636
10.7886 15.0358
6.75722 14.7147
7.19629 15.0589
7.86145 15.7645
7.14878 19.0475
9.16396 14.2766
8.50027 13.7519
7.39092 14.2974
8.23096 14.2018
5.7336 16.0945
10.6546 14.6758
8.42806 13.9404
9.09332 13.4586
9.3682 14.6366
7.75008 15.3356
8.02877 15.6413
7.22927 14.5171
8.343 16.5276
10.3691 8.85373
6.08714 6.70293
6.14346 7.54939
8.83083 11.6993
7.91347 4.88772
8.11355 8.88167
6.2628 8.99021
7.69257 8.03866
8.43353 6.32012
4.04603 7.08817
9.16268 7.08041
6.93689 10.484
8.74498 5.14464
9.64476 9.13954
9.87291 9.76471
9.02348 6.26103
7.70453 7.75383
5.86631 6.66439
6.1313 8.59102
8.24856 10.1532
8.25014 5.45149
9.81776 10.6615
8.03711 5.64944
6.5162 6.24444
6.36935 10.1848
5.92221 8.71366
9.49784 9.01071
9.45044 9.4031
8.38058 12.2461
7.81199 6.82507
8.30542 8.63464
8.57384 7.52176
8.22387 9.17353
9.22937 7.14153
5.85671 6.32409
9.37551 11.0212
8.19422 7.25911
7.75863 8.46392
9.70463 9.01211
6.19028 10.0158
5.65373 7.89255
8.72062 8.26117
7.5729 9.56049
8.1598 9.49969
7.8763 7.70673
7.27552 7.42793
5.66054 9.21104
11.3261 6.50068
7.53476 6.14357
9.78819 9.83214
5.97952 9.67625
9.85234 5.78139
10.6251 6.53997
8.15078 4.49698
6.54492 8.99704
5.20666 6.81258
7.41026 9.40321
8.58488 8.01703
7.56573 8.73308
7.37894 4.60413
6.89996 5.18944
9.42533 5.24455
8.84378 8.46657
5.35196 8.70879
8.77316 5.90064
7.84852 9.85409
10.1067 9.61993
10.4175 6.50257
9.85595 7.4154
8.6271 5.80278
9.35908 8.60315
5.27074 10.5352
7.50863 8.73548
8.41813 9.57543
7.24952 6.55853
9.16591 10.2776
9.75344 8.18142
7.74416 10.0401
7.38947 8.35775
8.55843 7.91471
7.576 7.78734
9.59213 6.40626
5.51864 5.89735
7.77049 5.03443
11.6962 9.19788
8.94527 7.15124
7.19775 9.62701
7.42024 5.63104
4.15326 8.00925
8.71307 7.1804
5.59961 4.57756
8.56854 5.83687
8.66612 9.94425
7.13674 7.08224
8.25383 9.40788
6.64014 6.66267
6.20047 9.22588
7.20658 4.0329
7.74446 7.43291
6.03894 5.73051
9.83675 7.52188
9.03327 7.99397
9.29138 7.54258
8.19547 10.7831
5.97662 4.51021
6.06454 5.86596
9.57935 9.15942
11.3515 12.9968
8.92652 7.65424
7.71878 8.84516
6.51328 9.42421
9.29078 7.74281
9.44799 8.18701
8.73423 6.92368
7.89206 6.49614
8.47087 7.54118
7.86364 8.73737
7.94658 8.69195
9.50769 7.11624
8.22301 7.38854
9.54557 7.84567
8.62223 6.30763
8.22827 6.10287
7.11034 8.23046
8.62713 5.85902
1.5 0
1.50973 0.0284611
1.51892 0.0572891
1.52755 0.0864734
1.53562 0.116003
1.54312 0.145868
1.55003 0.176056
1.55635 0.206556
1.56207 0.237356
1.56717 0.268445
1.57166 0.29981
1.57552 0.331439
1.57873 0.363319
1.58131 0.395437
1.58323 0.42778
1.58448 0.460335
1.58508 0.493089
1.58499 0.526027
1.58422 0.559137
1.58277 0.592403
1.58062 0.625812
1.57777 0.659349
1.57421 0.692999
1.56995 0.726748
1.56497 0.760581
1.55926 0.794483
1.55283 0.828439
1.54567 0.862433
1.53778 0.896449
1.52916 0.930473
1.51979 0.964488
1.50968 0.998479
1.49883 1.03243
1.48723 1.06632
1.47488 1.10015
1.46179 1.13388
1.44794 1.16751
1.43334 1.20101
1.41799 1.23438
1.40189 1.2676
1.38504 1.30064
1.36744 1.3335
1.34909 1.36615
1.32999 1.39858
1.31015 1.43078
1.28956 1.46272
1.26823 1.49439
1.24616 1.52577
1.22336 1.55685
1.19983 1.58761
1.17557 1.61803
1.15059 1.6481
1.12489 1.6778
1.09848 1.70712
1.07136 1.73603
1.04353 1.76452
1.01502 1.79258
0.985813 1.82018
0.955926 1.84732
0.925365 1.87398
0.894137 1.90014
0.86225 1.92578
0.829712 1.95089
0.796533 1.97546
0.762721 1.99946
0.728287 2.02289
0.693238 2.04573
0.657587 2.06797
0.621342 2.08958
0.584515 2.11055
0.547118 2.13088
0.509161 2.15055
0.470656 2.16954
0.431615 2.18783
0.392052 2.20542
0.351978 2.2223
0.311406 2.23844
0.270351 2.25384
0.228825 2.26849
0.186843 2.28236
0.144418 2.29546
0.101566 2.30777
0.0583018 2.31927
0.0146397 2.32995
-0.0294045 2.33982
-0.0738153 2.34884
-0.118577 2.35702
-0.163672 2.36434
-0.209086 2.3708
-0.254801 2.37638
-0.3008 2.38108
-0.347066 2.38488
-0.393582 2.38778
-0.44033 2.38977
-0.487292 2.39085
-0.534451 2.391
-0.581788 2.39021
-0.629284 2.38849
-0.676921 2.38583
-0.72468 2.38221
-0.772542 2.37764
-0.820489 2.37211
-0.8685 2.36561
-0.916557 2.35814
-0.964639 2.3497
-1.01273 2.34027
-1.0608 2.32987
-1.10884 2.31848
-1.15683 2.30611
-1.20474 2.29275
-1.25256 2.2784
-1.30026 2.26305
-1.34783 2.24672
-1.39524 2.22939
-1.44248 2.21107
-1.48952 2.19176
-1.53634 2.17146
-1.58293 2.15017
-1.62925 2.12789
-1.6753 2.10463
-1.72104 2.08039
-1.76647 2.05516
-1.81155 2.02896
-1.85627 2.00179
-1.90061 1.97365
-1.94454 1.94454
-1.98805 1.91448
-2.03112 1.88347
-2.07372 1.85151
-2.11583 1.81862
-2.15744 1.78479
-2.19852 1.75003
-2.23905 1.71436
-2.27902 1.67778
-2.3184 1.64031
-2.35718 1.60194
-2.39533 1.56269
-2.43284 1.52257
-2.46968 1.48159
-2.50583 1.43975
-2.54129 1.39709
-2.57602 1.35359
-2.61002 1.30928
-2.64325 1.26417
-2.67571 1.21826
-2.70738 1.17159
-2.73823 1.12415
-2.76825 1.07596
-2.79743 1.02704
-2.82574 0.977395
-2.85317 0.927051
-2.8797 0.876019
-2.90532 0.824315
-2.93001 0.771955
-2.95376 0.718957
-2.97655 0.665337
-2.99836 0.611113
-3.01918 0.556302
-3.03899 0.500922
-3.05779 0.444993
-3.07556 0.388533
-3.09228 0.331561
-3.10794 0.274096
-3.12253 0.216158
-3.13603 0.157767
-3.14845 0.0989439
-3.15975 0.0397087
-3.16994 -0.0199176
-3.179 -0.0799137
-3.18692 -0.140258
-3.19369 -0.20093
-3.1993 -0.261906
-3.20374 -0.323165
-3.20701 -0.384684
-3.2091 -0.446441
-3.20999 -0.508412
-3.20968 -0.570575
-3.20817 -0.632907
-3.20544 -0.695383
-3.20149 -0.757981
-3.19632 -0.820677
-3.18993 -0.883446
-3.18229 -0.946264
-3.17342 -1.00911
-3.16331 -1.07195
-3.15195 -1.13477
-3.13935 -1.19754
-3.12549 -1.26024
-3.11038 -1.32284
-3.09402 -1.38532
-3.07641 -1.44765
-3.05755 -1.50981
-3.03743 -1.57176
-3.01605 -1.6335
-2.99343 -1.69498
-2.96956 -1.75619
-2.94444 -1.8171
-2.91808 -1.87769
-2.89047 -1.93793
-2.86163 -1.99779
-2.83156 -2.05725
-2.80026 -2.11628
-2.76774 -2.17487
-2.734 -2.23297
-2.69905 -2.29058
-2.66289 -2.34766
-2.62555 -2.40418
-2.58701 -2.46014
-2.5473 -2.51549
-2.50641 -2.57021
-2.46437 -2.62429
-2.42117 -2.67769
-2.37684 -2.73039
-2.33138 -2.78237
-2.2848 -2.8336
-2.23711 -2.88407
-2.18833 -2.93374
-2.13847 -2.98259
-2.08755 -3.0306
-2.03557 -3.07775
-1.98256 -3.12401
-1.92852 -3.16937
-1.87348 -3.2138
-1.81744 -3.25727
-1.76043 -3.29977
-1.70246 -3.34127
-1.64356 -3.38176
-1.58372 -3.42122
-1.52299 -3.45961
-1.46136 -3.49693
-1.39887 -3.53315
-1.33554 -3.56826
-1.27137 -3.60222
-1.2064 -3.63504
-1.14064 -3.66668
-1.07412 -3.69713
-1.00685 -3.72637
-0.938859 -3.75439
-0.870171 -3.78116
-0.800806 -3.80668
-0.730787 -3.83092
-0.660139 -3.85387
-0.588884 -3.87551
-0.517048 -3.89584
-0.444654 -3.91483
-0.371728 -3.93247
-0.298294 -3.94875
-0.224379 -3.96365
-0.150007 -3.97717
-0.0752053 -3.98929
1.70288e-14 -4
0.0755822 -4.00929
0.151515 -4.01714
0.22777 -4.02356
0.30432 -4.02852
0.381139 -4.03203
0.458197 -4.03406
0.535467 -4.03462
0.61292 -4.0337
0.690529 -4.03129
0.768263 -4.02738
0.846095 -4.02197
0.923996 -4.01505
1.00193 -4.00662
1.07988 -3.99668
1.15781 -3.98522
1.23569 -3.97224
1.31349 -3.95773
1.39119 -3.9417
1.46874 -3.92414
1.54612 -3.90506
1.62331 -3.88445
1.70027 -3.86232
1.77696 -3.83866
1.85337 -3.81348
1.92946 -3.78678
2.0052 -3.75856
2.08056 -3.72883
2.15551 -3.69759
2.23002 -3.66485
2.30406 -3.63061
2.37759 -3.59488
2.4506 -3.55766
2.52305 -3.51897
2.59491 -3.4788
2.66615 -3.43717
2.73673 -3.3941
2.80664 -3.34957
2.87585 -3.30362
2.94431 -3.25625
3.01201 -3.20746
3.07891 -3.15728
3.14499 -3.10571
3.21021 -3.05277
3.27456 -2.99848
3.33799 -2.94284
3.40049 -2.88587
3.46203 -2.82759
3.52257 -2.76801
3.5821 -2.70715
3.64058 -2.64503
3.69798 -2.58167
3.75429 -2.51708
3.80948 -2.45128
3.86351 -2.38429
3.91638 -2.31614
3.96804 -2.24684
4.01848 -2.17641
4.06766 -2.10488
4.11558 -2.03226
4.1622 -1.95858
4.20751 -1.88387
4.25147 -1.80815
4.29407 -1.73143
4.33529 -1.65375
4.3751 -1.57513
4.41348 -1.4956
4.45041 -1.41517
4.48588 -1.33389
4.51986 -1.25177
4.55234 -1.16884
4.58329 -1.08513
4.61271 -1.00067
4.64056 -0.915489
4.66683 -0.829609
4.69152 -0.743064
4.7146 -0.655882
4.73605 -0.568093
4.75587 -0.479729
4.77403 -0.390819
4.79053 -0.301394
4.80535 -0.211487
4.81848 -0.121127
4.8299 -0.0303476
4.83962 0.0608196
4.84761 0.152342
4.85386 0.244187
4.85837 0.336322
4.86113 0.428714
4.86213 0.521329
4.86136 0.614133
4.85882 0.707093
4.85449 0.800175
4.84838 0.893344
4.84048 0.986567
4.83079 1.07981
4.81929 1.17304
4.806 1.26621
4.7909 1.3593
4.77399 1.45227
4.75528 1.54508
4.73477 1.63771
4.71244 1.73011
4.68832 1.82225
4.66239 1.91409
4.63466 2.0056
4.60514 2.09674
4.57382 2.18748
4.54071 2.27779
4.50583 2.36762
4.46916 2.45694
4.43073 2.54573
4.39054 2.63393
4.34859 2.72152
4.30489 2.80847
4.25946 2.89473
4.21231 2.98028
4.16344 3.06507
4.11287 3.14908
4.06061 3.23227
4.00667 3.3146
3.95107 3.39605
3.89381 3.47658
3.83493 3.55616
3.77442 3.63474
3.71231 3.71231
3.64862 3.78883
3.58335 3.86426
3.51654 3.93857
3.4482 4.01173
3.37835 4.08372
3.307 4.1545
3.23419 4.22403
3.15993 4.29229
3.08424 4.35925
3.00715 4.42488
2.92867 4.48915
2.84885 4.55203
2.76768 4.61349
2.68522 4.67351
2.60147 4.73206
2.51647 4.7891
2.43024 4.84462
2.34281 4.89859
2.2542 4.95098
2.16446 5.00176
2.07359 5.05092
1.98165 5.09843
1.88864 5.14426
1.79462 5.1884
1.69959 5.23081
1.60361 5.27148
1.50669 5.31039
1.40888 5.34752
1.3102 5.38284
1.21069 5.41634
1.11039 5.44799
1.00932 5.47779
0.907515 5.50571
0.80502 5.53173
0.701866 5.55584
0.598089 5.57803
0.493724 5.59827
0.388808 5.61656
0.283378 5.63288
0.177471 5.64721
0.0711238 5.65955
-0.0356254 5.66989
-0.142739 5.67821
-0.250179 5.6845
-0.357906 5.68875
-0.465882 5.69096
-0.574069 5.69112
-0.682427 5.68922
-0.790916 5.68525
-0.899498 5.67921
-1.00813 5.67109
-1.11678 5.66089
-1.2254 5.64861
-1.33395 5.63424
-1.4424 5.61778
-1.5507 5.59923
-1.65881 5.5786
-1.7667 5.55587
-1.87431 5.53105
-1.98162 5.50415
-2.08857 5.47517
-2.19514 5.4441
-2.30128 5.41096
-2.40694 5.37575
-2.5121 5.33848
-2.6167 5.29915
-2.72071 5.25777
-2.82409 5.21435
-2.9268 5.16889
-3.0288 5.12142
-3.13004 5.07193
-3.23049 5.02044
-3.33012 4.96696
-3.42887 4.91151
-3.52671 4.8541
-3.62361 4.79474
-3.71951 4.73346
-3.8144 4.67025
-3.90822 4.60515
-4.00094 4.53817
-4.09252 4.46933
-4.18292 4.39864
-4.27211 4.32614
-4.36005 4.25183
-4.44671 4.17574
-4.53204 4.09789
-4.61602 4.0183
-4.6986 3.93701
-4.77976 3.85402
-4.85945 3.76938
-4.93765 3.68309
-5.01432 3.5952
-5.08943 3.50572
-5.16295 3.41469
-5.23483 3.32213
-5.30506 3.22807
-5.3736 3.13254
-5.44043 3.03557
-5.5055 2.93719
-5.56879 2.83744
-5.63028 2.73634
-5.68993 2.63394
-5.74771 2.53025
-5.80361 2.42532
-5.85759 2.31918
-5.90963 2.21187
-5.9597 2.10342
-6.00778 1.99386
-6.05384 1.88324
-6.09786 1.77159
-6.13983 1.65895
-6.17971 1.54536
-6.21748 1.43085
-6.25313 1.31546
-6.28664 1.19924
-6.31798 1.08222
-6.34714 0.964448
-6.37411 0.845959
-6.39886 0.726795
-6.42137 0.606999
-6.44165 0.486611
-6.45966 0.365675
-6.4754 0.244232
-6.48885 0.122326
-1.5 1.83691e-16
-1.50973 -0.0284611
-1.51892 -0.0572891
-1.52755 -0.0864734
-1.53562 -0.116003
-1.54312 -0.145868
-1.55003 -0.176056
-1.55635 -0.206556
-1.56207 -0.237356
-1.56717 -0.268445
-1.57166 -0.29981
-1.57552 -0.331439
-1.57873 -0.363319
-1.58131 -0.395437
-1.58323 -0.42778
-1.58448 -0.460335
-1.58508 -0.493089
-1.58499 -0.526027
-1.58422 -0.559137
-1.58277 -0.592403
-1.58062 -0.625812
-1.57777 -0.659349
-1.57421 -0.692999
-1.56995 -0.726748
-1.56497 -0.760581
-1.55926 -0.794483
-1.55283 -0.828439
-1.54567 -0.862433
-1.53778 -0.896449
-1.52916 -0.930473
-1.51979 -0.964488
-1.50968 -0.998479
-1.49883 -1.03243
-1.48723 -1.06632
-1.47488 -1.10015
-1.46179 -1.13388
-1.44794 -1.16751
-1.43334 -1.20101
-1.41799 -1.23438
-1.40189 -1.2676
-1.38504 -1.30064
-1.36744 -1.3335
-1.34909 -1.36615
-1.32999 -1.39858
-1.31015 -1.43078
-1.28956 -1.46272
-1.26823 -1.49439
-1.24616 -1.52577
-1.22336 -1.55685
-1.19983 -1.58761
-1.17557 -1.61803
-1.15059 -1.6481
-1.12489 -1.6778
-1.09848 -1.70712
-1.07136 -1.73603
-1.04353 -1.76452
-1.01502 -1.79258
-0.985813 -1.82018
-0.955926 -1.84732
-0.925365 -1.87398
-0.894137 -1.90014
-0.86225 -1.92578
-0.829712 -1.95089
-0.796533 -1.97546
-0.762721 -1.99946
-0.728287 -2.02289
-0.693238 -2.04573
-0.657587 -2.06797
-0.621342 -2.08958
-0.584515 -2.11055
-0.547118 -2.13088
-0.509161 -2.15055
-0.470656 -2.16954
-0.431615 -2.18783
-0.392052 -2.20542
-0.351978 -2.2223
-0.311406 -2.23844
-0.270351 -2.25384
-0.228825 -2.26849
-0.186843 -2.28236
-0.144418 -2.29546
-0.101566 -2.30777
-0.0583018 -2.31927
-0.0146397 -2.32995
0.0294045 -2.33982
0.0738153 -2.34884
0.118577 -2.35702
0.163672 -2.36434
0.209086 -2.3708
0.254801 -2.37638
0.3008 -2.38108
0.347066 -2.38488
0.393582 -2.38778
0.44033 -2.38977
0.487292 -2.39085
0.534451 -2.391
0.581788 -2.39021
0.629284 -2.38849
0.676921 -2.38583
0.72468 -2.38221
0.772542 -2.37764
0.820489 -2.37211
0.8685 -2.36561
0.916557 -2.35814
0.964639 -2.3497
1.01273 -2.34027
1.0608 -2.32987
1.10884 -2.31848
1.15683 -2.30611
1.20474 -2.29275
1.25256 -2.2784
1.30026 -2.26305
1.34783 -2.24672
1.39524 -2.22939
1.44248 -2.21107
1.48952 -2.19176
1.53634 -2.17146
1.58293 -2.15017
1.62925 -2.12789
1.6753 -2.10463
1.72104 -2.08039
1.76647 -2.05516
1.81155 -2.02896
1.85627 -2.00179
1.90061 -1.97365
1.94454 -1.94454
1.98805 -1.91448
2.03112 -1.88347
2.07372 -1.85151
2.11583 -1.81862
2.15744 -1.78479
2.19852 -1.75003
2.23905 -1.71436
2.27902 -1.67778
2.3184 -1.64031
2.35718 -1.60194
2.39533 -1.56269
2.43284 -1.52257
2.46968 -1.48159
2.50583 -1.43975
2.54129 -1.39709
2.57602 -1.35359
2.61002 -1.30928
2.64325 -1.26417
2.67571 -1.21826
2.70738 -1.17159
2.73823 -1.12415
2.76825 -1.07596
2.79743 -1.02704
2.82574 -0.977395
2.85317 -0.927051
2.8797 -0.876019
2.90532 -0.824315
2.93001 -0.771955
2.95376 -0.718957
2.97655 -0.665337
2.99836 -0.611113
3.01918 -0.556302
3.03899 -0.500922
3.05779 -0.444993
3.07556 -0.388533
3.09228 -0.331561
3.10794 -0.274096
3.12253 -0.216158
3.13603 -0.157767
3.14845 -0.0989439
3.15975 -0.0397087
3.16994 0.0199176
3.179 0.0799137
3.18692 0.140258
3.19369 0.20093
3.1993 0.261906
3.20374 0.323165
3.20701 0.384684
3.2091 0.446441
3.20999 0.508412
3.20968 0.570575
3.20817 0.632907
3.20544 0.695383
3.20149 0.757981
3.19632 0.820677
3.18993 0.883446
3.18229 0.946264
3.17342 1.00911
3.16331 1.07195
3.15195 1.13477
3.13935 1.19754
3.12549 1.26024
3.11038 1.32284
3.09402 1.38532
3.07641 1.44765
3.05755 1.50981
3.03743 1.57176
3.01605 1.6335
2.99343 1.69498
2.96956 1.75619
2.94444 1.8171
2.91808 1.87769
2.89047 1.93793
2.86163 1.99779
2.83156 2.05725
2.80026 2.11628
2.76774 2.17487
2.734 2.23297
2.69905 2.29058
2.66289 2.34766
2.62555 2.40418
2.58701 2.46014
2.5473 2.51549
2.50641 2.57021
2.46437 2.62429
2.42117 2.67769
2.37684 2.73039
2.33138 2.78237
2.2848 2.8336
2.23711 2.88407
2.18833 2.93374
2.13847 2.98259
2.08755 3.0306
2.03557 3.07775
1.98256 3.12401
1.92852 3.16937
1.87348 3.2138
1.81744 3.25727
1.76043 3.29977
1.70246 3.34127
1.64356 3.38176
1.58372 3.42122
1.52299 3.45961
1.46136 3.49693
1.39887 3.53315
1.33554 3.56826
1.27137 3.60222
1.2064 3.63504
1.14064 3.66668
1.07412 3.69713
1.00685 3.72637
0.938859 3.75439
0.870171 3.78116
0.800806 3.80668
0.730787 3.83092
0.660139 3.85387
0.588884 3.87551
0.517048 3.89584
0.444654 3.91483
0.371728 3.93247
0.298294 3.94875
0.224379 3.96365
0.150007 3.97717
0.0752053 3.98929
2.03729e-13 4
-0.0755822 4.00929
-0.151515 4.01714
-0.22777 4.02356
-0.30432 4.02852
-0.381139 4.03203
-0.458197 4.03406
-0.535467 4.03462
-0.61292 4.0337
-0.690529 4.03129
-0.768263 4.02738
-0.846095 4.02197
-0.923996 4.01505
-1.00193 4.00662
-1.07988 3.99668
-1.15781 3.98522
-1.23569 3.97224
-1.31349 3.95773
-1.39119 3.9417
-1.46874 3.92414
-1.54612 3.90506
-1.62331 3.88445
-1.70027 3.86232
-1.77696 3.83866
-1.85337 3.81348
-1.92946 3.78678
-2.0052 3.75856
-2.08056 3.72883
-2.15551 3.69759
-2.23002 3.66485
-2.30406 3.63061
-2.37759 3.59488
-2.4506 3.55766
-2.52305 3.51897
-2.59491 3.4788
-2.66615 3.43717
-2.73673 3.3941
-2.80664 3.34957
-2.87585 3.30362
-2.94431 3.25625
-3.01201 3.20746
-3.07891 3.15728
-3.14499 3.10571
-3.21021 3.05277
-3.27456 2.99848
-3.33799 2.94284
-3.40049 2.88587
-3.46203 2.82759
-3.52257 2.76801
-3.5821 2.70715
-3.64058 2.64503
-3.69798 2.58167
-3.75429 2.51708
-3.80948 2.45128
-3.86351 2.38429
-3.91638 2.31614
-3.96804 2.24684
-4.01848 2.17641
-4.06766 2.10488
-4.11558 2.03226
-4.1622 1.95858
-4.20751 1.88387
-4.25147 1.80815
-4.29407 1.73143
-4.33529 1.65375
-4.3751 1.57513
-4.41348 1.4956
-4.45041 1.41517
-4.48588 1.33389
-4.51986 1.25177
-4.55234 1.16884
-4.58329 1.08513
-4.61271 1.00067
-4.64056 0.915489
-4.66683 0.829609
-4.69152 0.743064
-4.7146 0.655882
-4.73605 0.568093
-4.75587 0.479729
-4.77403 0.390819
-4.79053 0.301394
-4.80535 0.211487
-4.81848 0.121127
-4.8299 0.0303476
-4.83962 -0.0608196
-4.84761 -0.152342
-4.85386 -0.244187
-4.85837 -0.336322
-4.86113 -0.428714
-4.86213 -0.521329
-4.86136 -0.614133
-4.85882 -0.707093
-4.85449 -0.800175
-4.84838 -0.893344
-4.84048 -0.986567
-4.83079 -1.07981
-4.81929 -1.17304
-4.806 -1.26621
-4.7909 -1.3593
-4.77399 -1.45227
-4.75528 -1.54508
-4.73477 -1.63771
-4.71244 -1.73011
-4.68832 -1.82225
-4.66239 -1.91409
-4.63466 -2.0056
-4.60514 -2.09674
-4.57382 -2.18748
-4.54071 -2.27779
-4.50583 -2.36762
-4.46916 -2.45694
-4.43073 -2.54573
-4.39054 -2.63393
-4.34859 -2.72152
-4.30489 -2.80847
-4.25946 -2.89473
-4.21231 -2.98028
-4.16344 -3.06507
-4.11287 -3.14908
-4.06061 -3.23227
-4.00667 -3.3146
-3.95107 -3.39605
-3.89381 -3.47658
-3.83493 -3.55616
-3.77442 -3.63474
-3.71231 -3.71231
-3.64862 -3.78883
-3.58335 -3.86426
-3.51654 -3.93857
-3.4482 -4.01173
-3.37835 -4.08372
-3.307 -4.1545
-3.23419 -4.22403
-3.15993 -4.29229
-3.08424 -4.35925
-3.00715 -4.42488
-2.92867 -4.48915
-2.84885 -4.55203
-2.76768 -4.61349
-2.68522 -4.67351
-2.60147 -4.73206
-2.51647 -4.7891
-2.43024 -4.84462
-2.34281 -4.89859
-2.2542 -4.95098
-2.16446 -5.00176
-2.07359 -5.05092
-1.98165 -5.09843
-1.88864 -5.14426
-1.79462 -5.1884
-1.69959 -5.23081
-1.60361 -5.27148
-1.50669 -5.31039
-1.40888 -5.34752
-1.3102 -5.38284
-1.21069 -5.41634
-1.11039 -5.44799
-1.00932 -5.47779
-0.907515 -5.50571
-0.80502 -5.53173
-0.701866 -5.55584
-0.598089 -5.57803
-0.493724 -5.59827
-0.388808 -5.61656
-0.283378 -5.63288
-0.177471 -5.64721
-0.0711238 -5.65955
0.0356254 -5.66989
0.142739 -5.67821
0.250179 -5.6845
0.357906 -5.68875
0.465882 -5.69096
0.574069 -5.69112
0.682427 -5.68922
0.790916 -5.68525
0.899498 -5.67921
1.00813 -5.67109
1.11678 -5.66089
1.2254 -5.64861
1.33395 -5.63424
1.4424 -5.61778
1.5507 -5.59923
1.65881 -5.5786
1.7667 -5.55587
1.87431 -5.53105
1.98162 -5.50415
2.08857 -5.47517
2.19514 -5.4441
2.30128 -5.41096
2.40694 -5.37575
2.5121 -5.33848
2.6167 -5.29915
2.72071 -5.25777
2.82409 -5.21435
2.9268 -5.16889
3.0288 -5.12142
3.13004 -5.07193
3.23049 -5.02044
3.33012 -4.96696
3.42887 -4.91151
3.52671 -4.8541
3.62361 -4.79474
3.71951 -4.73346
3.8144 -4.67025
3.90822 -4.60515
4.00094 -4.53817
4.09252 -4.46933
4.18292 -4.39864
4.27211 -4.32614
4.36005 -4.25183
4.44671 -4.17574
4.53204 -4.09789
4.61602 -4.0183
4.6986 -3.93701
4.77976 -3.85402
4.85945 -3.76938
4.93765 -3.68309
5.01432 -3.5952
5.08943 -3.50572
5.16295 -3.41469
5.23483 -3.32213
5.30506 -3.22807
5.3736 -3.13254
5.44043 -3.03557
5.5055 -2.93719
5.56879 -2.83744
5.63028 -2.73634
5.68993 -2.63394
5.74771 -2.53025
5.80361 -2.42532
5.85759 -2.31918
5.90963 -2.21187
5.9597 -2.10342
6.00778 -1.99386
6.05384 -1.88324
6.09786 -1.77159
6.13983 -1.65895
6.17971 -1.54536
6.21748 -1.43085
6.25313 -1.31546
6.28664 -1.19924
6.31798 -1.08222
6.34714 -0.964448
6.37411 -0.845959
6.39886 -0.726795
6.42137 -0.606999
6.44165 -0.486611
6.45966 -0.365675
6.4754 -0.244232
6.48885 -0.122326
