238 2
0.451803534093322 0.30246190430752
0.459060159600339 0.239155692763316
0.428565478202554 0.286293066240279
0.484390355552211 0.268000236510435
0.488491002253604 0.314003411817722
0.488252935108907 0.295180764107718
0.426173487413484 0.294408263973886
0.492329305635426 0.306976085870371
0.46581779165516 0.236815836248995
0.479601991484539 0.302755294240501
0.498328430825395 0.259982365614154
0.428879357658505 0.285437092925827
0.48052185259585 0.283229733926819
0.422225084320049 0.253188921950434
0.474352058762933 0.31258248733022
0.468331048496352 0.26998321102923
0.415430898506201 0.240166046115785
0.431579645500734 0.309828151634554
0.431841212689463 0.273097853197575
0.426375192263269 0.264188814554247
0.430280676333087 0.258974398310978
0.418083627945955 0.26290208953357
0.476409303843254 0.274179268212739
0.474378542894383 0.303082069789148
0.448289188185816 0.290113523147884
0.479927322894721 0.305496778162799
0.443667275809757 0.257512590271331
0.491140915202088 0.250601251892255
0.430957469024424 0.258439667545948
0.4501323659663 0.238817174800031
0.469207993478146 0.278784478223619
0.456456292730939 0.246370062337277
0.443559460528204 0.281883070711266
0.416881386129901 0.286854077076021
0.443661289012575 0.309954012429272
0.431058975655106 0.256852614052196
0.427682089728231 0.309012867176223
0.494260941120731 0.26206110065966
0.448839671892383 0.29147858210526
0.444572132552693 0.242145688462625
0.488509074444002 0.259188589360428
0.467201239483726 0.307362577875854
0.467620722600771 0.307873639216204
0.427279691710205 0.245821619974546
0.434253956971117 0.271449639908884
0.483541307027091 0.261172793418203
0.454594271832704 0.279791282541454
0.430344315437397 0.259173920805455
0.474876109887357 0.277751272807336
0.49742534510415 0.271445454741854
0.491868209281674 0.307701765690398
0.460322173102354 0.29727511571569
0.473664295882048 0.301938140107639
0.479069283716462 0.252888118379219
0.469504120335291 0.231801195186247
0.485698621616258 0.282981915324469
0.432001959535724 0.756130736219407
0.42172922032298 0.713191324399936
0.452818297518378 0.724777787501404
0.449919764358505 0.77658790264742
0.441705094437633 0.715655248580199
0.466569168203121 0.711653662256957
0.462045860566878 0.72500769985519
0.446457485252122 0.771982154010041
0.453782040542756 0.778499459440259
0.467412162458753 0.71192342492385
0.461383843524138 0.751340707502454
0.457100481133159 0.772484002278212
0.467377800671359 0.76192833923267
0.435092885021023 0.766484236899917
0.467440672287178 0.751524651427207
0.476536075325164 0.709882829706437
0.481820588577579 0.716695080217775
0.453576385956819 0.706675271694238
0.461794757719316 0.717490516461205
0.441518145234203 0.78048549510764
0.449480589127749 0.753068153389813
0.473798743695535 0.726952571618995
0.416167906379672 0.720108891284323
0.446309516605718 0.726633188211886
0.424018813280363 0.771602411869974
0.471632157402146 0.752886649492619
0.430085082806157 0.763678135696678
0.425664564581057 0.755638913307843
0.443419259699994 0.709581279372972
0.421476986749481 0.744052234488474
0.473376083273193 0.742010090162372
0.41330595220152 0.734435383585211
0.45657490212713 0.771580836197828
0.424097238527219 0.708475946971065
0.470809552054832 0.724304654598107
0.467743893867952 0.77383118399691
0.476092492302801 0.774179676776894
0.438831117685914 0.705380449034004
0.477158087254763 0.712363218529537
0.458385644743715 0.75376034901863
0.418053015365026 0.730560074347882
0.464981775458282 0.779522813042613
0.444784005581184 0.738517529960493
0.449346920240239 0.719283084041624
0.425304889519937 0.76970080184017
0.464956914493339 0.755083579721984
0.439951163005814 0.774993401652594
0.412596338971868 0.711034962875692
0.459658960364556 0.720640101686468
0.420826071198138 0.748702420028351
0.425119341621603 0.751934401871514
0.443426347521732 0.734928328886368
0.415681372756087 0.771206864811148
0.4309644051062 0.762403357916129
0.424939738762354 0.773249284567686
0.427948407683222 0.710683284014427
0.467188542758037 0.745684749714484
0.470765900182455 0.73532181634265
0.418482910093794 0.72502121719244
0.420866586888544 0.73324411944228
0.459856569982443 0.711712116638832
0.445528290645827 0.779657348836276
0.443707494538294 0.779543610684103
0.469370759964124 0.757485524419228
0.464954015579158 0.771546163501411
0.472241242081324 0.757769428036604
0.475062552002262 0.772934241031368
0.411354560640408 0.762994741856378
0.443987318003955 0.717102903431985
0.440623205088162 0.712011690254615
0.451263936650953 0.719079188271622
0.411453829046572 0.773613283654503
0.418066408478432 0.73308690850812
0.414574324681869 0.754317088910919
0.435192791891127 0.773725404341936
0.460368724946249 0.756595743080576
0.483929464883419 0.706149884936604
0.432777992206235 0.709597320779954
0.420828871811364 0.729482012755492
0.452489468522905 0.778935973094248
0.422858447024657 0.733343459666683
0.421612791376109 0.74172527055247
0.431144559238934 0.281085446823861
0.471293895885615 0.285883734112351
0.488406193710028 0.279280162749123
0.444111948719439 0.268474573252994
0.436739195650669 0.274647154861871
0.472025435371713 0.251523541050765
0.446221326964275 0.301411721043848
0.433931807185285 0.254660335359583
0.443314086354093 0.280748387550711
0.478829779201366 0.278248481701293
0.442424872812317 0.299716850103202
0.496243846911937 0.256459470095225
0.436849852998388 0.237010366075917
0.483600977324008 0.295733325995739
0.460271204896712 0.290522262719883
0.450103986299476 0.250870554927835
0.456826229111246 0.238148689399469
0.453557787758268 0.263969802012209
0.473011943562285 0.294725153789301
0.443743739324946 0.284288813413998
0.466362300396675 0.254693171739009
0.482632277125025 0.249013579752749
0.446753471641533 0.252996299221929
0.42853426991138 0.307976632819491
0.471907020721747 0.298862824847594
0.456342741882661 0.282699186772246
0.45254970896688 0.264771587115633
0.428545884011217 0.287991394782759
0.440570588992947 0.251165784802046
0.46032546947978 0.313909876289833
0.422982618679243 0.246071917553584
0.486650708198663 0.280290999114847
0.421814078105524 0.264709688840904
0.443332452143991 0.295190175416665
0.432801054548501 0.291547405036014
0.476870865453664 0.309400365423686
0.477972504914697 0.312360498110304
0.416492917375786 0.234527043589714
0.496798811750926 0.309334721471897
0.471757421750379 0.269532370724831
0.498387113495818 0.258301732348595
0.465124678047454 0.238436841431347
0.459790905992695 0.300247392217136
0.484512531693219 0.281695240496134
0.778684433079772 0.487949626251656
0.747954328927379 0.525408992536017
0.75398903806074 0.57265535236693
0.747310358869217 0.605046623692451
0.720275422970306 0.628016578212532
0.713452540062542 0.650262656819458
0.683562849582544 0.709038821455238
0.6653153211354 0.737610217604483
0.625820722888975 0.737530724257638
0.619483467478606 0.782010589277707
0.589248227779103 0.781197921015773
0.542663797021721 0.798779625529056
0.494449758203691 0.814105267284784
0.490496382971939 0.816561931136719
0.438311515707973 0.828503538534986
0.377415203628636 0.810530786125938
0.366410835165661 0.814139202223993
0.310552495248676 0.799936207633925
0.290861117904141 0.78507213422481
0.263257995507321 0.752715918370633
0.21412955469162 0.741164844551605
0.208682791460546 0.719031184977189
0.18027579607698 0.675679883925046
0.159101596598965 0.64273047920824
0.146075402733382 0.632039673696256
0.123078217463327 0.580892443225018
0.117331881306261 0.535790988932582
0.105673288702622 0.510079696226034
0.132055477374415 0.46621637538479
0.121527593557353 0.442042297158596
0.132210214397535 0.407583399983786
0.137097266729045 0.353727525413569
0.15780120252075 0.348410093518931
0.166843983490558 0.308993374299532
0.215227562946207 0.27415374545219
0.231094685423547 0.246019631125543
0.261400995173314 0.230441706354432
0.316185794799582 0.200880348325737
0.333126784655313 0.203314783811281
0.353190728879892 0.18170338015484
0.392616319381794 0.186459947133805
0.441874712272856 0.166046766851745
0.481930262785215 0.174842110347681
0.516844589024398 0.162954408751441
0.5416396481616 0.184549151514834
0.576600546333217 0.195203667466676
0.609226281771713 0.217439228153335
0.650944950771261 0.241402538678404
0.672342143629063 0.279958429953714
0.672477537728947 0.288455004435043
0.708094537100445 0.324500800040445
0.743119353088401 0.349812172071189
0.755730612155143 0.374536184052958
0.751008123178029 0.416760530942613
0.750195601569657 0.461943390013044
0.761369606106043 0.492677800517625
