299 2
0.454460906312681 0.515154802445247
0.455011226073506 0.513508404849242
0.447591031844637 0.51782471348564
0.43572601282358 0.520923137590726
0.464084444909414 0.526074142097031
0.446092942547035 0.524381156023315
0.452896484682706 0.529769144248679
0.454237390801981 0.530859465531062
0.469046668927846 0.52653428020778
0.439620461326643 0.545917052549544
0.461080344836849 0.536288907414291
0.429229986439469 0.546702764523748
0.454117772558178 0.545196622089317
0.436835771857417 0.527878411815724
0.441789461023809 0.545768447362242
0.430266903123995 0.514451984298285
0.448740751978761 0.51851095758704
0.436189370292018 0.541008461992256
0.435905912345682 0.52756427006366
0.435180360644264 0.533549876873326
0.443328954226764 0.530743870427591
0.44181780090393 0.518023330284419
0.436804321581593 0.533854978047804
0.432485439571844 0.541223606677962
0.422427467228623 0.527022826287785
0.444362840410612 0.52179423087825
0.437290360003045 0.511966955554893
0.432850638154096 0.515056742824119
0.443105818099071 0.527927556182535
0.438074373611511 0.527629103435975
0.430468233589405 0.515601090143583
0.405184252628493 0.51879146981656
0.420160302504553 0.518144079345162
0.425268096836817 0.513474741798032
0.416583497709707 0.506346784480383
0.428160850885584 0.495908749786442
0.45106377265275 0.510928813649777
0.414600001881689 0.495163971577542
0.448951073961107 0.51977015174315
0.446687278642746 0.50353800996118
0.428652174537938 0.49264031488338
0.431105722984718 0.504903872166742
0.440459261750136 0.502454277487002
0.429797580208605 0.520159283555778
0.439911542197737 0.499258778078578
0.447743230105278 0.48960190171843
0.439010335781712 0.496195760822157
0.453823828563366 0.48545771291121
0.456194509245951 0.498014051130323
0.449827563601469 0.509407562063041
0.447552751866325 0.490524358570881
0.451825277690595 0.520009385523577
0.455253928586586 0.517236626029604
0.463173302565333 0.507651927095997
0.452397589353718 0.516711551343667
0.446757810235535 0.521497963190764
0.465629653868667 0.506209729794643
0.464591822246336 0.513033409986931
0.453381515647538 0.523254865923062
0.454290375099087 0.517702786244625
0.451774010422357 0.514133918966567
0.575648219342716 0.514689681184701
0.573639668225735 0.512995070950732
0.573543760445286 0.531428034868403
0.584781723836801 0.507738736233921
0.578688261251445 0.550700371044396
0.581785807659329 0.549372072174092
0.587784327572034 0.551598734618039
0.569068191148072 0.571989569917551
0.571262977382298 0.561069085441612
0.568827496874965 0.580861052898027
0.554357998652904 0.56380860138345
0.543766032796647 0.568127541642989
0.547352599461953 0.5626587430637
0.555559803754524 0.593942266297145
0.554405497909335 0.607136002082753
0.551362653167833 0.601585192406191
0.541872494223668 0.605597688033018
0.551022011690264 0.603627226580268
0.548369969146179 0.608676854809103
0.51728926655502 0.647703260312122
0.544456208377179 0.615274427213735
0.516273913103269 0.63619559628094
0.506941492349575 0.643779901982711
0.502485613006254 0.636223271978196
0.511366875526284 0.645109609410216
0.511031790122212 0.63141746204484
0.494899331031043 0.658845928511621
0.475381030308626 0.644764283634591
0.482173194761467 0.650189768986488
0.477902142455276 0.650418234623342
0.471682384912755 0.646608911997785
0.460754873778569 0.620748043499366
0.461829202172003 0.641922690462712
0.446298102753677 0.644701095465403
0.442708866208592 0.66736666412126
0.433222309569255 0.654306719871212
0.446511972562254 0.666238560636321
0.429926623954818 0.65531839142454
0.42038845598456 0.651373443118465
0.424065913894712 0.651387215299233
0.423918268848165 0.644281539065025
0.405100833264247 0.641503733699423
0.400688124571658 0.637617044052067
0.393150226172385 0.645300392234644
0.402862569285845 0.641120503009053
0.390500471624791 0.625549873525872
0.360468121993751 0.624136366379779
0.373609684975937 0.613545762263008
0.378875026253128 0.615721647295932
0.361187808478393 0.619065364480017
0.36811246463847 0.627318016655438
0.34641449462071 0.620990475578683
0.337913071388437 0.614736425506645
0.356252966445778 0.609407078445764
0.352031512921001 0.591857877318544
0.337527617073574 0.605427830786592
0.336004890575759 0.584359678531332
0.338530159822537 0.588435803647637
0.31483420471746 0.594071419230941
0.318750864043749 0.584340110703852
0.323410396910135 0.581642835405503
0.301121772123747 0.566421048496769
0.326388207590432 0.554847011165715
0.325935224856594 0.553714786342905
0.307441266561388 0.547172027284307
0.323872001317649 0.532339526651366
0.304291740773134 0.552149733445553
0.332425103690655 0.524874522333168
0.306530787417975 0.519938744478919
0.322566785233831 0.539704047373486
0.316772829418222 0.530378815825843
0.308943524996329 0.502164542887974
0.307796677670453 0.500225990240857
0.308521111435527 0.497176468825626
0.309982787909708 0.495289858488075
0.595083918369363 0.511980549188535
0.323085517715283 0.449785048765573
0.33066318461982 0.464271183912125
0.319469639247261 0.475685010031746
0.334845735519466 0.459344629635987
0.337479970901407 0.463028391029472
0.329888039129815 0.462756560901133
0.335020672773216 0.448985495616539
0.344141223068582 0.433570901546502
0.343043570701597 0.430179837329558
0.343101494515635 0.442467430184293
0.35067291926322 0.413371028418392
0.353144918924006 0.42049569317471
0.348654119815677 0.426773761357726
0.362634141847058 0.415445055592824
0.360914025836845 0.400814048158709
0.373410249516116 0.404906312595583
0.386181240804426 0.394815314156037
0.378879454072001 0.399105642661815
0.409293845814393 0.410409706013377
0.386602238142036 0.419789861813063
0.392763564538193 0.397753443749327
0.407566209705127 0.425093866392122
0.394239789837111 0.415072733798097
0.427680720047629 0.403998638624028
0.442182233513577 0.385147948968461
0.420833741307649 0.396546172435609
0.423071046923487 0.401656713297273
0.456505928212073 0.396869364220865
0.446644921290767 0.390827611920607
0.452392008834186 0.396542209185605
0.457021823927965 0.377329549938941
0.468876996039403 0.394073521237963
0.482157935383939 0.38514486455987
0.487830953584638 0.397934829101853
0.475123997278628 0.406935559196657
0.472020132996582 0.389750459047141
0.488440607456422 0.389092846416475
0.494428388755849 0.397191660864281
0.492941162580839 0.410975974676194
0.505276322329349 0.407989974806714
0.520687964221005 0.420408207627895
0.51251382527113 0.405814601509445
0.52165301042552 0.413522276488076
0.537483329642677 0.408696280213498
0.544545754897723 0.417115654762325
0.53151127540875 0.422171308183996
0.56127909161865 0.443078350924742
0.537846655144256 0.445144152734274
0.553448637921153 0.439903749910732
0.56096035824384 0.448026278946724
0.548795016424525 0.456425863358334
0.564118385259293 0.447708014302478
0.560391767756888 0.455952051791943
0.554598276439962 0.476576128016497
0.553346337715258 0.466387874558383
0.572870599684052 0.480464199195426
0.591814600743941 0.480560083117934
0.559415871033089 0.492000585832686
0.579175647456521 0.48689461853521
0.567233839417266 0.506764925097682
0.577333151282615 0.517098195161582
0.597805646325258 0.507230844604686
0.296756204277147 0.462986567459777
0.78178262886163 0.513796838812196
0.778527058635538 0.520436233445738
0.78731553418595 0.579181652736686
0.788333861536116 0.578229499670497
0.769613426994104 0.58951069631779
0.744972194662371 0.612855272546596
0.761510039563462 0.643388172780651
0.751426093196798 0.670169992953153
0.729682745192192 0.677011926976272
0.705828420133728 0.712269732145826
0.711176874062988 0.720163122633557
0.690452403985868 0.745584854203539
0.690838067057054 0.745950397989976
0.658662397445255 0.778183814015998
0.644421039633258 0.761186236958806
0.620697162339782 0.789470856661457
0.604902622214265 0.806871134275086
0.60758862125954 0.807851553087835
0.57324861282326 0.807454346342679
0.559763804780399 0.825077188255041
0.553643249943406 0.827982734644969
0.526901881754123 0.842579181302812
0.505135585228378 0.863036989627179
0.457245453935723 0.848987456848173
0.468525843775409 0.859615490049906
0.423592055649728 0.860405661230027
0.414621215296673 0.842596674365226
0.399863951770156 0.84406474370281
0.357125784107687 0.84643028677446
0.349072545175286 0.826731503157766
0.307119373298975 0.833014011329614
0.302309017204871 0.821752098545701
0.283466881694183 0.814460256934533
0.282066104038551 0.797965095895345
0.248060152249887 0.782825828496934
0.22596056097788 0.771684727928262
0.214233970129517 0.752620304285995
0.187025959428782 0.754567374094873
0.179971050481438 0.752150866605425
0.181359500475875 0.723780704841191
0.148958260591124 0.703244068957565
0.149824289287354 0.675322623423119
0.139269707553042 0.645863946603625
0.140629401488305 0.625859227131284
0.119431584761855 0.617278156566389
0.135178344997097 0.595844369353668
0.121715398840975 0.570025856529871
0.103816238991978 0.550705129120479
0.125013120356011 0.533839503695755
0.0967760853796011 0.517748956916585
0.119750785622731 0.484843743608754
0.110908398274153 0.470257564753048
0.122646598239005 0.477722085683522
0.11915720894606 0.448339136878579
0.129460040325739 0.413593875946746
0.124269872962937 0.384390146188954
0.148121824103116 0.359078956213306
0.169216048641064 0.368783094036094
0.150553118198997 0.324650496668018
0.182740711563408 0.305235802857691
0.19551936470165 0.301202035403742
0.194872352813162 0.277823571047394
0.211607225070191 0.265326510090453
0.234862869024118 0.263880923449777
0.26130889756762 0.239652887018167
0.263043657454945 0.230448756977017
0.298383024904368 0.222542112064757
0.296664524799627 0.208675300255579
0.335614984272748 0.206091302018473
0.355650247277875 0.19393337394552
0.3551202605581 0.169762861349726
0.396381363094707 0.190662325127059
0.391404860463888 0.179040310026865
0.420878946121116 0.170546450307923
0.450951272402181 0.189513255537723
0.472295743336756 0.201868092017497
0.493429288542233 0.182041705415072
0.502600051066279 0.163206122165869
0.531134784284576 0.198567588208106
0.554604752035095 0.192983817740111
0.601715677040645 0.205645594863816
0.582790576995742 0.234326770591887
0.598676335603248 0.223323029027752
0.625207122922221 0.246503768034809
0.633503752968303 0.267430979641822
0.662650751404217 0.267505060803794
0.675004133665374 0.276350606195969
0.69680123034012 0.306082566636045
0.700178214650972 0.300235395346259
0.735598985947907 0.357267431527622
0.719734295608771 0.364576971086167
0.748657124129194 0.34562915843634
0.744455908208236 0.39311910303779
0.743893667550382 0.408710417052005
0.753634410455758 0.418115171621684
0.775511431415923 0.459041415373605
0.765765837239157 0.488063570888297
0.787451639659636 0.500661455887126
0.776060185532294 0.525047308506197
