
DATA_PATH, n, d, k: /home/hrgat/Namizje/Shudian/2021.0096-master/src/clustering_c++/git_instances/jain.txt 373 2 2
LOG_PATH: /home/hrgat/Namizje/Shudian/2021.0096-master/src/clustering_c++/git_instances_results/jain_2.txt

BRANCH_AND_BOUND_TOL: 0.0001
BRANCH_AND_BOUND_PARALLEL: 2
BRANCH_AND_BOUND_MAX_NODES: 100
BRANCH_AND_BOUND_VISITING_STRATEGY: 0

SDP_SOLVER_SESSION_THREADS_ROOT: 24
SDP_SOLVER_SESSION_THREADS: 24
SDP_SOLVER_FOLDER: /home/hrgat/Namizje/Shudian/SDPNAL+v1.0/
SDP_SOLVER_TOL: 1e-05
SDP_SOLVER_VERBOSE: 1
SDP_SOLVER_MAX_CP_ITER_ROOT: 40
SDP_SOLVER_MAX_CP_ITER: 20
SDP_SOLVER_CP_TOL: 1e-05
SDP_SOLVER_MAX_INEQ: 100000
SDP_SOLVER_INHERIT_PERC: 1
SDP_SOLVER_EPS_INEQ: 0.0001
SDP_SOLVER_EPS_ACTIVE: 1e-06
SDP_SOLVER_MAX_PAIR_INEQ: 100000
SDP_SOLVER_PAIR_PERC: 0.05
SDP_SOLVER_MAX_TRIANGLE_INEQ: 100000
SDP_SOLVER_TRIANGLE_PERC: 0.05

KMEANS_SDP_BASED: 1
KMEANS_MAX_ITER: 100
KMEANS_N_START: 50
KMEANS_VERBOSE: 0


|    N| NODE_PAR|    NODE|      LB_PAR|          LB|  FLAG|  TIME (s)| CP_ITER| CP_FLAG|   CP_INEQ|     PAIR  TRIANGLE    CLIQUE|         GUB|     I      J|     NODE_GAP|          GAP|  OPEN|
|  373|       -1|       0|        -inf|     22206.8|     0|      2015|      20|      -3|     13493|      650      4750       373|    22208.8*|    -1     -1|  8.73314e-05|  8.73314e-05|     0|

WALL_TIME: 2018 sec
N_NODES: 1
AVG_INEQ: 5773
AVG_CP_ITER: 20
ROOT_GAP: 8.73314e-05
GAP: 0
BEST: 22208.8

[matrix size: 373x2; n_nonzero: 373; density: 50.0%]

     (92, 0)          1.0000
    (177, 0)          1.0000
    (178, 0)          1.0000
    (179, 0)          1.0000
    (180, 0)          1.0000
    (181, 0)          1.0000
    (182, 0)          1.0000
    (183, 0)          1.0000
    (184, 0)          1.0000
    (185, 0)          1.0000
    (186, 0)          1.0000
    (187, 0)          1.0000
    (188, 0)          1.0000
    (189, 0)          1.0000
    (190, 0)          1.0000
    (191, 0)          1.0000
    (192, 0)          1.0000
    (193, 0)          1.0000
    (194, 0)          1.0000
    (195, 0)          1.0000
    (196, 0)          1.0000
    (197, 0)          1.0000
    (198, 0)          1.0000
    (199, 0)          1.0000
    (200, 0)          1.0000
    (201, 0)          1.0000
    (202, 0)          1.0000
    (203, 0)          1.0000
    (204, 0)          1.0000
    (205, 0)          1.0000
    (206, 0)          1.0000
    (207, 0)          1.0000
    (208, 0)          1.0000
    (209, 0)          1.0000
    (210, 0)          1.0000
    (211, 0)          1.0000
    (212, 0)          1.0000
    (213, 0)          1.0000
    (214, 0)          1.0000
    (215, 0)          1.0000
    (216, 0)          1.0000
    (217, 0)          1.0000
    (218, 0)          1.0000
    (219, 0)          1.0000
    (220, 0)          1.0000
    (221, 0)          1.0000
    (222, 0)          1.0000
    (223, 0)          1.0000
    (224, 0)          1.0000
    (225, 0)          1.0000
    (226, 0)          1.0000
    (227, 0)          1.0000
    (228, 0)          1.0000
    (229, 0)          1.0000
    (230, 0)          1.0000
    (231, 0)          1.0000
    (232, 0)          1.0000
    (233, 0)          1.0000
    (234, 0)          1.0000
    (235, 0)          1.0000
    (236, 0)          1.0000
    (237, 0)          1.0000
    (238, 0)          1.0000
    (239, 0)          1.0000
    (240, 0)          1.0000
    (241, 0)          1.0000
    (242, 0)          1.0000
    (243, 0)          1.0000
    (244, 0)          1.0000
    (245, 0)          1.0000
    (246, 0)          1.0000
    (247, 0)          1.0000
    (248, 0)          1.0000
    (249, 0)          1.0000
    (250, 0)          1.0000
    (251, 0)          1.0000
    (252, 0)          1.0000
    (253, 0)          1.0000
    (254, 0)          1.0000
    (255, 0)          1.0000
    (256, 0)          1.0000
    (257, 0)          1.0000
    (258, 0)          1.0000
    (259, 0)          1.0000
    (260, 0)          1.0000
    (261, 0)          1.0000
    (262, 0)          1.0000
    (263, 0)          1.0000
    (264, 0)          1.0000
    (265, 0)          1.0000
    (266, 0)          1.0000
    (267, 0)          1.0000
    (268, 0)          1.0000
    (269, 0)          1.0000
    (270, 0)          1.0000
    (271, 0)          1.0000
    (272, 0)          1.0000
    (273, 0)          1.0000
    (274, 0)          1.0000
    (275, 0)          1.0000
    (276, 0)          1.0000
    (277, 0)          1.0000
    (278, 0)          1.0000
    (279, 0)          1.0000
    (280, 0)          1.0000
    (281, 0)          1.0000
    (282, 0)          1.0000
    (283, 0)          1.0000
    (284, 0)          1.0000
    (285, 0)          1.0000
    (286, 0)          1.0000
    (287, 0)          1.0000
    (288, 0)          1.0000
    (289, 0)          1.0000
    (290, 0)          1.0000
    (291, 0)          1.0000
    (292, 0)          1.0000
    (293, 0)          1.0000
    (294, 0)          1.0000
    (295, 0)          1.0000
    (296, 0)          1.0000
    (297, 0)          1.0000
    (298, 0)          1.0000
    (299, 0)          1.0000
    (300, 0)          1.0000
    (301, 0)          1.0000
    (302, 0)          1.0000
    (303, 0)          1.0000
    (304, 0)          1.0000
    (305, 0)          1.0000
    (306, 0)          1.0000
    (307, 0)          1.0000
    (308, 0)          1.0000
    (309, 0)          1.0000
    (310, 0)          1.0000
    (311, 0)          1.0000
    (312, 0)          1.0000
    (313, 0)          1.0000
    (314, 0)          1.0000
    (315, 0)          1.0000
    (316, 0)          1.0000
    (317, 0)          1.0000
    (318, 0)          1.0000
    (319, 0)          1.0000
    (320, 0)          1.0000
    (321, 0)          1.0000
    (322, 0)          1.0000
    (323, 0)          1.0000
    (324, 0)          1.0000
    (325, 0)          1.0000
    (326, 0)          1.0000
    (327, 0)          1.0000
    (328, 0)          1.0000
    (329, 0)          1.0000
    (330, 0)          1.0000
    (331, 0)          1.0000
    (332, 0)          1.0000
    (333, 0)          1.0000
    (334, 0)          1.0000
    (335, 0)          1.0000
    (336, 0)          1.0000
    (337, 0)          1.0000
    (338, 0)          1.0000
    (339, 0)          1.0000
    (340, 0)          1.0000
    (341, 0)          1.0000
    (342, 0)          1.0000
    (343, 0)          1.0000
    (344, 0)          1.0000
    (345, 0)          1.0000
    (346, 0)          1.0000
    (347, 0)          1.0000
    (348, 0)          1.0000
    (349, 0)          1.0000
    (350, 0)          1.0000
    (351, 0)          1.0000
    (352, 0)          1.0000
    (353, 0)          1.0000
    (354, 0)          1.0000
    (355, 0)          1.0000
    (356, 0)          1.0000
    (357, 0)          1.0000
    (358, 0)          1.0000
    (359, 0)          1.0000
    (360, 0)          1.0000
    (361, 0)          1.0000
    (362, 0)          1.0000
    (363, 0)          1.0000
    (364, 0)          1.0000
    (365, 0)          1.0000
    (366, 0)          1.0000
    (367, 0)          1.0000
    (368, 0)          1.0000
    (369, 0)          1.0000
    (370, 0)          1.0000
    (371, 0)          1.0000
    (372, 0)          1.0000
      (0, 1)          1.0000
      (1, 1)          1.0000
      (2, 1)          1.0000
      (3, 1)          1.0000
      (4, 1)          1.0000
      (5, 1)          1.0000
      (6, 1)          1.0000
      (7, 1)          1.0000
      (8, 1)          1.0000
      (9, 1)          1.0000
     (10, 1)          1.0000
     (11, 1)          1.0000
     (12, 1)          1.0000
     (13, 1)          1.0000
     (14, 1)          1.0000
     (15, 1)          1.0000
     (16, 1)          1.0000
     (17, 1)          1.0000
     (18, 1)          1.0000
     (19, 1)          1.0000
     (20, 1)          1.0000
     (21, 1)          1.0000
     (22, 1)          1.0000
     (23, 1)          1.0000
     (24, 1)          1.0000
     (25, 1)          1.0000
     (26, 1)          1.0000
     (27, 1)          1.0000
     (28, 1)          1.0000
     (29, 1)          1.0000
     (30, 1)          1.0000
     (31, 1)          1.0000
     (32, 1)          1.0000
     (33, 1)          1.0000
     (34, 1)          1.0000
     (35, 1)          1.0000
     (36, 1)          1.0000
     (37, 1)          1.0000
     (38, 1)          1.0000
     (39, 1)          1.0000
     (40, 1)          1.0000
     (41, 1)          1.0000
     (42, 1)          1.0000
     (43, 1)          1.0000
     (44, 1)          1.0000
     (45, 1)          1.0000
     (46, 1)          1.0000
     (47, 1)          1.0000
     (48, 1)          1.0000
     (49, 1)          1.0000
     (50, 1)          1.0000
     (51, 1)          1.0000
     (52, 1)          1.0000
     (53, 1)          1.0000
     (54, 1)          1.0000
     (55, 1)          1.0000
     (56, 1)          1.0000
     (57, 1)          1.0000
     (58, 1)          1.0000
     (59, 1)          1.0000
     (60, 1)          1.0000
     (61, 1)          1.0000
     (62, 1)          1.0000
     (63, 1)          1.0000
     (64, 1)          1.0000
     (65, 1)          1.0000
     (66, 1)          1.0000
     (67, 1)          1.0000
     (68, 1)          1.0000
     (69, 1)          1.0000
     (70, 1)          1.0000
     (71, 1)          1.0000
     (72, 1)          1.0000
     (73, 1)          1.0000
     (74, 1)          1.0000
     (75, 1)          1.0000
     (76, 1)          1.0000
     (77, 1)          1.0000
     (78, 1)          1.0000
     (79, 1)          1.0000
     (80, 1)          1.0000
     (81, 1)          1.0000
     (82, 1)          1.0000
     (83, 1)          1.0000
     (84, 1)          1.0000
     (85, 1)          1.0000
     (86, 1)          1.0000
     (87, 1)          1.0000
     (88, 1)          1.0000
     (89, 1)          1.0000
     (90, 1)          1.0000
     (91, 1)          1.0000
     (93, 1)          1.0000
     (94, 1)          1.0000
     (95, 1)          1.0000
     (96, 1)          1.0000
     (97, 1)          1.0000
     (98, 1)          1.0000
     (99, 1)          1.0000
    (100, 1)          1.0000
    (101, 1)          1.0000
    (102, 1)          1.0000
    (103, 1)          1.0000
    (104, 1)          1.0000
    (105, 1)          1.0000
    (106, 1)          1.0000
    (107, 1)          1.0000
    (108, 1)          1.0000
    (109, 1)          1.0000
    (110, 1)          1.0000
    (111, 1)          1.0000
    (112, 1)          1.0000
    (113, 1)          1.0000
    (114, 1)          1.0000
    (115, 1)          1.0000
    (116, 1)          1.0000
    (117, 1)          1.0000
    (118, 1)          1.0000
    (119, 1)          1.0000
    (120, 1)          1.0000
    (121, 1)          1.0000
    (122, 1)          1.0000
    (123, 1)          1.0000
    (124, 1)          1.0000
    (125, 1)          1.0000
    (126, 1)          1.0000
    (127, 1)          1.0000
    (128, 1)          1.0000
    (129, 1)          1.0000
    (130, 1)          1.0000
    (131, 1)          1.0000
    (132, 1)          1.0000
    (133, 1)          1.0000
    (134, 1)          1.0000
    (135, 1)          1.0000
    (136, 1)          1.0000
    (137, 1)          1.0000
    (138, 1)          1.0000
    (139, 1)          1.0000
    (140, 1)          1.0000
    (141, 1)          1.0000
    (142, 1)          1.0000
    (143, 1)          1.0000
    (144, 1)          1.0000
    (145, 1)          1.0000
    (146, 1)          1.0000
    (147, 1)          1.0000
    (148, 1)          1.0000
    (149, 1)          1.0000
    (150, 1)          1.0000
    (151, 1)          1.0000
    (152, 1)          1.0000
    (153, 1)          1.0000
    (154, 1)          1.0000
    (155, 1)          1.0000
    (156, 1)          1.0000
    (157, 1)          1.0000
    (158, 1)          1.0000
    (159, 1)          1.0000
    (160, 1)          1.0000
    (161, 1)          1.0000
    (162, 1)          1.0000
    (163, 1)          1.0000
    (164, 1)          1.0000
    (165, 1)          1.0000
    (166, 1)          1.0000
    (167, 1)          1.0000
    (168, 1)          1.0000
    (169, 1)          1.0000
    (170, 1)          1.0000
    (171, 1)          1.0000
    (172, 1)          1.0000
    (173, 1)          1.0000
    (174, 1)          1.0000
    (175, 1)          1.0000
    (176, 1)          1.0000

